#Nodes	4000
#Edges	9434
1	2567
1	496
1	661
10	10
10	1080
10	11
10	1187
10	1373
10	154
10	1545
10	1783
10	1794
10	1971
10	2051
10	2096
10	2233
10	2701
10	2709
10	2963
10	3042
10	3125
10	3187
10	3261
10	3344
10	3359
10	349
10	3519
10	3560
10	366
10	3676
10	3691
10	37
10	3816
10	75
10	985
100	100
100	3186
1003	1003
1003	1327
1005	1005
1005	2253
1005	2767
1005	3114
1005	3276
1005	3304
1005	3779
1006	1006
1006	2476
1007	1869
1007	2376
1007	2399
1007	2544
1007	2683
1008	1389
101	101
1010	3721
1011	1011
1011	1886
1011	2303
1012	1472
1012	3585
1013	1440
1015	1015
1015	2209
1015	2223
1015	3007
1016	3244
1016	3497
1016	3814
1018	1018
1018	2570
1019	1019
1019	2871
1019	2930
1019	3041
1020	1020
1020	1467
1020	1935
1020	1979
1020	2079
1020	2574
1020	3397
1021	2102
1021	2328
1021	2364
1021	2369
1021	2415
1021	2499
1021	2726
1021	3024
1021	3066
1021	3093
1022	1022
1022	1267
1022	3044
1022	3109
1022	3158
1022	3696
1023	2022
1023	2520
1024	1142
1024	1670
1024	3250
1025	1025
1025	1705
1029	1029
1029	1123
1029	1149
1029	1504
1029	1740
1029	1860
1029	2657
1029	2998
1029	3512
103	103
103	1191
103	1221
103	2258
103	3765
103	587
103	773
1030	2038
1030	3454
1030	3583
1031	1590
1031	2364
1032	1032
1032	1556
1032	2400
1033	1033
1033	3166
1033	3213
1033	3484
1033	3654
1033	3784
1035	1035
1035	1511
1035	2266
1035	3217
1036	1084
1036	1856
1036	2249
1036	3028
1037	1984
1037	2149
1037	3591
1038	1765
1038	1805
1038	2116
1038	3086
1038	3348
1039	1039
1039	1587
1039	2374
1039	3589
1041	1041
1041	1841
1041	1890
1041	2113
1041	2690
1041	2977
1041	3070
1041	3231
1041	3270
1041	3419
1041	3519
1041	3774
1042	1482
1042	2682
1043	1043
1043	1740
1043	2998
1043	3130
1043	3821
1044	1044
1044	2845
1044	3595
1045	2271
1046	1046
1046	1248
1046	1486
1046	2292
1046	2925
1046	3024
1046	3322
1046	3842
1046	3870
1048	1048
1048	2604
1048	2942
1049	1049
1049	3732
105	1190
105	1468
105	2074
105	2298
105	3170
105	684
1051	1051
1051	1112
1051	1339
1051	1634
1051	1727
1051	1903
1051	2421
1051	2629
1051	3692
1051	3957
1052	3408
1053	1175
1053	1719
1053	1744
1054	1054
1054	1821
1054	3462
1055	2476
1056	1056
1057	1057
1057	1414
1057	1719
1057	1748
1057	2534
1057	3263
1057	3776
1059	1059
1059	1757
1059	2197
1059	2664
106	106
106	1079
106	1108
106	1150
106	1289
106	1390
106	1463
106	1893
106	1948
106	1980
106	2055
106	2580
106	2626
106	2710
106	2835
106	2874
106	2936
106	3070
106	3166
106	3257
106	3491
106	3542
106	3593
106	3602
106	3735
106	374
106	381
106	3984
106	845
106	917
1060	1060
1060	1184
1060	1625
1060	1868
1060	2344
1060	2948
1060	3501
1061	1328
1062	1427
1062	3671
1063	1262
1064	2437
1064	3114
1065	1065
1065	1432
1065	1800
1065	2206
1065	3155
1066	1066
1066	1276
1066	1875
1066	3132
1066	3143
1067	1067
1067	1913
1068	1068
1069	1069
1069	1240
1069	2488
1069	3037
1069	3406
1069	3812
107	1120
107	2931
107	369
107	483
1070	1070
1070	1458
1070	1543
1070	1727
1070	1940
1070	1992
1070	2369
1070	2449
1070	2718
1070	3600
1070	3750
1071	1071
1071	2453
1072	1072
1073	1647
1074	1074
1075	2171
1075	3533
1076	1076
1076	3377
1077	1077
1077	1291
1077	1809
1077	2034
1077	2399
1077	2433
1077	3014
1078	1078
1079	1079
1079	1489
1079	1490
1079	1808
1079	1866
1079	1948
1079	1952
1079	1955
1079	2051
1079	2235
1079	2611
1079	2616
1079	2660
1079	2739
1079	3735
108	108
108	1361
108	2204
108	2898
108	3218
108	3329
108	3469
108	3692
108	373
108	3741
108	3744
108	3808
108	3934
108	394
108	414
108	650
108	885
108	895
1080	1431
1080	2711
1080	2736
1080	2955
1080	2968
1080	3676
1082	1185
1082	1398
1082	1466
1082	3967
1083	1646
1083	2771
1083	3015
1083	3151
1083	3853
1084	1084
1084	2118
1085	1085
1085	1961
1085	2348
1085	2838
1085	3164
1085	3751
1086	1828
1087	1087
1087	1318
1088	3292
1089	2490
109	109
109	1547
109	1588
109	1757
109	2284
109	2378
109	2458
109	3218
1090	1112
1090	1271
1090	1486
1090	2312
1090	2429
1090	3066
1090	3371
1090	3501
1090	3517
1092	1092
1092	1525
1092	3736
1093	2858
1094	1107
1095	1095
1097	1123
1097	3242
1098	1635
1098	2700
1099	1099
1099	3037
11	11
11	1230
11	1334
11	1336
11	187
11	2028
11	2141
11	2233
11	2415
11	2530
11	2797
11	2963
11	3253
11	3255
11	3352
11	3396
11	3562
11	3571
11	3723
11	384
11	3847
11	3860
11	3936
11	488
11	758
11	802
11	837
11	864
11	985
110	110
110	498
1100	1244
1100	1248
1100	1912
1100	3177
1101	1101
1103	1103
1103	2613
1103	3995
1104	1104
1104	2900
1105	1105
1106	1521
1106	3224
1108	1368
1108	1680
1108	2019
1108	2559
1108	2886
1108	2892
111	111
1111	1562
1111	2531
1111	2591
1111	3844
1112	1112
1112	2034
1112	2309
1112	3136
1112	3616
1112	3657
1112	3692
1112	3811
1113	1190
1113	2486
1113	2620
1113	3156
1113	3279
1113	3819
1114	1232
1114	1554
1114	2821
1114	2973
1114	3583
1115	1115
1115	3195
1116	1398
1116	1858
1117	1117
1119	1119
112	1351
112	2434
112	2493
1120	3655
1121	1121
1121	1155
1121	1319
1121	1371
1121	1404
1121	1519
1121	1678
1121	1865
1121	2117
1121	2415
1121	2943
1121	3034
1121	3403
1123	1123
1123	1860
1123	3242
1123	3512
1124	1124
1124	1680
1124	1752
1124	1897
1124	2449
1124	2985
1124	3392
1124	3595
1126	1126
1126	1343
1126	1556
1126	2818
1127	1654
1127	1665
1127	2333
1127	2551
1127	3025
1127	3058
1128	1469
1128	3817
1130	2536
1133	3025
1134	1134
1134	1415
1134	2827
1136	2381
1137	2185
1138	1138
1138	2890
1138	3597
114	1121
114	114
114	1233
114	1361
114	1368
114	2434
114	3497
114	3748
1141	1431
1142	1142
1142	1801
1142	2452
1142	2638
1142	3249
1142	3250
1143	1143
1143	1785
1143	1948
1143	2363
1143	2498
1143	2646
1143	2772
1143	3257
1143	3468
1143	3644
1143	3946
1144	1144
1144	1413
1144	1956
1144	2776
1144	2913
1144	3697
1145	2974
1148	1148
1148	1341
1148	1468
1148	1732
1148	1814
1148	1924
1148	2057
1148	2298
1148	2311
1148	2970
1149	1500
1149	2275
1149	2592
1149	2657
1149	3512
115	115
115	1331
115	1689
115	2321
115	450
115	726
115	820
1150	1150
1150	1483
1150	1680
1150	1868
1150	2051
1150	2330
1150	2507
1150	2580
1150	2755
1150	2932
1150	2985
1150	3353
1150	3387
1150	3529
1151	1151
1151	1215
1151	2375
1151	3029
1152	2925
1154	1904
1155	1155
1155	1371
1155	1519
1155	1610
1155	1761
1155	2020
1155	2123
1155	2340
1155	2695
1155	3034
1155	3247
1155	3403
1155	3744
1155	3748
1155	3753
1159	1159
1159	2831
116	116
116	1206
116	2639
116	2651
1161	1161
1161	2396
1161	3851
1162	1162
1162	2439
1162	3707
1163	1163
1163	1819
1163	2514
1163	2597
1163	2809
1163	3624
1164	2778
1165	1165
1165	1203
1166	3207
1167	1167
1167	1174
1167	1302
1167	2134
1167	2380
1167	2642
1167	2745
117	2951
1170	1170
1171	1171
1171	1184
1171	1401
1171	1893
1171	3276
1171	3779
1172	1172
1172	1712
1172	2863
1175	1689
1175	3451
1175	3624
1176	1176
1176	1959
1177	1177
1177	1838
1177	3366
1177	3612
1178	2257
1178	2273
1178	2734
1178	3024
1178	3483
1178	3884
1179	3140
118	118
118	1265
1181	1278
1181	1280
1181	1874
1181	2977
1181	3500
1181	3903
1182	1182
1182	2077
1182	2648
1184	1184
1184	1430
1184	1832
1184	2104
1184	2170
1184	2217
1184	2253
1184	2514
1184	3372
1184	3390
1184	3661
1185	2730
1185	3404
1187	1187
1187	1269
1187	1662
1187	2701
1187	3877
1188	1188
1188	3994
1189	1189
1189	1534
1189	1566
1189	1680
1189	2150
1189	2364
1189	2449
1189	2454
1189	2530
1189	3301
1189	3477
1190	1190
1190	1240
1190	1338
1190	1341
1190	1468
1190	1654
1190	1773
1190	1814
1190	1924
1190	2074
1190	2298
1190	2301
1190	2302
1190	2311
1190	2798
1190	2970
1190	3279
1190	3423
1190	3852
1190	3899
1191	1191
1191	1198
1191	1935
1191	1979
1191	2079
1191	2258
1191	2574
1191	2593
1191	2740
1191	2938
1191	3380
1192	1192
1193	2921
1194	1194
1194	1261
1194	1514
1194	1956
1194	2310
1194	2806
1195	2100
1196	1369
1196	2510
1196	3869
1198	1765
1198	1805
1198	1935
1198	2268
1198	2900
1198	3798
1199	1199
1199	1931
1199	2144
1199	3095
12	12
12	1370
12	1412
12	1628
12	1999
12	2088
12	2493
12	2578
12	2911
12	298
12	3065
12	3391
12	513
12	766
12	952
120	120
120	1482
120	3561
1201	1482
1201	3101
1202	1202
1202	3879
1203	1450
1203	1519
1203	3709
1204	1204
1204	1554
1204	2325
1204	2749
1204	2821
1204	2973
1204	3006
1204	3938
1205	1205
1205	1231
1205	1729
1205	1809
1205	3588
1206	2639
1206	2651
1207	1207
1207	1233
1207	2373
1207	2590
1207	3451
1207	3497
1207	3600
1207	3602
1208	2518
121	121
121	393
1210	1210
1210	1274
1210	2077
1211	1480
1211	3980
1212	1212
1212	2640
1212	2708
1212	3762
1214	3646
1214	3962
1217	1217
1217	1363
1217	1656
1217	1765
1217	1935
1217	3345
1217	3380
1217	3891
1217	3940
1218	1218
1219	1219
122	1059
122	122
122	1232
122	1591
122	1803
122	1833
122	1919
122	237
122	3763
1220	2034
1221	1221
1221	1371
1221	2938
1221	3753
1223	1223
1223	2049
1223	3644
1223	3654
1225	1225
1225	2192
1226	1226
1226	2736
1226	3915
1229	1229
1229	1821
123	1072
123	123
123	3842
123	913
1230	1578
1230	1811
1230	2028
1231	1231
1231	1809
1232	1232
1232	1591
1232	1803
1232	1931
1232	3904
1233	1361
1233	3875
1234	1658
1235	3450
1235	3879
1236	3174
1236	3650
1237	1237
1238	1238
1239	1239
1239	1281
1239	1546
1239	1795
1239	2258
1239	2635
1239	3214
1239	3825
124	124
124	1577
124	173
124	1731
124	2029
124	2173
124	2229
124	2262
124	2305
124	2425
124	2515
124	2529
124	294
124	3470
124	3532
124	3667
124	3696
124	3928
124	713
1240	1240
1240	1468
1240	2074
1240	2298
1240	2697
1241	1686
1241	1851
1242	1242
1242	1848
1242	2161
1243	1243
1243	3931
1244	1244
1244	1912
1244	3433
1245	1245
1245	1455
1246	1246
1246	2229
1246	2262
1246	2853
1246	2953
1246	3715
1247	2668
1248	1248
1248	1486
1248	2016
1248	2292
1248	3870
1249	1249
1249	1798
125	125
125	1278
125	1606
125	1848
125	1926
125	2391
125	3226
125	3438
125	3574
125	593
125	745
1250	1785
1250	3644
1251	1251
1251	1783
1252	2813
1253	1369
1254	1622
1254	3451
1256	1256
1256	2178
1256	2229
1256	2529
1256	2903
1256	2997
1256	3152
1256	3285
1256	3735
1256	3775
1257	1375
1258	3412
126	392
1260	1260
1261	1261
1261	2798
1262	1262
1262	2498
1263	1263
1263	1969
1263	2026
1264	1264
1264	2328
1264	2927
1264	3660
1267	1489
1268	1325
1269	1269
127	127
127	2776
127	605
1271	1271
1271	1893
1271	2668
1271	3517
1271	3872
1272	2238
1272	3170
1274	1274
1274	1500
1274	2150
1274	3389
1274	3947
1276	1392
1276	2646
1276	3132
1276	3792
1277	2413
1277	2560
1277	2895
1278	1280
1278	1470
1278	1490
1278	2774
1280	1779
1280	2152
1281	2635
1281	3686
1282	2468
1283	1770
1283	3179
1283	3715
1284	1284
1284	2093
1284	2568
1284	2830
1285	1285
1286	1286
1286	2373
1287	1287
1289	1289
1289	1304
1289	1411
1289	2055
1289	3542
1289	3593
1290	1290
1290	2565
1290	2677
1291	1291
1291	1589
1291	1639
1291	2604
1291	2911
1291	3002
1291	3218
1291	3776
1292	1292
1292	2013
1292	3918
1293	1356
1295	3398
1296	1296
1296	2365
1296	2423
1297	1872
1297	3471
1298	1298
1298	1600
1298	3685
13	13
13	1936
13	1999
13	2393
130	1021
130	1244
130	130
130	1574
130	2044
130	2449
130	2559
130	2961
130	3016
130	3353
130	3495
130	3728
130	384
130	552
130	707
130	746
130	768
1301	1301
1304	3542
1304	3642
1305	1341
1305	1888
1305	2185
1305	2280
1305	2538
1305	3121
1305	3228
1305	3974
1306	1770
1306	1974
1306	2327
1306	2777
1306	2803
1306	2984
1306	3418
1306	3564
1306	3620
1306	3889
1307	1950
1307	3103
1307	3244
1308	1308
1308	2620
1308	3061
131	1118
131	131
131	1505
131	2114
131	3442
131	345
131	3528
131	366
131	458
1310	1310
1310	1554
1310	1893
1310	2105
1310	2767
1310	2921
1310	3067
1310	3828
1310	3854
1311	3993
1312	1312
1312	2011
1313	1313
1314	1662
1314	3872
1315	3985
1317	1317
1317	2258
1317	3241
1319	1319
1319	2045
1319	2250
1319	2415
1319	3299
1319	3677
1320	1320
1322	2690
1323	1323
1324	2072
1325	1325
1325	1379
1325	2189
1325	2882
1325	3222
1326	1504
1326	1860
1326	2617
1327	2274
1327	3066
1328	1328
133	1007
133	1016
133	1048
133	1181
133	133
133	1353
133	1569
133	1809
133	1872
133	1943
133	2534
133	2604
133	267
133	2765
133	3004
133	3604
133	3752
133	3795
133	3815
133	3854
133	3976
133	404
133	523
133	625
133	685
133	833
1332	1332
1333	1333
1333	1712
1333	1893
1333	2259
1333	2486
1333	3955
1334	3253
1335	2039
1335	2392
1335	2642
1335	2904
1335	2999
1338	1773
1338	2057
1339	1339
1339	1727
1339	2364
1339	3692
134	134
134	3714
1341	1468
1341	1686
1341	1742
1341	1924
1341	2057
1341	2623
1341	3015
1341	3151
1341	3680
1341	3860
1343	1343
1343	1412
1343	1441
1343	1585
1343	2831
1343	3713
1343	3726
1344	1344
1344	2363
1344	2521
1344	3257
1345	1345
1346	1634
1346	1879
1346	1880
1346	2004
1346	2410
1346	2430
1346	2921
1346	3456
1346	3852
1346	3965
1347	2449
1347	2820
1347	2856
1348	1558
1348	2593
1348	3891
135	135
135	1944
135	3005
135	3927
1351	1351
1351	1628
1351	2346
1351	2493
1351	3691
1351	3805
1353	1353
1354	1745
1354	1996
1354	2979
1355	1355
1355	2064
1355	2108
1355	2560
1355	2895
1355	3504
1358	1358
1358	1952
1358	2416
1358	2866
1359	1535
1359	1566
1359	2269
1359	3625
1360	1360
1360	1553
1360	2029
1360	2112
1360	2210
1360	2623
1360	3638
1361	1361
1361	1734
1361	1889
1361	3131
1361	3226
1361	3396
1361	3496
1361	3566
1361	3805
1361	3875
1363	3345
1363	3380
1365	1365
1365	1388
1365	1399
1365	1825
1365	2145
1365	2235
1365	3212
1365	3558
1366	1366
1366	3557
1367	2239
1368	1368
1368	1561
1368	2892
1369	1369
1369	1398
1369	2647
1369	3378
1369	3566
1369	3634
137	137
137	1685
137	821
1370	1370
1370	1867
1370	1889
1370	3805
1371	1519
1371	1610
1371	3034
1371	3335
1372	1372
1372	1883
1373	2047
1373	2624
1374	1876
1374	3533
1375	3459
1376	1376
1376	3159
1377	1377
1377	2729
1379	1594
1379	1746
1379	3918
1380	1380
1380	1896
1380	2847
1380	3398
1382	1382
1382	1836
1384	1384
1384	2148
1385	1385
1385	1683
1386	1386
1386	1935
1386	2318
1386	3105
1386	3256
1386	3613
1386	3679
1388	3282
1389	2772
1389	3462
139	2843
1390	1390
1390	2244
1390	2337
1390	2543
1390	2810
1390	3593
1390	3984
1391	1391
1394	1394
1394	1646
1394	1650
1394	1690
1394	2354
1395	1395
1396	1396
1396	2148
1397	1397
1397	1500
1397	1601
1397	1996
1397	2799
1397	3458
1397	3688
1397	3974
1398	1466
1398	1879
1398	1880
1398	2584
1398	3134
1398	3692
1399	1399
14	2090
14	2093
14	2787
140	1136
140	1191
140	140
140	1624
140	180
140	191
140	2015
140	2130
140	3051
1400	1400
1400	1752
1400	3739
1401	2871
1401	2893
1401	3257
1404	1404
1404	2117
1406	1406
1406	2229
1406	2268
1406	2959
1406	3696
1406	3928
1409	1409
1409	3400
141	141
1410	1496
1410	2138
1410	2427
1410	2681
1410	3269
1410	3371
1411	1411
1411	3923
1412	1968
1412	2026
1412	2578
1412	3065
1412	3350
1412	3527
1414	1569
1414	2047
1414	2071
1414	2550
1414	2734
1414	3022
1415	1415
1415	2827
1415	3814
1415	3941
1418	1418
1418	1579
1418	1772
1418	2917
1419	1419
1419	1484
1419	1797
1419	2314
1419	3106
1419	3133
142	142
142	1991
142	212
142	3241
142	365
142	3760
142	402
142	611
142	694
142	773
142	815
1421	1421
1421	2273
1422	1422
1422	1796
1422	2594
1422	3156
1423	1423
1423	2657
1424	1424
1424	1754
1425	1804
1425	2547
1425	2897
1425	3043
1426	1426
1426	2224
1426	2851
1426	3844
1427	1427
1427	3671
1428	2036
1428	3234
1429	1429
143	198
143	2700
1430	1430
1430	1454
1430	1471
1430	2358
1430	2514
1430	3511
1430	3624
1430	3661
1431	1431
1431	1886
1431	1953
1431	2026
1431	3802
1432	1800
1434	1503
1434	3384
1435	1435
1436	3326
1438	1596
1438	2415
1438	2422
144	1365
144	1712
144	1808
144	1850
144	2372
144	2616
144	2963
144	3063
144	3288
144	3352
144	3469
144	3936
144	758
1441	1565
1441	1585
1441	3480
1441	3712
1442	2960
1444	1444
1444	1549
1444	1791
1444	1887
1444	1908
1444	2004
1444	2204
1444	2242
1444	2531
1444	3360
1444	3602
1444	3929
1445	2110
1445	2935
1445	3270
1445	3680
1445	3853
1447	3408
1447	3902
1449	1769
145	1198
145	1214
145	1741
145	1935
145	2258
145	3305
145	3962
145	772
145	773
1450	2084
1451	1451
1451	3499
1452	2666
1452	3916
1455	1888
1455	3121
1457	1457
1457	1833
1457	1913
1457	3070
1457	3403
1457	3491
1457	3647
1458	1458
1458	1940
1459	1655
146	146
146	2763
146	3635
146	849
1462	1583
1462	2540
1462	3140
1462	3559
1463	1463
1463	1680
1463	1980
1463	2411
1463	2626
1463	2783
1463	3206
1463	3606
1463	3923
1464	1464
1464	1938
1464	2573
1465	1465
1466	1466
1466	2227
1466	2424
1466	2969
1467	1467
1468	1468
1468	1773
1468	1814
1468	1924
1468	2074
1468	2122
1468	2298
1468	2632
1468	2970
1468	3466
1468	3899
1468	3970
1469	1469
1469	2424
147	1217
147	1348
147	147
147	152
147	1610
147	1765
147	1833
147	1935
147	2258
147	2593
147	2793
147	3241
147	3305
147	3646
147	3798
147	535
147	773
1470	1470
1470	1490
1470	1497
1470	2776
1471	3511
1472	1472
1472	3068
1472	3370
1472	3443
1472	3585
1474	1474
1476	1476
1476	1882
1476	2557
1476	3357
1477	1477
1477	1637
1477	1967
1477	2518
1477	2913
1477	3020
1478	1478
1478	2127
1478	3032
1479	1479
1480	1480
1482	1482
1482	1535
1482	1667
1482	1796
1482	2266
1482	2890
1482	3217
1482	3561
1482	3921
1483	1483
1483	2685
1483	2755
1483	3971
1484	1484
1484	2186
1484	2374
1484	3178
1484	3589
1484	3875
1486	1486
1486	1727
1486	1767
1486	2848
1486	3031
1486	3508
1486	3660
1486	3870
1489	1680
1489	1796
1489	1879
1489	1923
1489	2051
1489	2363
1489	2369
1489	2449
1489	2591
1489	3257
1490	1490
1490	1494
1490	1497
1490	2482
1490	2776
1490	3061
1490	3533
1490	3880
1491	1491
1491	2358
1491	3661
1492	3600
1493	1493
1493	2870
1494	1785
1494	2361
1494	2971
1494	3130
1494	3533
1496	1496
1496	1524
1496	1910
1496	2041
1496	2138
1496	2328
1496	2679
1496	2681
1497	1497
1497	1667
1497	2115
1497	2482
1497	2768
1497	3309
1497	3701
1498	1498
1498	2923
15	2110
15	3270
15	960
1500	1500
1500	2189
1500	3389
1500	3947
1501	1508
1502	1502
1503	2912
1504	1860
1504	1878
1506	1506
1507	1507
1507	3454
1509	3497
151	151
151	167
151	2388
151	2415
151	2771
151	3023
151	3252
151	332
151	3805
1510	1510
1510	3783
1510	3930
1511	1511
1511	1946
1511	2266
1511	3217
1512	3896
1513	1513
1513	2537
1514	2806
1514	3697
1516	1516
1516	3605
1517	2798
1519	1519
1519	1630
1519	1678
1519	2020
1519	2123
1519	2260
1519	2262
1519	2415
1519	2422
1519	2636
1519	3126
1519	3394
1519	3494
1519	3628
1519	3748
1519	3814
1519	3885
1519	3981
152	1522
152	2258
152	2593
152	3351
152	3646
152	747
152	773
1520	1520
1521	1521
1521	3224
1521	3674
1521	3689
1522	1522
1522	1603
1522	1610
1522	1724
1522	1807
1522	1815
1522	1829
1522	1886
1522	1977
1522	2381
1522	2676
1522	2688
1522	3097
1522	3305
1522	3920
1523	2540
1525	1525
1525	1959
1526	3562
1528	2739
153	1423
1530	1657
1530	2995
1531	1531
1531	1906
1531	1935
1531	2731
1531	3192
1532	2228
1533	1533
1533	1621
1533	3523
1534	1534
1534	2835
1535	3921
1536	1536
1536	1679
1537	2438
1537	2515
1539	1539
154	1373
154	1483
154	154
154	220
154	3560
154	3745
154	3794
1540	1540
1540	1578
1540	1808
1540	2081
1540	2467
1540	2579
1540	2726
1540	2887
1540	3125
1540	3613
1540	3814
1540	3816
1540	3941
1541	2345
1541	2486
1541	3240
1541	3500
1541	3695
1543	1543
1543	1596
1543	1646
1543	2003
1543	2449
1543	3768
1543	3774
1543	3835
1545	3306
1545	3329
1546	1546
1547	1547
1547	1588
1547	1709
1547	1757
1547	1780
1547	2458
1547	2664
1548	1548
1548	2744
1548	3139
1548	3581
155	1067
155	1298
155	1390
155	155
155	1600
155	2419
155	2576
155	266
155	2886
155	2982
155	3857
155	3860
155	3870
155	436
155	807
155	993
1550	3404
1551	2164
1551	2349
1551	3762
1552	1552
1552	3630
1554	1795
1554	1893
1554	2105
1554	2325
1554	2358
1554	2445
1554	2522
1554	2749
1554	2821
1554	3243
1554	3276
1554	3938
1556	2400
1557	1557
1558	3086
1558	3750
1558	3891
156	1190
156	1338
156	1364
156	156
156	1608
156	2298
156	296
1560	1560
1561	1628
1562	1562
1562	1659
1562	1689
1562	2087
1562	2119
1562	2218
1562	2531
1562	2961
1562	3844
1562	3953
1564	1564
1564	3894
1565	1565
1565	1585
1565	1775
1566	1566
1566	3986
1567	2568
1568	3444
1569	1569
1569	1872
1569	2071
1569	2759
1569	3604
1569	3868
1569	3976
157	1360
157	204
157	604
1570	1879
1570	3925
1571	1571
1571	1886
1571	2424
1571	2683
1571	2810
1571	2995
1571	3034
1571	3385
1571	3496
1572	1572
1572	2405
1573	2654
1574	1574
1575	1743
1575	3894
1576	1576
1576	2227
1576	2847
1576	3451
1577	1719
1577	1842
1577	2202
1577	2229
1577	3023
1578	2028
1578	2579
1578	2877
1578	3865
1578	3923
1579	1579
1579	1772
1579	2092
1579	2519
1579	2917
1579	3607
1579	3702
1579	3716
158	158
158	2896
158	3236
158	444
158	849
158	951
1581	3865
1583	2216
1583	2736
1585	1585
1585	1759
1586	1586
1586	3966
1587	3589
1588	1588
1588	1709
1588	1757
1588	2015
1588	2198
1588	2378
1588	2458
1588	2859
1588	3101
1588	3644
1589	1589
1589	1639
1589	2138
1589	2160
1589	2402
1589	2619
1589	2715
1589	3114
1589	3243
159	1365
159	159
159	2279
159	3907
159	651
159	812
1590	1893
1590	2028
1590	2449
1590	2580
1590	2743
1590	3177
1590	3213
1590	3622
1590	3728
1590	3792
1590	3865
1591	1803
1591	1919
1591	2486
1591	3763
1592	1592
1592	2203
1592	2583
1592	2701
1592	3268
1592	3571
1592	3723
1592	3805
1596	1596
1596	2303
1596	3034
1596	3768
1597	1597
1598	1598
1599	1834
1599	2729
16	1145
16	16
16	1622
16	164
16	1879
16	2052
16	2974
16	3061
16	3095
16	3967
16	446
16	758
16	868
160	2169
160	2259
160	2406
160	2706
160	506
160	564
1600	1600
1600	1724
1600	3685
1600	3920
1602	1602
1603	1603
1603	1886
1603	1977
1603	3484
1604	3378
1606	1606
1606	1913
1606	3109
1606	3565
1606	3696
1608	1608
1608	3697
1609	2528
161	161
161	351
1610	1610
1610	1705
1610	1805
1610	2340
1610	2688
1610	3157
1610	3294
1610	3322
1610	3335
1611	1611
1612	1612
1612	2834
1612	3122
1613	1613
1613	1697
1614	1797
1614	2042
1614	2369
1616	3237
1616	3441
1616	3753
1618	2486
1618	3787
162	1005
162	1085
162	1554
162	162
162	1961
162	2485
162	3304
162	3832
162	419
162	856
1620	2456
1621	1621
1621	3523
1622	1622
1622	1728
1622	1933
1622	2373
1622	2454
1622	2559
1622	3451
1622	3496
1622	3602
1622	3709
1622	3729
1622	3896
1623	1623
1625	1998
1625	2822
1625	3445
1625	3571
1626	1931
1626	2084
1628	1992
1628	2100
1628	2154
1628	2493
1628	2513
163	1776
1630	3318
1630	3353
1633	1633
1633	3001
1634	1903
1634	2018
1634	2407
1634	2921
1634	3692
1634	3965
1635	1635
1635	2632
1636	1636
1636	1916
1636	2492
1637	1637
1637	1967
1637	2768
1637	2913
1637	3333
1639	2904
1639	2999
1639	3548
164	1051
164	1085
164	1500
164	164
164	1757
164	1772
164	1975
164	2092
164	2171
164	2189
164	2348
164	2540
164	2732
164	3166
164	3389
164	3582
164	3668
164	502
164	792
164	836
164	934
1640	2716
1641	1641
1641	2507
1641	3540
1642	2422
1642	2688
1643	1643
1643	1700
1644	1644
1646	2562
1646	2972
1646	3680
1646	3853
1649	1649
1649	1917
1649	2648
1649	3130
165	1580
165	1821
1650	2354
1651	3025
1651	3267
1651	3493
1652	1652
1652	2559
1654	1654
1654	1665
1654	2302
1654	3025
1654	3423
1654	3504
1655	1655
1655	2564
1655	2677
1655	3343
1657	2601
1658	1658
1658	2660
1659	1659
1659	2961
166	1624
166	166
166	2043
166	2381
166	321
166	3307
166	3821
166	761
1660	1660
1661	1661
1661	3561
1661	3668
1662	3872
1664	2092
1664	3530
1664	3932
1665	1665
1665	2763
1665	2898
1665	3025
1665	3058
1665	3178
1665	3218
1665	3317
1665	3635
1665	3647
1665	3878
1666	1666
1666	1755
1666	2108
1666	2739
1666	3042
1666	3388
1666	3406
1666	3428
1667	1667
1668	1668
167	167
167	1689
167	1842
167	1893
167	2202
167	2388
167	2391
167	2504
167	3023
167	3125
167	3252
167	332
167	3486
167	3854
167	3881
167	997
1670	1670
1670	1801
1670	1839
1670	1979
1670	2144
1670	2511
1670	2747
1670	2887
1670	2956
1670	3249
1670	3250
1672	3563
1673	2422
1673	3102
1673	3307
1674	1674
1676	2486
1678	1678
1678	1886
1678	2381
1678	2415
1678	2688
1678	3126
1678	3232
1678	3437
1678	3885
1679	1679
1679	2945
1679	3842
1679	3988
1680	1680
1680	1727
1680	2141
1680	2150
1680	2330
1680	2372
1680	2415
1680	2449
1680	2530
1680	2755
1680	2985
1680	2996
1680	3367
1680	3392
1680	3477
1680	3497
1681	1985
1685	1685
1685	2628
1685	3855
1685	3893
1686	1686
1686	1742
1686	1851
1686	2062
1686	2113
1686	2497
1686	2965
1686	3296
1686	3519
1689	1689
1689	2871
1689	3392
1689	3788
169	1270
169	1271
169	1540
169	169
169	1931
169	2726
169	3613
169	3792
1691	2927
1692	1947
1693	1693
1693	2544
1693	2595
1693	3014
1694	2242
1694	2704
1695	1695
1695	3061
1698	2790
17	2401
17	722
170	1070
170	2157
170	226
1700	1700
1701	1701
1701	3502
1703	2403
1704	3476
1704	3878
1706	1706
1706	2782
1707	3314
1708	1708
1709	1709
1709	1757
1709	2458
171	1007
171	1484
171	1545
171	1560
171	1662
171	171
171	2023
171	2173
171	2229
171	2425
171	2439
171	2595
171	280
171	2853
171	2981
171	3024
171	3306
171	3386
171	3462
171	3532
171	3793
171	3975
171	712
171	774
171	874
171	983
1712	2554
1712	3404
1713	1713
1713	3439
1714	1714
1715	1715
1715	3248
1715	3827
1716	1716
1716	2884
1717	1991
1718	1718
1718	2654
1719	1719
1719	1748
1719	2019
1719	2373
1719	2665
1719	3263
1719	3602
1719	3941
172	1469
172	172
172	1802
172	2144
172	2300
172	2924
172	578
172	607
172	746
172	820
1720	1720
1723	1723
1723	2842
1723	2981
1723	3084
1724	1886
1724	2676
1724	2812
1724	2990
1724	3294
1724	3920
1725	1916
1726	1726
1726	2900
1727	1727
1727	2364
1729	1729
1729	1809
1729	3776
173	1054
173	173
173	2509
173	3961
173	436
173	491
173	756
173	866
173	991
1730	1730
1731	2029
1732	3835
1734	1734
1734	2337
1734	2415
1734	3704
1734	3881
1736	3234
1737	1737
174	174
174	2375
1740	2998
1742	1742
1742	1788
1742	2057
1742	2062
1742	2122
1742	2327
1742	2632
1742	2659
1742	2970
1742	3064
1742	3270
1742	3460
1742	3519
1742	3980
1743	1743
1743	2183
1743	2656
1743	3894
1744	1744
1744	1980
1744	2540
1744	2634
1744	2755
1744	2835
1744	3824
1744	3923
1745	2184
1746	2808
1746	2829
1746	2882
1746	3172
1746	3222
1747	1747
1747	2060
1747	2729
1747	3214
1747	3887
1750	3378
1751	1751
1752	1752
1752	2449
1754	1754
1754	2369
1754	3302
1755	1755
1755	2108
1755	3504
1757	1757
1757	2015
1757	2221
1757	2458
1757	2664
1757	2859
1757	3101
1759	1759
1759	3856
176	3646
176	3962
1760	1760
1760	3054
1761	1761
1761	1807
1761	2422
1761	2824
1762	1762
1762	1906
1762	2537
1763	1763
1764	3033
1764	3245
1765	1765
1765	1805
1765	1935
1765	3110
1765	3241
1765	3271
1765	3380
1766	3205
1767	1902
1767	3610
1769	3772
1770	2173
1771	2262
1771	3437
1772	1772
1772	2092
1773	1924
1773	2298
1774	3516
1775	1775
1776	1776
1776	2898
1777	1777
1777	2739
1777	3064
178	1759
178	178
178	3856
1780	1780
1780	2695
1780	2736
1780	3101
1780	3446
1781	1781
1781	3505
1783	1783
1783	1794
1783	2139
1785	1785
1785	2007
1785	2245
1785	3457
1785	3644
1786	1786
1788	1788
1788	2370
1788	3519
179	1053
179	1189
179	1248
179	1257
179	1344
179	1586
179	179
179	1867
179	188
179	1895
179	2054
179	2085
179	2141
179	2150
179	2235
179	2328
179	2330
179	2363
179	2449
179	2493
179	2530
179	2559
179	2743
179	2755
179	2778
179	2846
179	2866
179	2886
179	3085
179	313
179	3166
179	3175
179	3213
179	3257
179	328
179	3301
179	3477
179	356
179	3609
179	3656
179	3723
179	3805
179	381
179	3813
179	384
179	3865
179	3870
179	488
179	501
179	620
179	665
179	767
179	859
179	917
1790	2365
1791	1791
1791	3066
1791	3602
1791	3953
1793	1793
1793	2133
1793	3416
1793	3818
1793	3973
1795	1795
1795	1856
1795	2445
1795	2753
1795	3890
1796	1796
1796	2701
1797	2042
1797	2205
1797	2711
1797	2736
1799	2985
18	18
18	2373
18	3602
18	543
18	771
180	1723
180	2015
180	2130
180	2842
1800	2206
1800	3155
1801	1801
1801	2127
1801	3249
1801	3590
1801	3816
1801	3882
1802	3598
1803	1803
1803	2435
1803	2486
1803	3904
1804	3144
1805	3086
1805	3891
1806	3033
1806	3985
1807	1807
1807	2020
1808	1808
1808	1866
1808	1952
1808	2548
1808	2626
1808	2835
1808	3212
1808	3229
1808	3874
1808	3946
1809	1809
1809	1872
1809	2034
1809	2534
1809	2611
1809	3776
1809	3914
181	1310
181	2767
181	3828
181	649
181	701
1810	1810
1810	1875
1810	3534
1810	3878
1812	1812
1812	3611
1814	2311
1814	2403
1814	3899
1815	1843
1815	1886
1815	1977
1815	2234
1815	2381
1815	2688
1816	1816
1816	2427
1816	3141
1817	1817
1819	2597
182	1634
182	182
182	1995
182	2407
182	269
182	3110
182	955
1821	2510
1822	3770
1824	1824
1824	3396
1824	3775
1825	1825
1825	3542
1827	1827
1827	1921
1827	1956
1827	2356
1827	2857
1827	2860
1828	3597
1829	2931
183	3028
1831	1831
1831	2595
1831	2784
1833	1833
1833	2718
1833	2793
1833	3515
1833	3647
1833	3750
1833	3754
1836	2500
1836	3802
1838	1838
1838	1853
1839	1839
1839	1931
1839	3860
184	1704
184	1796
184	184
184	3476
184	3504
184	3878
184	550
184	997
1840	1840
1842	1842
1842	2202
1843	1843
1843	1930
1843	2045
1843	2250
1843	3629
1843	3685
1843	3954
1844	2445
1844	3282
1846	2428
1846	3048
1847	1847
1851	1851
1851	2289
1852	2361
1852	3130
1852	3615
1852	3648
1853	1853
1854	1854
1855	2564
1855	2781
1855	3501
1856	1856
1856	2445
1856	3890
1859	1859
186	186
1860	1860
1860	2617
1860	3512
1862	1862
1862	1893
1862	2443
1862	2472
1863	1863
1865	1865
1865	3459
1866	1952
1868	1868
1868	2419
1869	2376
187	187
187	3562
1871	2092
1871	2453
1871	2852
1871	3284
1871	3582
1872	3604
1873	1979
1873	2079
1874	2424
1874	2977
1874	3118
1874	3385
1875	1875
1875	1933
1875	2282
1875	3561
1876	1876
1877	1877
1877	3491
1878	1878
1879	1879
1879	1880
1879	2217
1879	2353
1879	2410
1879	2430
1879	2584
1879	3061
1879	3131
188	188
188	2517
188	3085
1880	1880
1880	1928
1880	2113
1880	2776
1880	3054
1880	3061
1880	3278
1880	3327
1880	3941
1881	1881
1881	2946
1881	3471
1881	3558
1881	3696
1881	3889
1886	1935
1886	1977
1886	2116
1886	2381
1886	2688
1886	2717
1886	3051
1886	3086
1886	3097
1886	3183
1886	3214
1886	3307
1886	3350
1886	3354
1886	3469
1886	3484
1886	3648
1886	3707
1886	3920
1886	3954
1887	1887
1887	2242
1888	1888
1888	2475
1890	2113
1890	2410
1890	2806
1890	3371
1890	3377
1890	3499
1891	2366
1891	2465
1893	1893
1893	1951
1893	2019
1893	2105
1893	2353
1893	2486
1893	2530
1893	2554
1893	2622
1893	2838
1893	2921
1893	3276
1893	3728
1893	3854
1893	3955
1895	3664
1898	1898
1898	2866
1898	3098
1898	3356
19	1777
19	19
19	2435
19	2535
19	2585
19	2602
19	2739
19	3064
19	3513
19	866
190	190
190	269
190	3110
190	955
1900	1900
1900	3243
1900	3727
1901	1901
1901	1971
1901	2414
1901	3208
1901	3532
1902	2152
1903	2018
1903	2364
1903	3222
1903	3737
1905	2272
1905	3910
1907	2658
1908	2004
191	1097
191	1476
191	1494
191	1649
191	1852
191	191
191	2361
191	2483
191	2648
191	280
191	2998
191	3130
191	3357
191	3615
191	3648
191	739
1910	2575
1913	2795
1913	3378
1913	3565
1914	2726
1914	2866
1914	3175
1914	3451
1914	3496
1915	2745
1917	2648
1917	3130
1917	3615
1917	3648
1917	3796
1918	2113
1918	2558
1919	1919
1919	3734
192	371
1921	1921
1921	2857
1924	1924
1924	2298
1924	2311
1924	2970
1926	3020
1926	3320
1929	1929
1929	3791
193	1421
193	193
193	2177
193	242
193	299
193	3484
193	531
1930	3587
1931	1931
1931	2714
1931	3039
1931	3613
1933	2282
1934	2520
1934	3051
1934	3259
1934	3342
1935	1935
1935	2011
1935	2691
1935	2717
1935	2900
1935	3086
1935	3380
1935	3798
1936	1936
1936	2393
1939	1939
194	1308
194	1475
194	194
194	2302
194	2891
194	3278
194	3828
194	866
194	879
1940	3600
1941	1941
1942	2184
1942	3675
1943	1943
1943	2765
1943	2784
1943	3004
1943	3237
1943	3771
1943	3976
1944	3264
1945	1945
1945	3441
1945	3782
1946	2235
1948	1948
1948	2186
1948	2623
1948	2636
1948	2674
1948	3857
1949	2047
195	195
195	3180
195	3310
1950	2889
1950	3216
1950	3500
1951	2558
1953	3344
1953	3407
1953	3475
1955	2372
1956	1956
1956	2482
1956	2617
1956	2661
1956	2757
1956	2857
1956	3697
1957	1957
1957	2807
1957	2979
1958	1958
1959	1959
1959	3027
1959	3408
1959	3480
1959	3718
1959	3881
196	1497
196	196
196	2271
196	2774
196	3309
196	3864
1963	1963
1963	2493
1967	1967
1967	2315
1967	2913
1967	3479
1968	2511
1968	3433
1968	3527
1968	3579
1968	3759
1969	2026
197	197
197	2241
197	2396
197	3702
197	464
1970	1970
1971	3208
1971	3261
1971	3344
1973	1993
1973	3948
1974	1974
1974	2656
1974	2666
1974	3418
1975	3910
1976	1976
1976	1987
1976	3122
1976	3964
1978	3558
1978	3667
1979	1979
1979	2020
1979	2079
1979	2303
1979	2574
1979	2675
1979	2730
1979	2740
1979	2887
1979	3150
1979	3348
1979	3397
198	1041
198	1190
198	1261
198	1517
198	198
198	2798
198	3341
1980	1980
1980	2373
1980	2634
1980	2821
1980	2874
1980	3143
1980	3491
1980	3602
1980	3824
1980	3923
1980	3938
1981	1981
1981	3343
1983	1983
1984	2149
1987	1987
1987	2323
1987	2573
1987	2630
199	1155
199	1519
199	199
199	2588
1991	2826
1991	3258
1991	3305
1991	3765
1992	1992
1992	2369
1992	2449
1995	1995
1995	2110
1995	2424
1995	2737
1995	3166
1995	3625
1996	2351
1997	1997
1997	2871
1998	1998
1999	1999
1999	2003
1999	2775
2	2
20	1569
20	176
20	1943
20	20
20	2231
20	2268
20	2508
20	2759
20	3771
20	516
20	82
200	1750
200	1902
200	200
200	266
200	3645
2002	2002
2003	2303
2003	3768
2005	2005
2005	3048
2006	2006
2006	3752
2007	2007
2007	2585
2007	2712
2007	2756
2007	2767
2007	2997
2007	3226
2007	3644
2009	2009
2009	2854
2009	3002
201	1016
201	2811
201	3818
201	585
2011	3422
2012	2012
2012	2136
2012	2432
2012	3119
2013	3918
2015	2015
2015	3101
2015	3523
2016	3870
2019	2019
2019	2762
2019	3212
2019	3946
202	1477
202	1577
202	1637
202	1719
202	1893
202	202
202	217
202	2518
202	2888
202	316
202	3269
202	3504
202	404
202	626
202	809
2020	2582
2020	3051
2020	3686
2021	2021
2021	2369
2022	2022
2022	2381
2022	2648
2023	2023
2023	2229
2023	2595
2023	3195
2026	2047
2026	2621
2026	3065
2027	2902
2028	2614
2028	2877
2028	3865
2029	2029
2029	2415
2029	3408
2029	3470
2029	3838
203	1036
203	1167
203	1174
203	1856
203	203
203	2745
203	2838
203	3028
203	3943
203	662
2030	2030
2030	3312
2030	3454
2031	2031
2031	2434
2031	2476
2031	2480
2031	3213
2031	3391
2033	2033
2033	2331
2033	2721
2037	2279
2039	2392
2039	2999
2039	3828
204	1839
204	204
204	2112
204	3726
2041	2681
2041	3377
2041	3985
2043	2381
2044	2449
2047	2047
2047	2071
2047	2621
2048	2048
2048	2302
2049	2049
2049	2723
2049	3654
2049	3958
205	1261
205	205
205	2661
205	374
205	3785
205	380
205	3934
205	686
2051	2051
2051	2755
2051	3187
2051	3367
2051	3396
2051	3602
2051	3938
2052	2052
2052	2353
2052	2584
2052	3120
2052	3693
2052	3872
2052	3953
2053	2053
2053	2410
2053	2577
2053	3771
2054	2085
2054	3184
2057	2632
2057	2898
2057	3680
2059	2059
2059	2572
2059	2825
2059	2979
2059	3715
2059	3995
206	1227
206	206
206	908
2060	2060
2060	2097
2060	2162
2060	2729
2060	2929
2060	3034
2060	3214
2061	2061
2061	3439
2062	2632
2062	2965
2062	3853
2064	2108
2064	2770
2064	3504
2065	2299
2066	2066
2067	2067
2067	2993
2068	2068
2068	2099
2068	3485
207	2189
207	633
2070	2070
2071	2734
2071	3576
2072	2072
2072	2499
2073	2138
2073	2385
2073	2714
2074	2311
2076	2076
2077	2581
2079	2303
2079	2574
2081	2081
2081	2555
2081	3863
2082	2082
2084	2084
2084	2739
2084	3775
2084	3840
2085	2373
2085	2701
2085	2743
2087	2087
2088	3188
2090	2093
2090	2787
2091	2235
2091	3297
2091	3515
2092	2092
2092	3159
2092	3398
2092	3582
2092	3668
2093	2787
2096	3305
2096	3560
2097	2729
2097	2929
2097	3477
2099	3485
21	2835
21	3229
21	758
2100	2180
2101	2723
2102	2102
2102	2185
2102	2300
2103	2103
2103	3891
2104	2104
2104	3060
2104	3593
2104	3941
2106	2386
2108	2108
2108	2770
2108	3482
2108	3504
2109	2109
2109	2702
2109	3652
211	550
2110	2178
2110	2712
2110	2803
2110	3270
2110	3680
2112	2112
2112	2924
2112	3726
2113	2113
2113	2410
2113	2681
2113	2762
2113	3218
2113	3278
2113	3371
2113	3377
2113	3456
2113	3750
2113	3941
2113	3964
2115	2115
2115	3020
2115	3606
2116	2116
2116	2258
2116	2593
2116	3891
2118	2118
2118	3101
2119	2119
212	1805
212	2010
212	2011
212	212
212	2900
212	3241
212	3305
212	365
212	3691
212	3959
212	772
2120	2148
2122	2122
2122	2298
2123	2588
2124	2124
2124	2810
2124	3156
2124	3235
2125	2125
2125	3101
2126	2126
2127	2127
2127	3032
2127	3590
2128	2128
2128	3146
213	1661
213	2035
213	213
213	3138
213	3276
213	3870
213	690
213	869
2130	2130
2130	3219
2131	2131
2131	3843
2131	3904
2132	2132
2132	3148
2132	3363
2132	3871
2133	2646
2134	2134
2134	2642
2136	2432
2136	3119
2138	2681
2138	2715
2138	3820
2141	2530
2141	3805
2142	3183
2144	2144
2144	2856
2144	2887
2144	3095
2144	3590
2145	2866
2146	2146
2149	2298
2149	2776
2149	3591
2149	3929
215	1583
215	215
215	2309
215	3083
215	3616
215	3872
215	425
2150	2150
2150	2175
2150	2449
2150	2454
2150	2494
2150	2740
2150	3166
2150	3392
2150	3813
2151	3770
2152	2152
2154	2346
2154	2493
2154	3560
2155	2961
2156	2156
2156	3214
2157	2481
2157	3250
2158	2158
216	1347
216	1456
216	2278
216	2369
216	2856
216	421
216	645
2160	2160
2160	2619
2162	3214
2163	2163
2164	2164
2164	2647
2164	2995
2164	3762
2164	3964
2165	2389
2167	2167
2167	2221
2167	2466
2167	2486
2167	2500
2167	3079
2169	2406
217	1143
217	1310
217	1719
217	1893
217	2234
217	2772
217	3229
217	381
217	3983
217	708
2170	2253
2170	3104
2170	3114
2170	3436
2170	3814
2170	3967
2172	2172
2173	2229
2173	2268
2173	3906
2175	2175
2175	2583
2176	2176
2177	3278
2178	2903
2178	3325
2178	3549
2179	2677
2179	2830
2179	3006
2179	3504
218	1321
218	2228
218	398
2180	3662
2180	3968
2184	2184
2185	2185
2185	2300
2185	2911
2185	2972
2186	2186
2186	2674
2186	2910
2189	2189
2189	2355
2189	2537
2189	2829
2189	3096
219	1022
219	1360
219	1553
219	219
219	2305
219	255
219	2946
219	3109
219	3158
219	3696
219	3913
219	529
2191	2367
2191	2998
2191	3130
2191	3157
2191	3698
2193	3090
2194	2194
2197	2664
220	1971
220	2177
220	220
220	242
220	3261
220	3344
220	776
220	865
2202	2613
2204	3504
2204	3929
2205	2736
2206	3155
2207	2790
2207	2977
2207	3352
2209	2248
221	1492
221	221
221	3359
221	3600
2211	2211
2211	2253
2211	3114
2211	3156
2215	3566
2216	2216
2216	2309
2216	3194
2216	3481
2217	2217
2217	3194
2217	3535
2218	2218
2218	2668
2219	2219
2221	2592
2222	2536
2222	2928
2228	2228
2229	2229
2229	2262
2229	2425
2229	2439
2229	2529
2229	2806
2229	2935
2229	3226
2229	3378
2229	3470
2229	3532
2229	3667
2229	3696
2229	3928
2229	3975
2233	2701
2235	2235
2236	3959
2237	2687
2237	3429
2238	2238
2238	2649
2238	3170
2238	3732
224	1905
224	2272
2240	2240
2240	3007
2241	2241
2241	3455
2242	2515
2245	2372
2245	2381
2245	2699
2247	2247
2247	3294
2247	3753
2249	3946
2250	3677
2251	2251
2252	3564
2252	3620
2255	2255
2255	2532
2255	3754
2255	3995
2257	3152
2258	3646
2258	3891
2259	2486
2259	2706
226	1070
226	1905
226	2157
226	226
226	2272
226	2481
226	3910
2260	3885
2261	2261
2262	2262
2262	2595
2262	2683
2262	2853
2262	2953
2262	3232
2262	3394
2262	3484
2262	3750
2262	3814
2262	3885
2264	2264
2266	2266
2266	3066
2266	3217
2266	3571
2266	3896
2268	2268
2268	2508
2268	3906
2269	2507
2269	2996
2269	3625
227	1281
227	1741
227	1886
227	1977
227	227
227	3305
227	3498
227	3686
2270	2270
2272	3910
2273	2273
2273	2559
2273	2790
2273	3483
2273	3860
2275	2275
2275	2657
2275	3427
2279	3678
228	1098
228	1477
228	228
228	809
2280	2280
2280	3974
2282	2282
2283	2283
2286	2286
2286	3374
2288	2288
2288	3087
229	1296
229	2365
229	2423
2291	2291
2296	2667
2298	2298
2298	2403
2298	2798
2298	3003
2299	2299
2299	2362
2299	2384
2299	3084
23	1056
23	3603
2300	2300
2300	2531
2300	2726
2300	3093
2301	2301
2301	2840
2301	3678
2302	2302
2302	3423
2303	2718
2303	3034
2303	3122
2303	3768
2305	3696
2308	2308
2308	3824
2309	2309
2309	3616
231	401
231	742
2310	2514
2310	3780
2311	3899
2312	3103
2313	2401
2314	3904
2315	2315
2315	2913
2315	3479
2315	3605
2318	3105
232	1629
232	232
2321	2421
2321	2801
2321	2815
2321	3653
2321	3817
2321	3830
2323	2323
2323	3704
2325	2821
2325	2973
2325	3006
2325	3938
2326	2326
2327	3889
2328	2364
2328	2369
2328	3293
233	1436
233	233
233	3326
233	3881
2330	2755
2332	2332
2334	2334
2336	2336
2336	3955
2337	2491
2337	2493
2337	3178
2337	3249
2337	3704
2338	2338
234	234
2341	3053
2346	2493
2346	3691
2347	2906
2349	3762
2351	2351
2351	3396
2351	3571
2353	2507
2353	2584
2353	2682
2353	3229
2353	3692
2356	2860
2358	2358
2358	3202
2359	3499
236	1386
236	1395
236	236
236	3182
2360	2360
2360	2391
2360	2790
2361	2361
2361	2998
2361	3130
2361	3615
2361	3648
2363	3257
2364	2364
2364	2454
2364	2941
2364	3239
2364	3380
2364	3571
2364	3737
2365	2365
2366	2366
2366	2379
2366	2465
2366	2629
2366	3706
2367	2367
2367	3157
2369	3151
2369	3153
237	1232
237	1543
237	1591
237	1795
237	1803
237	1919
237	2113
237	2315
237	237
237	2410
237	2435
237	2486
237	271
237	2762
237	3278
237	3347
237	3377
237	3763
237	3768
237	470
237	678
237	840
237	866
237	941
237	953
2372	2372
2372	2616
2372	2688
2372	2703
2372	3226
2372	3469
2373	2743
2373	2968
2373	3184
2373	3602
2374	2374
2374	3589
2376	2376
2376	2399
2376	2748
2376	3551
2376	3907
2379	2465
2381	2381
2381	2699
2381	3130
2381	3615
2381	3648
2384	3084
2385	2913
2385	2934
2385	3364
2387	2387
2388	2388
2388	2771
2388	3781
2388	3841
2389	2389
239	1046
239	1462
239	1486
239	1995
239	239
239	2848
239	285
239	2925
239	3183
239	3508
239	3728
239	3870
239	620
239	917
239	969
2390	2390
2390	3188
2391	2631
2391	3709
2391	3772
2393	2393
2393	3494
2395	2395
2396	3702
2397	2397
2397	3941
2398	2398
2398	2441
24	1543
24	1712
24	2259
24	237
24	24
24	2486
24	2592
24	2657
24	2706
24	3189
24	3768
24	427
24	506
24	528
24	782
240	1494
240	240
240	2971
240	742
2402	2402
2402	3243
2403	2403
2403	2970
2407	2407
2407	3575
2408	3035
2408	3567
2410	2410
2410	2577
2410	2701
2410	2898
2410	2934
2410	3377
2410	3435
2410	3513
2410	3593
2411	2411
2411	3039
2413	2413
2413	2560
2413	2895
2413	3015
2413	3774
2413	3835
2413	3881
2415	2415
2415	2980
2415	3023
2415	3252
2416	2416
2416	2558
2416	2600
2416	2907
2416	3845
2418	3655
2419	2419
242	1652
242	1664
242	2135
242	2177
242	2278
242	242
242	2493
242	2609
242	299
242	3094
242	337
242	3497
242	528
242	865
2421	2815
2421	3653
2421	3830
2422	2422
2423	2423
2424	2678
2424	3118
2424	3385
2424	3817
2425	3975
2426	2426
2426	3598
2427	2427
2427	2478
2427	3338
2428	2428
2428	3048
2429	2845
243	1155
243	1371
243	1522
243	1550
243	1610
243	1815
243	1824
243	1843
243	3484
243	3753
243	3920
243	433
243	535
243	545
243	694
243	760
2430	2430
2430	3459
2431	2431
2431	3865
2432	2432
2432	2477
2432	3119
2432	3797
2432	3981
2433	2433
2434	3434
2434	3807
2435	2435
2435	2585
2435	3513
2437	2437
2437	2469
2437	3666
2437	3933
2438	2438
2439	3532
2440	3941
2444	2444
2444	3163
2445	2453
2445	2493
2445	2522
2445	2753
2445	3890
2446	2446
2447	2447
2449	2449
2449	2530
2449	2729
2449	2848
2449	2985
2449	2995
2449	3278
2449	3303
2449	3392
2449	3497
2449	3672
2449	3728
245	1426
245	245
2450	3914
2452	2638
2452	3249
2453	2453
2453	2852
2453	3316
2454	2941
2454	3353
2455	2455
2455	2958
2459	2459
246	3179
246	3544
2460	2460
2460	3314
2463	2485
2463	2694
2463	3513
2463	3675
2463	3832
2464	2464
2465	2629
2466	2500
2468	2468
2468	2792
2468	3409
2469	3933
247	1333
247	1541
247	1618
247	2259
247	247
247	2486
247	2995
247	3156
247	3220
247	3240
247	3366
247	3695
247	3932
247	3955
247	790
2471	3464
2472	2472
2474	2474
2475	2475
2475	2814
2476	2476
2476	2880
2476	3213
2476	3519
2476	3523
2476	3554
2476	3782
2476	3882
2477	2477
2479	2479
2480	3391
2480	3995
2481	2481
2482	2482
2482	2757
2485	2485
2485	2486
2485	3832
2486	2486
2486	2528
2486	2762
2486	3156
2486	3220
2486	3240
2486	3695
2486	3955
2487	2487
2487	3631
2488	3812
2489	3186
249	1308
249	1311
249	1528
249	1948
249	2065
249	2130
249	2412
249	249
249	2675
249	2679
249	2750
249	3221
249	3499
249	3533
249	369
249	3698
249	3993
249	541
249	750
249	763
249	866
2490	3743
2491	3704
2492	2492
2492	3831
2493	2493
2493	3178
2493	3344
2493	3691
2493	3805
2494	2494
2496	3304
2497	2497
2497	3030
2497	3558
2498	3946
2499	2645
2499	2736
2499	3066
2499	3577
25	329
2500	2500
2501	3684
2502	2502
2503	2503
2506	2592
2507	2507
2507	2755
2507	3353
2507	3540
2509	2687
251	1999
251	458
2510	2510
2510	2647
2510	3332
2511	2511
2511	2747
2514	2514
2514	2661
2514	3697
2514	3780
2515	2515
2515	2640
2515	2641
2515	2708
2515	3499
2517	2517
2517	2910
2518	2518
2518	3124
2518	3537
2519	2519
252	2858
252	556
2522	3243
2522	3610
2522	3727
2528	2528
2529	2529
2529	2997
2529	3152
2529	3226
2529	3285
2530	3881
2531	2531
2531	2726
2532	2718
2534	2735
2534	3776
2534	3888
2535	2535
2535	2739
2535	3541
2536	2536
2536	2661
2536	2673
2536	2816
2536	2913
2536	3057
2536	3421
2536	3974
2537	2537
2537	3427
2538	2546
2539	2539
2539	3346
254	1831
254	1948
254	3618
254	3674
254	803
254	965
2540	2540
2540	3757
2540	3872
2541	2541
2541	2560
2541	2895
2542	3494
2543	2543
2544	2595
2544	3013
2544	3181
2546	3974
2547	2547
2548	2548
2548	3161
255	1508
255	1769
255	2360
255	255
255	3696
255	505
255	832
255	951
2550	2550
2550	2763
2550	3449
2550	3635
2550	3878
2551	3058
2554	2554
2554	2721
2554	3531
2554	3607
2555	3756
2556	2556
2559	2630
2559	2685
2559	2790
2559	2961
2559	3495
2559	3729
2559	3737
256	1297
256	1649
256	2648
256	597
2560	2895
2560	3215
2560	3226
2561	2561
2561	2940
2561	3638
2562	2562
2562	3461
2562	3519
2564	2781
2564	3501
2565	2565
2565	2677
2565	3657
2566	2566
2568	2830
2571	3201
2571	3894
2572	2825
2573	2573
2575	2588
2575	3226
2576	2982
2576	3857
2577	2577
2577	3536
2577	3771
2578	3065
2578	3713
258	258
2580	2580
2580	2874
2580	3491
2581	2581
2582	3247
2583	2616
2584	3692
2585	2739
2585	3513
2587	2587
2588	2588
2588	2995
2588	3101
259	1719
259	2429
259	259
259	464
2590	2590
2592	2592
2592	2657
2592	3427
2593	3005
2593	3351
2595	2595
2595	3013
2595	3532
2598	2598
2598	3776
26	1723
26	1973
26	1993
26	2130
26	2539
26	26
26	2842
26	2981
26	3084
26	3346
26	3821
26	761
260	2186
260	260
260	3524
260	607
260	635
260	893
2600	2907
2601	2601
2601	2995
2601	3523
2603	2603
2604	2604
2608	2608
2608	3196
2609	2927
2609	3387
2609	3602
261	1257
261	2630
261	266
261	2780
261	3593
2610	2610
2611	2611
2611	3914
2612	2612
2612	3075
2613	3995
2614	2647
2614	3789
2616	2616
2616	3070
2617	2617
2617	2859
2620	3156
2620	3279
2622	2622
2622	3167
2622	3259
2623	2623
2623	3151
2623	3754
263	1246
263	1901
263	2262
263	2407
263	263
263	2848
263	3073
263	314
263	3450
263	3814
263	3884
263	655
263	707
263	794
2630	2630
2630	2678
2631	2631
2632	2632
2636	3814
2637	2637
2638	2638
2638	3249
2639	2639
2639	3755
2640	2708
2640	3499
2641	2641
2641	3844
2643	2643
2643	3019
2644	2839
2645	2992
2645	3577
2646	3212
2647	2647
2648	2648
2650	2650
2650	3535
2653	2653
2653	2891
2653	3070
2653	3282
2653	3775
2653	3828
2656	3894
2657	2657
2657	3427
2659	3980
266	1053
266	1090
266	1196
266	1257
266	1291
266	1314
266	1375
266	1395
266	1598
266	1617
266	1662
266	1902
266	2242
266	2312
266	2429
266	2510
266	2559
266	2576
266	266
266	2855
266	2982
266	3024
266	3217
266	347
266	3517
266	3717
266	3857
266	3869
266	3877
266	479
266	512
266	589
266	858
266	993
2660	2660
2660	3735
2661	2661
2661	3697
2662	2662
2662	3010
2662	3974
2663	2921
2663	2962
2663	3929
2666	2666
2666	3916
2667	2667
2667	3264
2668	3517
2668	3531
267	1075
267	1490
267	1893
267	267
267	2776
267	3401
267	3454
267	377
267	3854
267	601
267	746
267	804
2671	2671
2674	2674
2675	2675
2675	2900
2675	3897
2676	3294
2677	2677
2678	2678
2678	2780
2679	2679
2679	3541
268	1381
2682	2810
2683	2960
2683	3385
2683	3814
2684	3697
2684	3785
2685	2685
2685	3971
2688	3469
269	1765
269	2540
269	3110
2690	3680
2694	2694
2695	3157
2695	3647
2697	2697
2699	3648
270	1090
270	1152
270	1184
270	1599
270	1791
270	1834
270	1995
270	2041
270	2113
270	2191
270	270
270	285
270	2925
270	3371
270	3508
270	3602
270	3624
270	3661
270	796
2701	2701
2701	3257
2702	2702
2702	3489
2702	3652
2703	3537
271	1551
271	1795
271	2113
271	2335
271	2349
271	2372
271	2410
271	2558
271	2577
271	271
271	2734
271	3278
271	3377
271	3513
271	3536
271	3762
271	491
271	678
271	840
271	866
271	941
271	953
271	957
2710	2710
2711	2736
2711	3483
2712	3228
2714	2715
2715	3114
2715	3820
2716	2716
2718	2730
2718	3051
2718	3091
2718	3342
2718	3750
2719	2719
272	1007
272	1411
272	1569
272	3007
272	3471
272	3868
272	466
2720	2720
2723	3293
2726	2726
2726	3613
2726	3792
2726	3817
2727	3264
2729	2729
273	2653
273	2713
273	273
273	317
273	749
273	976
2732	2732
2733	2733
2734	2734
2736	2736
2736	3446
2736	3878
2737	2737
2739	3513
274	274
2740	3055
2741	2741
2742	2742
2743	2743
2743	3670
2745	2745
2745	3028
2746	2746
2746	2920
2746	2968
2748	3907
2749	2749
2749	3321
2749	3787
275	2927
2750	2750
2751	2751
2753	2753
2754	3470
2755	2755
2755	3268
2756	2756
2756	3226
2756	3593
2757	2757
2757	3291
2759	2759
2759	2765
2761	3323
2762	3338
2762	3377
2763	2763
2763	3218
2763	3635
2763	3878
2765	3004
2765	3795
2765	3976
2766	2766
2767	2767
2767	2810
2767	3828
2769	2769
2770	3504
2771	2771
2771	2774
2771	3023
2771	3151
2772	2772
2772	2871
2773	2773
2774	2774
2774	3956
2775	2775
2775	3339
2775	3603
2776	2776
2776	3070
2776	3157
2776	3854
2777	3889
278	278
278	3198
278	632
2780	2780
2783	3454
2783	3606
2787	2787
2789	2789
279	2089
279	279
279	3328
279	3508
2790	2790
2790	3454
2791	2791
2791	3011
2793	2793
2794	3484
2797	3182
2797	3813
2798	2798
2799	3688
280	1097
280	1650
280	2160
280	2354
280	795
2801	2801
2801	3817
2801	3830
2802	2802
2803	2803
2804	2804
2806	3710
2808	2808
2808	2829
2808	2882
2808	3222
2810	2810
2810	2921
2810	2977
2810	3235
2811	2811
2811	3918
2815	3830
2817	2817
2818	2818
2818	3090
2818	3440
2819	2819
282	1958
282	282
282	323
282	615
2820	3344
2821	2821
2821	2973
2821	3583
2821	3938
2822	2822
2823	2823
2826	3305
2826	3521
2827	2827
2827	3042
2829	2882
2829	3222
283	283
283	301
283	791
2835	3229
284	1371
284	2680
284	284
284	787
2840	2840
2840	2867
2840	3021
2841	2841
2842	2842
2845	3095
2845	3131
2845	3566
2846	3805
2847	2847
2847	2964
2847	3398
2848	2848
2848	3728
285	1995
285	2095
285	2295
285	2347
285	285
285	3218
285	3371
285	3653
285	3722
285	3964
285	571
285	577
285	654
2850	2850
2850	3846
2851	2851
2852	2852
2855	2855
2856	3095
2856	3350
286	1189
286	1689
286	2784
286	3131
286	415
286	619
286	916
2862	2862
2863	2863
2863	3915
2866	2866
2866	2932
2866	3175
2866	3529
2866	3656
2866	3749
2867	2867
2868	3163
2869	2869
2871	3552
2872	2872
2874	2874
2874	3491
2874	3602
288	2045
288	2460
288	2487
288	2676
288	288
288	3294
288	761
2881	2881
2882	2882
2885	3353
2886	2994
2886	3239
2888	3504
2889	3500
289	1144
289	1308
289	1574
289	1695
289	1879
289	1880
289	3061
289	3327
289	3952
289	625
289	636
289	746
289	955
2893	2893
2895	2895
2895	3215
2896	2896
2897	2897
2897	3043
2898	2898
2898	3232
2898	3774
2898	3838
2898	3878
2898	3934
29	1144
29	119
29	140
29	1758
29	2776
29	29
29	3147
29	3209
29	439
29	761
29	97
2900	2900
2900	3348
2900	3380
2904	2904
2904	2999
2906	3441
2906	3608
2906	3754
2906	3979
2907	2907
2908	2908
291	291
291	708
2910	2910
2910	3113
2910	3278
2910	3659
2912	3475
2913	3057
2918	3594
2919	3181
292	643
2922	2922
2925	3371
2926	3810
2927	2927
2927	3226
2927	3387
2927	3849
2928	2928
2929	3477
2930	2930
2932	2932
2932	3529
2934	3771
2934	3961
2935	2965
2936	3848
2937	2937
2938	3351
294	3470
2940	2940
2945	2945
2946	3696
2947	2947
2948	2999
2948	3593
2949	2949
295	1167
295	1579
295	295
2950	2950
2951	2951
2951	3368
2951	3408
2957	2993
296	1791
296	3048
296	3533
296	377
296	3796
296	739
296	797
296	804
296	993
2960	2960
2960	3306
2960	3983
2961	3880
2963	3063
2963	3352
2963	3723
2963	3847
2963	3936
2964	2964
2965	3680
2968	3602
2969	3587
2973	2973
2977	3143
2977	3715
2977	3923
2978	2978
298	1142
298	1448
298	2434
298	2638
2981	2981
2981	3319
2982	2982
2982	3239
2982	3857
2983	2983
2986	2986
2988	2988
2989	3516
299	1070
299	1628
299	1992
299	2100
299	2559
299	299
299	3268
299	337
299	697
2994	2994
2995	2995
2995	3034
2995	3101
2995	3496
2995	3728
2996	2996
2996	3066
2996	3200
2996	3571
2997	2997
2997	3226
2998	2998
2998	3130
2999	2999
3	1175
3	2106
3	2324
3	2386
3	2809
3	3
3	3257
3	3515
3	3624
3	375
3	3951
3	436
3	736
3	825
3	849
3	884
3	94
30	2103
30	2717
30	30
300	3039
3003	3124
3004	3004
3004	3752
3004	3976
3006	3006
3006	3114
3006	3593
3009	3165
3009	3497
301	1073
301	492
3010	3010
3012	3012
3012	3110
3012	3387
3012	3726
3015	3023
3015	3490
3015	3680
3018	3018
302	1046
302	1622
302	1652
302	1786
302	2273
302	2559
302	2961
302	3723
302	384
3020	3020
3020	3320
3020	3499
3020	3504
3020	3606
3020	3957
3023	3023
3024	3066
3026	3026
3027	3178
3027	3745
3027	3910
3028	3028
3029	3697
303	2252
303	303
303	3564
3031	3870
3033	3033
3033	3476
3033	3504
3033	3744
3034	3214
3034	3451
3034	3494
3034	3496
3035	3035
3035	3567
3037	3037
3037	3406
3038	3702
3038	3716
3038	3851
3039	3229
304	3015
304	3070
304	870
304	936
3041	3041
3042	3042
3043	3043
3046	3046
3048	3410
305	2126
305	424
3051	3051
3051	3342
3054	3054
3055	3055
3055	3354
3058	3058
3059	3059
3060	3060
3060	3941
3063	3352
3065	3777
3066	3066
3067	3067
3068	3068
3068	3370
3068	3585
307	1051
307	1389
307	1887
307	2242
307	2896
307	307
307	419
307	478
307	780
307	925
307	997
3070	3070
3070	3491
3070	3608
3071	3077
3075	3075
3076	3171
3079	3884
308	1560
308	1685
308	308
308	3126
308	3927
308	952
3083	3083
3084	3307
3084	3459
3086	3750
3086	3891
3089	3089
3089	3688
309	1339
309	1727
309	1762
309	1784
309	2033
309	2328
309	2331
309	2364
309	2454
309	2537
309	3192
309	360
309	3788
309	384
309	906
3092	3092
3092	3489
3093	3093
3097	3097
3097	3484
3098	3098
3098	3356
31	1175
31	138
31	155
31	2054
31	2300
31	2559
31	2579
31	266
31	2835
31	2871
31	3229
31	559
310	310
310	452
3101	3101
3102	3102
3103	3103
3103	3860
3106	3133
3108	3108
3109	3158
3109	3696
3109	3728
311	3200
3111	3111
3113	3113
3113	3659
3114	3114
3115	3934
3116	3116
3118	3118
312	312
312	634
3121	3121
3124	3124
3125	3125
3125	3816
3126	3126
3126	3671
3126	3927
3127	3127
313	313
313	859
3130	3130
3130	3153
3130	3615
3130	3796
3131	3566
3131	3931
3136	3657
3139	3139
314	3390
3141	3220
3143	3923
3147	3147
3149	3149
3151	3151
3152	3152
3152	3461
3152	3667
3153	3153
3153	3271
3153	3615
3153	3648
3153	3655
3153	3753
3153	3796
3156	3156
3156	3279
3158	3696
3159	3159
3159	3398
3159	3612
316	1051
316	1060
316	1140
316	1369
316	1523
316	1719
316	2564
316	2697
316	2781
316	316
316	3501
316	3883
316	567
316	740
316	916
3162	3162
3163	3163
3164	3967
3166	3166
3168	3843
317	1209
317	1844
317	2275
317	2653
317	2657
317	2713
317	556
3172	3593
3173	3173
3174	3462
3175	3656
3178	3178
3178	3317
3178	3808
3178	3861
3178	3910
3179	3179
3179	3544
318	318
318	3473
318	792
318	886
3180	3180
3181	3181
3182	3182
3183	3183
3184	3184
3185	3185
3187	3187
3188	3188
3188	3293
3188	3566
3188	3621
3188	3665
3189	3189
3189	3904
319	2465
319	2724
319	3189
319	319
319	897
3190	3771
3194	3660
3194	3870
3195	3195
3196	3196
3198	3374
3199	3199
32	2229
32	2293
32	32
32	3270
32	383
32	3928
320	1118
320	1948
320	366
3200	3200
3200	3571
3201	3201
3201	3519
3201	3549
3201	3889
3204	3204
3204	3251
3204	3873
321	321
3210	3210
3211	3211
3212	3946
3213	3562
3214	3214
3214	3394
3214	3825
3214	3895
3217	3217
3218	3218
3218	3635
3218	3744
3219	3219
322	1691
322	2758
322	322
322	501
3220	3955
3226	3226
3226	3574
3227	3227
3227	3796
3228	3228
3228	3270
3228	3697
3228	3774
3229	3559
3231	3231
3231	3270
3231	3419
3232	3232
3232	3532
3237	3237
3238	3238
3238	3446
3238	3860
3239	3239
3239	3857
324	1068
324	2317
324	527
3240	3695
3242	3661
3243	3243
3243	3610
3243	3727
3244	3561
3246	3246
3249	3249
3249	3337
3249	3641
325	1867
325	2229
325	2517
325	2719
325	325
3250	3704
3251	3251
3253	3253
3255	3723
3256	3256
3257	3257
3257	3491
3259	3259
326	1241
326	1686
326	3733
326	555
3261	3344
3264	3264
3267	3267
3267	3493
3269	3269
327	1325
327	1728
327	2189
327	3250
327	327
3270	3270
3270	3419
3270	3519
3272	3614
3272	3771
3276	3276
3276	3779
3278	3278
3278	3536
3278	3654
3279	3678
3279	3819
3279	3932
328	1396
328	2846
328	3805
3280	3280
3282	3282
3282	3771
3284	3582
3285	3667
3286	3286
3286	3560
3289	3869
329	329
3291	3291
3293	3293
3293	3566
3293	3896
3294	3686
3295	3295
3296	3296
33	3985
3300	3300
3301	3704
3304	3666
3305	3305
3305	3351
3306	3306
331	1039
331	1350
331	1484
331	2186
331	2374
331	2674
331	3589
331	607
331	891
3311	3311
3313	3313
3314	3314
3315	3315
3315	3700
3318	3318
332	1223
332	1341
332	2057
332	2388
332	2632
332	2763
332	3252
332	332
332	3435
332	3476
332	3499
332	3635
332	3654
332	3841
332	3878
332	408
332	770
3321	3321
3322	3322
3322	3335
3322	3817
3324	3324
3328	3516
3329	3329
3329	3808
333	1035
333	1511
333	1576
333	1946
333	2266
333	3217
333	333
333	3481
333	3860
3330	3330
3330	3841
3336	3336
3337	3337
3338	3499
3338	3541
3338	3710
3339	3339
3339	3578
3339	3603
3339	3873
334	2629
334	334
3341	3341
3344	3344
3348	3897
335	1254
335	1666
335	2375
335	3064
335	335
3350	3350
3350	3527
3351	3376
3352	3936
3353	3353
3353	3885
3355	3355
3357	3357
336	2493
336	336
3360	3884
3361	3449
3361	3957
3368	3608
337	3345
3370	3370
3376	3376
3376	3403
3377	3964
3378	3378
3378	3667
338	2652
338	443
3380	3380
3381	3381
3382	3382
3384	3384
3385	3385
3385	3394
3387	3387
3387	3602
3389	3947
339	2020
3391	3709
3392	3392
3392	3404
3392	3728
3394	3561
3394	3885
3395	3634
3396	3396
3396	3496
3397	3397
34	151
34	270
34	3083
34	859
340	1254
340	3023
340	340
340	3715
340	680
3401	3454
3402	3402
3403	3895
3405	3405
3408	3408
341	967
3410	3410
3415	3486
3418	3889
342	633
3421	3421
3421	3603
3421	3836
343	1359
343	1706
343	343
343	996
3431	3436
3432	3697
3433	3750
3433	3759
3439	3439
344	1444
344	1572
344	1908
344	2004
344	381
344	384
3441	3441
3441	3519
3443	3531
3445	3445
3445	3547
3445	3571
3445	3708
3445	3723
3446	3603
3448	3448
345	1348
345	1505
345	1509
345	1603
345	1622
345	1873
345	1979
345	2079
345	2114
345	2116
345	2135
345	2273
345	2574
345	2593
345	2688
345	2730
345	2961
345	2967
345	3005
345	3442
345	345
345	3497
345	366
345	3723
345	3891
345	3993
345	433
345	458
345	541
345	694
345	773
345	932
3451	3496
3452	3452
3454	3454
3455	3455
3456	3750
3456	3852
3457	3458
3457	3644
3458	3730
3459	3459
346	346
3460	3519
3465	3465
3466	3466
347	1111
3471	3829
3471	3868
348	348
348	781
3481	3481
3481	3872
3484	3498
3484	3686
3486	3854
349	3362
349	349
349	969
3490	3490
3491	3602
3493	3493
3495	3495
3495	3562
3496	3496
3497	3672
3498	3498
3498	3686
35	1063
35	1143
35	1262
35	2817
35	3749
35	415
35	523
3500	3500
3501	3501
3502	3502
3503	3503
3504	3504
3504	3633
3504	3722
3504	3964
3505	3505
3506	3506
3507	3507
3509	3509
3509	3771
3510	3510
3512	3884
3514	3514
3519	3519
3519	3750
3520	3520
3522	3522
3522	3587
3526	3526
3529	3529
3529	3654
353	1043
353	353
353	3821
3530	3932
3533	3698
3535	3582
3536	3904
3537	3537
3541	3541
3541	3710
3544	3544
3545	3666
3548	3548
355	1181
355	3023
355	3203
355	355
3550	3550
3555	3555
3557	3557
3558	3558
3558	3667
3558	3674
356	1150
356	1189
356	1257
356	1680
356	1895
356	2141
356	2150
356	2235
356	2261
356	2330
356	2369
356	2424
356	2449
356	2454
356	2559
356	2743
356	2755
356	2866
356	2985
356	2996
356	3016
356	3166
356	3175
356	3350
356	3527
356	356
356	3805
356	3813
356	384
356	488
356	552
356	644
356	744
356	868
3561	3561
3561	3610
3562	3562
3564	3620
3566	3595
357	1060
357	1359
357	1535
357	3921
357	581
3570	3570
3571	3571
3579	3579
3582	3582
3582	3918
3583	3883
3588	3588
3589	3589
3589	3960
359	1012
359	1390
359	1444
359	3585
359	359
359	452
3590	3590
3591	3801
3593	3984
3595	3595
3598	3598
3599	3639
360	1339
360	2364
360	360
3600	3600
3600	3691
3602	3658
3602	3845
3606	3606
3606	3874
3606	3952
3611	3611
3612	3612
3612	3625
3615	3648
3616	3872
3618	3701
362	1658
362	1716
362	2113
362	2427
362	2907
362	3218
362	3338
362	3371
362	362
3622	3622
3622	3792
3624	3624
3628	3628
363	3689
3630	3630
3632	3632
3637	3637
3643	3643
3644	3644
3644	3731
3644	3811
3645	3645
3646	3962
3648	3648
365	1221
365	1317
365	1537
365	2258
365	2794
365	3153
365	3241
365	3264
365	3271
365	365
365	3753
365	3927
365	518
3653	3653
3655	3655
3655	3753
3657	3657
3658	3658
3659	3659
366	1118
366	1505
366	2114
366	2377
366	366
3661	3661
3664	3747
3667	3728
3668	3668
3668	3670
3669	3669
3669	3969
367	1165
367	1665
367	1734
367	1861
367	2188
367	2337
367	3178
367	3317
367	367
367	3963
367	669
367	951
3670	3670
3672	3672
3678	3678
368	1365
3680	3680
3680	3774
369	1120
369	2931
369	3221
369	369
3692	3957
3693	3693
3693	3809
3696	3696
3696	3913
3697	3697
3698	3698
370	1162
370	3507
370	3606
370	3952
370	795
370	970
3700	3700
3702	3702
3702	3716
3704	3704
3705	3705
3707	3707
3707	3784
3708	3708
371	1155
371	1371
371	1484
371	1543
371	2020
371	2156
371	2578
371	2627
371	2740
371	2900
371	3034
371	3157
371	3686
371	371
371	694
3714	3714
3717	3717
3719	3719
3722	3937
3722	3964
3723	3723
3724	3724
3724	3853
3725	3725
3729	3923
373	1098
373	1190
373	1338
373	1341
373	1468
373	1742
373	1773
373	1814
373	1924
373	2298
373	2302
373	2403
373	2970
373	3279
373	373
373	3741
373	3899
373	431
373	540
373	592
3731	3731
3731	3865
3732	3732
374	1108
374	1194
374	1261
374	1514
374	1628
374	1957
374	2100
374	2150
374	2154
374	2170
374	2363
374	2493
374	2626
374	2807
374	3023
374	3257
374	3431
374	3436
374	3697
374	374
374	381
374	565
3740	3740
3742	3742
3744	3744
3748	3748
375	1223
375	2033
375	2049
375	2723
375	3624
375	3654
375	375
3750	3750
3751	3967
3752	3752
3757	3757
3759	3759
3762	3762
3762	3964
3764	3764
377	1075
377	1532
377	2228
377	377
377	804
3773	3773
3774	3774
3775	3840
378	378
3783	3783
3783	3930
3785	3785
3788	3788
379	1604
3792	3792
3795	3795
3797	3797
3799	3799
380	1491
380	2358
380	380
3801	3801
3803	3803
3807	3807
3809	3809
381	1387
381	1490
381	1578
381	1793
381	1808
381	1895
381	1948
381	2150
381	2559
381	2646
381	2835
381	2866
381	2982
381	3079
381	3229
381	3235
381	3592
381	381
381	384
381	387
381	685
381	724
381	758
381	809
381	858
3810	3810
3815	3815
3816	3816
3817	3817
3817	3822
3817	3830
3818	3818
3818	3973
382	1513
382	1589
382	2402
382	2537
382	2715
382	3114
382	581
382	603
382	695
3822	3822
3822	3860
3824	3923
3825	3825
3829	3829
3829	3868
383	1397
383	2229
383	383
383	959
3835	3853
384	1021
384	1046
384	1051
384	1150
384	1339
384	1362
384	1404
384	1571
384	1659
384	1680
384	1727
384	1786
384	1877
384	2117
384	2233
384	2328
384	2330
384	2364
384	2415
384	2449
384	2485
384	2559
384	2595
384	2630
384	2755
384	2780
384	2874
384	2893
384	2898
384	2912
384	2961
384	3013
384	3066
384	3385
384	3475
384	3491
384	3495
384	3497
384	3602
384	3672
384	3813
384	3832
384	384
384	3859
384	3880
384	395
384	415
384	458
384	488
384	552
384	559
384	765
384	768
384	823
384	856
3841	3841
3844	3844
3845	3845
3846	3846
385	1108
385	1457
385	1583
385	1606
385	1660
385	1855
385	1913
385	2019
385	2279
385	2781
385	3021
385	3297
385	3378
385	3515
385	3565
385	3806
385	385
385	3870
385	572
385	829
385	949
3850	3850
3852	3852
3853	3904
386	1808
386	2616
386	386
386	758
3860	3860
3860	3985
3865	3865
387	1171
387	1184
387	1387
387	1540
387	1624
387	1678
387	1701
387	1704
387	1832
387	1858
387	2066
387	2088
387	2132
387	2217
387	2387
387	2402
387	2607
387	2641
387	2726
387	2876
387	3008
387	3009
387	3125
387	3165
387	3332
387	3360
387	3363
387	3515
387	387
387	3953
387	449
387	888
387	901
387	993
3870	3870
3872	3872
3872	3905
3876	3876
3879	3879
388	845
3881	3881
3888	3888
389	2595
389	3013
389	389
3891	3891
3898	3898
3898	3987
39	1090
39	1600
39	3517
390	3189
390	390
390	588
390	797
390	909
3901	3901
3904	3904
391	2437
391	3309
391	3545
391	3666
391	391
391	581
3912	3912
3915	3915
392	2645
3929	3929
393	1444
393	1605
393	2663
393	3066
393	3929
393	393
393	880
393	987
3932	3932
3934	3934
3935	3935
394	2204
394	3934
3941	3941
3942	3942
3944	3944
3949	3949
395	1519
395	1571
395	1968
395	2011
395	2717
395	3433
395	3496
395	3759
395	395
395	535
3955	3955
3957	3957
396	1155
396	1371
396	2060
396	2481
396	3034
396	3214
396	3496
3964	3964
3966	3966
3970	3970
3971	3971
3972	3972
3974	3974
398	1494
398	1635
398	2149
398	2189
398	3074
398	3591
398	398
3981	3981
3983	3983
3985	3985
3986	3986
3995	3995
3997	3997
4	4
4	857
40	1220
40	40
400	1438
400	1519
400	1596
400	2303
400	3299
400	400
400	769
401	2140
401	401
402	1217
402	1312
402	1363
402	1656
402	1724
402	1991
402	2020
402	2021
402	2589
402	2612
402	2676
402	2812
402	2990
402	3075
402	3380
402	3920
402	3978
402	402
402	694
402	772
402	815
403	1656
403	1657
403	2164
403	2620
403	2907
403	2995
403	3435
403	3879
403	3934
404	1069
404	1278
404	1282
404	1307
404	2492
404	2540
404	2888
404	3504
404	3831
404	404
404	513
404	678
404	809
405	2786
405	807
406	406
408	1140
408	2515
408	2518
408	2708
408	2898
408	2976
408	3504
408	3537
408	3878
408	408
408	506
408	518
408	621
408	809
408	996
409	409
41	1656
41	2758
41	322
410	2623
410	3008
411	2230
411	2599
412	1546
412	1571
412	2635
412	2995
412	3034
412	3496
413	2728
414	1078
414	1986
414	2466
414	3664
415	1143
415	1358
415	1689
415	2175
415	2772
415	2817
415	3213
415	3749
415	3859
415	415
415	436
415	465
415	708
418	1189
418	1578
418	1628
418	2150
418	2273
418	2454
418	2559
418	3301
418	3623
418	3704
418	3723
418	3971
418	418
418	501
418	574
418	778
419	1046
419	1085
419	1486
419	1855
419	2781
419	419
419	501
419	780
419	801
419	925
42	2488
42	3836
42	42
421	1456
421	3650
421	645
422	2121
423	423
424	2126
425	1100
425	1551
425	1912
425	425
425	625
427	2259
428	3417
428	3536
429	2062
429	429
429	870
43	1121
43	1317
43	1404
43	1438
43	1519
43	1630
43	1678
43	1680
43	1833
43	1968
43	2258
43	2415
43	243
43	2824
43	3086
43	3126
43	3241
43	3271
43	3579
43	3709
43	3750
43	3759
43	3885
43	3891
43	43
43	535
43	724
43	832
43	878
43	932
430	2995
430	3101
430	430
431	1190
431	1468
431	1742
431	1773
431	2122
431	2301
431	2840
431	3466
431	431
432	432
433	1550
433	1761
433	1824
433	1843
433	2045
433	2079
433	3484
433	3498
433	3920
433	433
433	452
433	476
433	587
433	694
433	718
433	760
434	1543
434	2589
434	3186
434	579
435	3222
436	1417
436	1496
436	1502
436	2051
436	2324
436	3367
436	3378
436	3449
436	3860
436	436
436	465
436	916
436	999
437	2281
437	3892
437	437
437	684
438	3926
438	438
439	1284
439	1567
439	2179
439	2191
439	2830
439	439
439	774
44	152
44	1522
44	3743
44	545
44	747
440	1707
440	2460
440	3314
440	440
442	2861
442	442
443	1763
443	1936
444	1121
444	1360
444	1457
444	2435
444	2871
444	2967
444	3177
444	3874
444	458
444	788
445	2944
445	3922
446	1181
446	1874
446	2977
446	3118
446	464
447	1615
447	2984
447	447
447	455
448	2101
448	448
449	1486
449	1767
449	2051
449	2144
449	2641
449	2848
449	3188
449	3508
449	449
449	531
449	546
449	620
449	917
449	996
45	1290
45	1435
45	2565
45	2677
45	45
450	2321
451	451
452	1833
452	2091
452	2304
452	2499
452	3084
452	3515
452	3754
452	476
452	880
455	455
457	1083
457	3151
457	3853
458	1319
458	1482
458	1509
458	1667
458	1680
458	2206
458	2445
458	2493
458	2890
458	2967
458	3124
458	3497
458	662
459	1569
459	2071
459	2409
459	3696
459	459
46	241
46	46
460	1419
460	2047
460	2314
460	2621
460	460
462	1538
462	462
463	1476
463	2557
464	1161
464	1181
464	1422
464	1760
464	1796
464	2245
464	2396
464	2429
464	2594
464	2699
464	2835
464	2977
464	464
465	3093
465	3468
465	465
466	1007
466	1411
466	1815
466	2176
466	2223
466	2376
466	2438
466	466
466	965
467	1608
467	2585
467	467
468	1048
468	2477
468	2765
468	2942
468	468
469	1231
469	1729
469	1809
469	2495
469	3057
469	469
47	1315
47	47
474	2198
474	2790
474	3401
474	3454
474	3698
474	474
474	601
475	1563
475	1687
475	743
476	2679
477	3114
478	1679
478	1784
478	1907
478	2054
478	2273
478	2564
478	2896
478	478
479	2104
479	3315
479	3700
479	631
48	1747
48	2060
48	2729
48	3887
48	48
48	519
480	2042
480	2415
480	2740
480	3086
480	3354
480	480
480	694
480	847
481	481
482	482
483	1528
483	1829
483	2191
483	2620
483	2969
483	3056
483	3074
483	3587
483	3698
483	483
484	1874
484	3118
484	522
484	561
485	485
485	930
486	1301
486	1496
486	486
488	1189
488	1622
488	1680
488	2031
488	2150
488	3723
488	3813
489	2702
489	489
489	507
489	690
490	490
491	1890
491	1951
491	2558
491	3499
491	491
491	866
491	957
492	1310
492	1521
492	1534
492	1893
492	2486
492	2630
492	3224
492	3558
492	3566
492	3674
492	492
492	780
493	493
494	1948
494	2347
494	2884
494	577
494	654
495	1788
495	1945
495	2578
495	2951
495	3349
495	3368
495	3523
495	3750
495	766
496	1333
496	2485
496	2486
496	2567
496	3324
496	3500
496	3832
496	496
496	717
496	825
496	856
497	1797
497	2205
497	2736
498	1564
498	2802
498	3139
498	498
498	924
499	1242
499	1848
499	499
5	1665
5	2390
5	2550
5	2763
5	3635
5	5
5	557
50	1030
50	2966
50	50
501	1628
501	1680
501	1752
501	2141
501	2449
501	2530
501	2758
501	2834
501	3497
501	3723
501	501
502	1500
502	1504
502	1897
502	2288
502	2949
502	3065
502	3087
502	3389
502	502
504	2728
505	1449
505	1719
505	1769
505	1948
505	2007
505	2585
505	2712
505	3270
505	3549
505	3707
505	3772
505	3889
505	505
505	740
505	951
506	1069
506	1113
506	1160
506	1172
506	1712
506	2070
506	2259
506	2488
506	2622
506	2706
506	2767
506	3279
506	3819
506	3836
506	506
506	564
506	612
506	728
506	855
506	975
506	999
507	1564
508	3686
508	3770
508	508
509	2078
509	2296
509	2667
51	1678
51	1821
51	2736
51	3009
51	3033
51	3165
51	3530
51	3715
51	3869
51	497
51	51
51	513
51	680
51	777
51	888
51	985
510	2790
510	3591
510	510
511	2684
511	3029
511	3785
511	511
511	814
512	3659
513	1165
513	2175
513	2353
513	2391
513	2449
513	2871
513	2995
513	3278
513	3353
513	3391
513	3536
513	3941
513	513
513	522
515	1194
515	1514
515	2806
515	3139
515	3523
515	3982
516	2268
516	2508
516	3906
516	516
517	517
517	565
518	1537
518	1736
518	2976
518	3234
518	3241
518	518
518	553
518	780
519	1747
52	1331
52	2321
52	446
52	450
520	808
521	3199
522	1079
522	1874
522	2424
522	2660
522	3118
522	3385
522	3735
522	522
522	523
522	532
523	1007
523	1046
523	1079
523	1262
523	1486
523	1569
523	1808
523	1880
523	2424
523	2600
523	2660
523	3455
523	3735
523	523
523	631
523	758
524	928
525	1670
525	2337
525	2784
525	3178
525	525
525	669
526	2534
526	2735
527	1103
527	527
527	952
528	1149
528	1664
528	1760
528	2221
528	2506
528	2592
528	2657
528	3054
528	3626
528	528
528	782
528	826
528	865
529	1022
529	3696
53	1046
53	1486
53	275
53	2893
53	3237
53	384
53	520
53	53
53	808
530	1272
530	2238
530	2768
530	530
531	1197
531	1862
531	2935
531	3484
531	924
532	1278
532	2191
532	636
533	2757
534	2418
534	3655
535	1020
535	1447
535	1519
535	1603
535	1610
535	1843
535	1935
535	1979
535	2029
535	2079
535	2574
535	2688
535	2818
535	2951
535	3305
535	3408
535	3440
535	3484
535	3707
535	3753
535	535
535	740
535	760
535	773
536	536
537	2121
537	2827
537	537
539	1023
539	539
54	1155
54	1795
54	2812
54	2928
54	3403
54	847
54	974
540	1924
540	2298
540	2970
540	3738
541	1311
541	3939
541	3993
541	541
542	1217
542	1239
542	1934
542	3051
542	3342
543	2630
545	1522
545	1603
545	1866
545	2645
545	2880
545	3197
545	3454
545	3484
545	747
545	799
546	2051
546	2312
546	3188
546	3621
546	546
547	547
55	1903
55	2018
55	3457
55	55
55	951
550	1221
550	1695
550	1887
550	1958
550	2091
550	2235
550	2258
550	3515
550	550
550	732
551	551
552	1189
552	2330
552	2559
552	2588
552	2755
552	2961
552	3495
552	3923
552	552
552	746
552	768
552	951
554	3543
555	2188
555	555
556	3634
556	556
558	1802
558	3109
558	558
559	1021
559	1235
559	845
56	2092
56	3298
56	56
56	792
560	1795
560	560
560	975
561	1008
561	1060
561	1654
561	1695
561	1789
561	1834
561	1880
561	1934
561	2205
561	2302
561	2373
561	2407
561	2736
561	3188
561	3423
561	3483
561	3501
561	3602
561	3621
561	3731
561	3860
561	625
561	765
561	771
561	791
561	853
562	2409
562	2653
562	562
563	1251
563	1783
563	2139
563	563
564	1516
564	3605
565	1411
565	1713
565	1779
565	2061
565	3266
565	3439
565	565
565	637
566	566
567	1890
567	2037
567	2545
567	2662
567	567
567	982
568	2526
568	568
569	1463
569	2411
569	2614
569	2738
569	2845
569	3335
569	3817
569	569
57	1175
57	144
57	1686
57	2372
57	387
57	57
57	859
57	867
570	1222
570	570
571	1764
571	1981
571	2601
571	3033
571	571
571	770
571	888
571	967
572	1833
572	1986
572	2091
572	3115
572	3297
572	3934
572	572
572	678
572	829
572	925
572	941
573	3129
573	573
573	628
574	1671
574	2031
574	2047
574	2317
574	2434
574	574
574	713
575	575
576	785
577	2347
577	654
578	1361
579	1442
579	1473
579	1545
579	2683
579	2960
579	3179
579	3306
579	579
58	1455
58	1917
58	2648
58	3201
58	58
580	580
581	1060
581	2244
581	3545
581	3666
581	593
581	603
581	677
582	3189
582	3852
583	1267
583	2021
583	583
583	807
584	1048
584	2942
584	3272
585	1016
585	3244
586	1024
586	3250
587	1011
587	1522
587	1610
587	1705
587	1815
587	1866
587	1886
587	2794
587	2819
587	3097
587	3484
587	3765
587	587
587	694
587	695
587	760
588	909
589	1568
589	3641
591	2509
591	3213
591	3704
591	591
592	1041
592	1088
592	1190
592	1245
592	1305
592	2062
592	2538
592	2965
592	3974
592	592
593	1463
593	1970
593	2411
593	2710
593	593
595	1411
595	2618
595	3931
595	716
596	3065
596	596
597	1297
597	1649
597	1917
597	2648
598	2437
598	2469
598	3114
598	3933
599	2683
599	3558
599	599
6	6
6	713
60	1167
60	210
60	2380
60	3188
60	449
60	561
60	60
600	2084
600	2476
600	3775
600	3840
600	600
601	2030
601	2790
601	3312
601	3401
601	3454
601	3854
602	602
603	1959
603	3666
603	603
604	604
605	2423
605	3086
605	605
606	1344
606	1581
606	2028
606	2431
606	3257
606	3731
606	3865
607	1802
607	2186
607	2674
607	2924
607	3935
607	893
607	944
608	3015
609	609
61	109
61	1188
61	1747
61	1934
61	2060
61	2284
61	2729
61	3342
61	3722
61	3744
61	3937
61	3994
61	402
61	61
612	855
613	1180
613	3045
613	3095
613	613
613	808
614	3827
614	614
614	740
617	1183
617	2883
617	617
617	737
618	3505
618	618
618	803
619	2159
619	2784
62	2287
620	1046
620	1090
620	1167
620	1462
620	1486
620	1767
620	2101
620	2364
620	2380
620	2660
620	2810
620	2886
620	2925
620	3877
620	620
620	633
620	665
620	758
620	917
621	1037
621	1127
621	2149
621	2551
621	2976
621	3058
624	1051
624	1563
624	1719
624	2144
624	2372
624	624
624	712
625	1100
625	1510
625	1526
625	1551
625	1879
625	1880
625	2273
625	2349
625	3762
625	625
626	1719
626	1748
626	3263
627	2582
627	937
628	3129
628	628
628	738
628	748
63	1343
63	63
631	1042
631	1482
631	1667
631	1952
631	2353
631	2391
631	2665
631	2682
631	631
631	745
632	1579
632	1802
632	2426
632	3198
632	3598
632	632
633	1937
633	2104
633	3324
633	3361
633	633
633	736
634	2935
635	3524
635	893
636	636
637	1774
637	1779
637	2538
637	3130
638	2702
638	2979
638	638
639	1441
639	3480
639	3712
639	639
639	832
639	951
64	1643
64	1666
64	2375
64	3042
64	64
64	830
640	1419
640	3106
640	3133
640	3693
640	640
642	1340
642	1980
642	2634
642	3483
644	3188
644	644
645	1456
645	1592
646	3380
646	3391
646	646
646	878
647	1576
647	2004
647	3160
647	647
648	648
649	2213
649	2767
649	3828
649	649
65	1121
65	1162
65	1719
65	1748
65	1781
65	3247
65	3263
65	3707
65	626
65	65
65	740
65	77
650	1361
650	2845
650	2927
650	3566
650	3808
650	842
650	916
651	2376
651	2577
651	3272
651	3509
651	3771
653	2262
654	1306
654	1995
654	2110
654	3889
654	654
655	1085
655	1094
655	3073
655	3164
655	3450
655	3967
655	858
656	656
657	1444
657	2417
657	3508
658	3293
658	3335
658	3817
658	658
659	2394
659	3596
66	1264
66	2615
66	66
660	3829
660	660
661	2255
661	2453
661	2485
661	2567
661	2852
661	3316
662	2416
662	2600
662	2907
663	2112
663	2665
664	1744
664	2387
664	2505
664	3757
664	664
665	1164
665	1486
665	1621
665	1793
665	2125
665	2284
665	2778
665	3101
665	3504
665	3523
665	3686
665	665
666	2185
666	2771
666	2895
668	1734
668	3168
669	1278
669	1728
669	1734
669	1959
669	2337
669	2491
669	3178
669	3317
669	3861
669	3963
669	669
669	811
67	1248
67	1486
67	1530
67	1543
67	2054
67	2292
67	2295
67	285
67	3033
67	3499
67	3654
67	3870
67	436
67	571
67	67
67	770
67	95
67	991
672	2591
672	2840
672	3021
672	672
672	829
673	1881
674	2771
674	3774
674	3835
674	674
674	680
674	708
675	1006
675	3213
675	3664
675	3747
675	817
675	885
676	1107
676	676
677	2132
677	2497
677	3492
677	3548
677	677
678	1351
678	1478
678	1637
678	1967
678	2066
678	2493
678	2532
678	2756
678	2762
678	2902
678	2913
678	3020
678	3377
678	678
678	840
678	866
678	941
678	953
679	2131
679	679
68	1397
68	1996
68	2112
68	2723
68	2797
68	3293
68	3566
68	3817
68	3896
68	658
68	68
68	947
680	1041
680	1769
680	1841
680	2290
680	2525
680	3344
680	3373
680	3419
680	3556
680	3715
680	680
681	1050
681	681
682	1934
682	1968
682	3197
682	3759
683	1252
683	1681
683	1738
683	1985
683	683
684	3466
685	1793
685	1831
685	1995
685	2053
685	2133
685	2577
685	2646
685	2716
685	2765
685	3076
685	3166
685	3171
685	3221
685	3318
685	3324
685	3410
685	3771
685	685
686	869
687	1344
687	3024
687	3257
688	1142
688	1393
688	1670
688	1801
688	3249
688	3882
688	688
689	1809
689	3564
689	3620
689	689
69	125
69	2373
69	3602
69	69
69	771
69	851
690	2643
690	690
690	869
692	692
693	1338
693	1879
693	3135
693	3408
694	1217
694	1363
694	1519
694	1642
694	2422
694	3380
694	694
695	2096
695	2496
695	2838
695	695
696	1891
696	2366
696	2379
696	2465
696	2629
696	3706
696	696
697	2582
697	937
698	1954
7	151
7	2388
7	270
7	3252
7	34
7	7
70	750
701	1184
701	1247
701	1562
701	2119
701	2218
701	2242
701	2668
701	925
702	3992
702	702
706	2486
706	706
707	1016
707	1415
707	1540
707	1866
707	2170
707	3814
707	707
707	925
708	1124
708	1680
708	2044
708	2210
708	2449
708	2972
708	3151
708	3392
708	708
708	899
709	2952
709	709
71	2573
71	3072
71	3502
71	71
710	710
711	782
712	1540
712	1685
712	2023
712	2105
712	2595
712	2683
712	3232
712	3793
712	3927
712	712
713	1212
713	2708
713	2982
713	3667
713	3857
713	713
713	756
713	994
714	714
714	896
715	2799
715	3688
715	715
716	1597
716	1996
716	2184
716	716
717	2407
717	3918
717	717
717	782
718	1319
718	2045
718	2250
718	3484
718	3677
72	2522
72	2768
72	2928
72	72
720	1843
720	2793
720	720
721	1122
721	2771
721	2774
721	721
722	1349
722	1923
722	2195
722	2313
722	2401
722	3566
722	3883
722	722
722	791
722	795
723	723
724	1150
724	2330
724	2449
724	2530
724	2755
724	3322
724	3438
724	3606
724	724
724	928
725	1109
726	1535
728	1144
728	1413
728	1774
728	2471
728	2592
728	2913
728	2989
728	3099
728	3328
728	3464
728	3516
728	728
728	955
73	3129
73	628
73	632
731	1609
731	2528
732	1362
732	1887
732	732
734	2997
734	960
735	1490
735	1497
735	2482
735	2757
735	873
736	1482
736	2620
736	736
737	1183
737	2444
737	737
738	3129
739	1846
739	2005
739	3048
739	739
74	1757
74	1780
74	2015
74	2125
74	254
74	2992
74	2995
74	3101
74	568
74	665
74	74
740	1044
740	1162
740	1719
740	2712
740	3707
740	740
740	797
741	2009
741	2854
741	741
742	742
743	2670
744	1022
744	1257
744	1375
744	1564
744	1754
744	1810
744	2018
744	2021
744	2328
744	2369
744	2415
744	744
745	1349
745	2360
745	2391
745	2631
745	3137
745	3499
745	745
745	978
746	1082
746	1466
746	1574
746	1877
746	2218
746	2330
746	2449
746	2454
746	2755
746	3353
747	1522
747	773
748	1260
748	3129
748	748
749	1163
749	1276
749	2497
749	2580
749	2608
749	2653
749	2713
749	2739
749	3624
749	3958
749	749
75	1022
75	1286
75	1456
75	1623
75	216
75	2373
75	3602
75	3745
75	421
75	481
75	645
75	723
75	75
75	771
750	2817
750	750
751	2597
751	751
752	1085
752	2847
752	3398
752	3967
752	801
753	753
754	2137
756	1054
756	3990
756	756
756	810
758	1079
758	1264
758	1578
758	1782
758	1808
758	1847
758	1975
758	2150
758	2207
758	2217
758	2233
758	3166
758	3229
758	3403
758	3592
758	3728
758	3735
758	758
758	780
758	885
759	2207
759	3352
759	759
76	1105
76	76
760	1324
760	1519
760	1522
760	2123
760	2794
760	3484
760	3707
761	1413
761	1620
761	1879
761	1886
761	1973
761	1993
761	2043
761	2208
761	2361
761	2381
761	2456
761	2487
761	2607
761	3147
761	3314
761	3821
761	761
762	2193
763	1057
764	2256
764	764
765	1021
765	1903
765	2364
765	2454
765	2578
765	2600
765	2941
765	2996
765	3188
765	3571
765	3723
765	3859
765	765
765	766
765	953
766	1221
766	1943
766	2578
766	2951
766	3349
766	3368
766	3891
766	766
767	1053
767	2622
767	3884
767	767
769	1089
769	1865
769	2490
769	2812
769	2876
769	769
77	1100
77	1590
77	1689
77	2020
77	2175
77	2622
77	3177
77	3424
77	626
77	671
77	77
770	2054
770	2085
770	2835
770	866
771	1207
771	1622
771	1719
771	1783
771	1980
771	2373
771	3602
771	771
771	780
771	851
772	1000
772	1312
772	772
773	1191
773	1239
773	1348
773	1603
773	1741
773	1805
773	2116
773	2258
773	2593
773	2635
773	3005
773	3277
773	3351
773	773
773	844
774	2191
775	1397
775	2475
775	2814
776	3719
777	888
778	1189
778	1578
778	1680
778	2180
778	3301
778	3662
778	3704
778	778
779	2265
779	779
78	124
78	1246
78	1731
78	2229
78	2262
78	2853
78	3152
78	3285
78	3542
78	3558
78	3667
78	78
780	1012
780	1782
780	1887
780	2220
780	2242
780	2373
780	2848
780	2866
780	2995
780	3253
780	3392
780	3499
780	3585
780	3602
780	3722
780	3728
780	3964
780	780
780	925
781	3048
781	781
782	1200
782	1258
782	2199
782	2288
782	2592
782	2641
782	2721
782	3412
782	3918
782	782
782	863
782	948
783	1032
783	1903
783	2018
783	3472
783	3941
785	785
786	3561
786	3728
786	786
789	1957
789	2408
789	3368
789	789
79	2193
79	3090
79	3990
79	756
79	762
79	79
79	810
790	1333
790	2073
790	2486
790	2715
790	2995
790	3220
790	3955
790	849
790	858
790	976
791	1167
791	1174
791	1972
791	2609
791	2745
791	3188
791	791
791	990
792	1161
792	1699
792	3455
792	3473
792	792
793	1217
793	1747
793	1765
793	1911
793	1935
793	3348
793	3887
793	3940
793	793
795	1097
795	2401
796	1120
796	2043
796	2381
796	3587
796	3648
796	3752
796	873
797	1976
797	2113
797	2515
797	2559
797	3218
797	3338
797	3371
797	3541
797	3710
797	3722
797	3762
797	3772
797	3964
797	797
797	809
799	1522
799	1610
8	1070
8	1098
8	1438
8	1497
8	1519
8	1656
8	1956
8	2072
8	2298
8	2301
8	2679
8	2757
8	2840
8	2857
8	3156
8	3317
8	3456
8	362
8	3697
8	3934
8	799
8	8
8	845
8	9
80	690
80	80
80	869
800	1499
801	1085
801	1295
801	1839
801	1961
801	2847
801	3164
801	3398
801	3751
801	3967
801	801
802	1451
802	3253
802	3729
802	3932
802	814
802	864
803	3225
803	3289
803	3514
803	3618
803	3701
803	3835
803	803
804	1075
804	1532
804	1791
804	2483
804	3515
804	3533
804	3796
804	804
804	993
805	1211
805	1341
805	3015
805	805
807	1298
807	1622
807	2468
807	2518
807	2695
807	3380
807	3647
807	807
808	1641
808	1971
808	2262
808	3261
808	3344
808	3540
808	808
809	1098
809	1099
809	1976
809	2359
809	2726
809	2837
809	2879
809	2888
809	3504
809	3722
809	3878
809	3964
809	809
809	997
81	1519
81	1630
81	2683
81	2960
81	3126
81	3232
81	3437
81	3519
81	3885
81	599
81	81
810	1086
810	1828
810	2480
810	3990
811	1157
811	2337
811	2517
811	3178
811	3817
811	811
811	848
812	2867
812	3504
814	1769
814	1928
814	2073
814	2110
814	2280
814	2385
814	2515
814	2684
814	2712
814	3228
814	3270
814	3341
814	3364
814	3499
814	3680
814	3681
814	3772
814	814
814	964
815	1991
815	2718
815	3317
815	3380
815	3647
815	815
816	2128
816	3146
816	816
817	2016
817	3664
817	3747
818	2207
818	818
819	1017
819	1328
819	831
82	133
82	1872
82	1943
82	2053
82	2534
82	2577
82	2735
82	2759
82	3190
82	3272
82	3771
82	685
82	808
82	82
820	1331
820	1453
820	2144
820	2678
820	2887
820	3783
820	3930
820	820
821	2218
821	3923
821	821
822	1686
822	2260
822	3797
822	822
822	951
823	1880
823	2898
824	1812
824	2481
825	1541
825	2345
825	2485
825	825
827	1185
827	1398
829	1457
829	1610
829	1717
829	2091
829	2678
829	2780
829	2840
829	3297
829	3515
829	829
829	949
83	1190
83	1468
83	1814
83	1924
83	2302
830	830
832	1203
832	1261
832	2229
832	2262
832	2360
832	2439
832	2840
832	2997
832	3386
832	3532
832	3885
832	3928
832	951
834	834
836	1075
836	1215
836	2171
836	836
838	2610
838	3846
838	838
839	839
84	1114
84	2927
841	1481
842	2845
843	2712
843	3270
843	3889
844	1312
845	1113
845	1184
845	1630
845	1836
845	1932
845	1956
845	2028
845	2050
845	2128
845	2167
845	2620
845	2904
845	2907
845	2999
845	3079
845	3279
845	3431
845	3559
845	3720
845	3819
845	3884
845	845
845	917
845	999
846	2229
846	2262
846	3532
847	1104
847	2740
848	1052
848	1157
848	3178
848	3640
848	3813
848	848
849	1012
849	1274
849	1333
849	1500
849	1757
849	1893
849	2092
849	2486
849	2540
849	2554
849	2721
849	2821
849	3236
849	3501
849	3955
849	849
85	1026
85	183
85	2211
85	3156
85	85
850	2856
851	2373
851	3602
852	2693
852	3183
852	3188
852	852
853	1181
853	2407
853	3575
854	1880
854	1994
855	1069
855	1422
856	1333
856	2463
856	2485
856	3832
857	3630
858	1271
858	1836
858	2576
858	2886
858	2982
858	2995
858	3073
858	3101
858	3220
858	3361
858	3367
858	3496
858	3872
858	3955
858	3957
858	858
858	976
859	1189
859	1344
859	2038
859	2363
859	2372
859	3257
859	3469
859	859
862	3931
863	863
863	922
864	1087
864	3166
864	3729
864	864
865	1396
865	1664
865	2120
865	2148
865	3626
865	3932
865	865
866	1308
866	1551
866	1596
866	2164
866	2349
866	2359
866	2515
866	2679
866	3338
866	3378
866	3433
866	3499
866	3513
866	3762
866	3934
866	3964
866	866
868	2974
869	869
87	1888
87	2647
87	2922
87	3121
87	87
870	3853
871	3355
871	871
872	1043
872	1882
872	1917
872	1930
872	3130
872	3697
872	872
873	2757
874	3318
874	3654
874	874
875	1098
875	1151
875	1641
875	2077
875	875
876	1195
876	1987
876	2323
876	876
877	2343
877	2697
877	877
878	1543
878	1745
878	2415
878	2434
878	3391
879	1517
879	2302
879	2409
879	2934
879	3278
879	3423
879	3771
879	879
879	953
88	2113
88	88
880	1060
880	2927
880	3291
880	3501
880	3849
880	880
880	987
881	2647
883	883
885	1577
885	3229
885	3593
885	3664
885	3747
885	3808
885	3870
885	885
886	1184
886	1600
886	2785
886	3473
886	3685
886	886
887	1143
887	2866
887	2932
887	3529
887	3625
887	3728
888	3009
888	3033
888	3289
888	3378
888	888
889	889
891	1287
891	1587
891	2820
891	891
891	992
892	2020
892	892
893	1802
893	3524
893	3935
895	1636
895	1725
895	1916
895	2515
895	3130
895	3433
895	3615
895	3648
895	3759
895	895
895	997
897	897
898	2135
899	2190
899	3054
9	1517
9	3714
9	9
90	2587
901	2088
903	1115
903	2266
903	3195
904	1284
904	1567
904	2757
904	3130
904	3615
904	3648
904	904
906	2331
906	906
907	907
908	1025
908	2622
908	3177
908	3259
908	926
909	2020
909	3023
91	471
910	2279
910	910
912	2604
913	1072
914	914
915	1240
915	1923
915	3691
915	915
916	1051
916	1175
916	1248
916	1369
916	1465
916	1879
916	1902
916	2639
916	2647
916	2871
916	3131
916	3361
916	3657
916	3692
916	3842
916	3870
916	3957
916	916
917	1108
917	1462
917	2028
917	2874
917	2886
917	2994
917	3491
917	3559
917	3745
917	3875
917	917
918	1541
918	2486
918	3240
918	3695
92	705
920	1434
920	3384
920	920
921	1169
921	2096
921	2334
921	3842
921	921
922	2241
922	3159
922	3455
922	922
923	1545
923	2960
924	1197
924	2160
924	2417
924	2536
924	2935
924	3328
924	3532
924	924
925	1444
925	1887
925	2218
925	2242
925	3814
925	3860
925	925
925	994
926	1025
926	926
926	946
927	1235
927	1375
927	2416
927	2866
927	3459
928	1278
928	2454
928	928
929	1570
929	3925
929	929
93	1223
93	1250
93	1785
93	2409
93	2748
93	3457
93	3644
93	465
93	562
93	689
93	93
930	930
931	1283
932	1438
932	2415
932	2422
932	2824
932	3579
932	3611
932	3750
934	1772
934	2092
934	934
935	2716
935	935
936	1083
936	2623
936	3151
936	3853
936	936
937	2582
94	1037
94	1071
94	1190
94	1379
94	1468
94	1654
94	1663
94	2302
94	2453
94	2792
94	2852
94	2902
94	3341
94	3420
94	3423
94	3918
94	751
94	94
940	1479
940	1951
940	2003
940	940
942	2838
942	942
943	1481
943	1813
943	2888
943	3657
943	3956
943	943
944	1681
944	2186
948	1200
948	1258
948	1315
948	1754
948	2077
948	2092
948	2148
948	2199
948	2275
948	2288
948	2486
948	2538
948	2546
948	2581
948	2852
948	3087
948	3412
948	3582
948	3918
948	3974
948	948
949	1108
949	1112
949	2575
949	3801
949	949
95	1076
95	1379
95	1530
95	1594
95	1855
95	1913
95	1958
95	2468
95	2781
95	2792
95	2811
95	2963
95	3063
95	3352
95	3806
95	385
95	3870
95	3918
95	3936
95	550
95	95
951	1007
951	1545
951	1851
951	2260
951	3126
951	3394
951	3709
951	3885
951	951
953	1548
953	1795
953	2113
953	2372
953	2577
953	2600
953	3513
953	3950
953	953
955	1144
955	1413
955	1880
955	2776
955	3061
956	956
957	1551
957	1956
957	2149
957	2349
957	2558
957	3278
957	3377
957	3697
957	3762
957	957
959	2057
959	3970
96	2591
96	2792
96	2882
96	96
960	1543
960	2895
960	2997
960	3128
960	3270
960	3774
960	3835
960	960
961	1059
961	2622
961	3167
961	3259
961	961
963	1210
963	2077
963	2259
963	963
965	1411
965	2529
965	2997
965	3226
966	1032
966	1556
966	966
967	3033
967	3217
967	967
968	2820
969	1462
969	3378
969	969
97	107
97	1934
97	2422
97	2931
97	3147
97	539
97	761
97	97
970	1260
970	1980
970	2874
970	3000
970	3491
970	3602
970	3606
970	3952
970	970
971	971
973	1308
973	2620
974	1198
974	2451
974	3055
974	3895
976	1046
976	1260
976	1466
976	1660
976	2336
976	2486
976	2653
976	2995
976	3141
976	3220
976	3268
976	3955
976	976
977	977
978	2391
978	2795
978	3772
978	978
979	979
98	2718
98	582
980	1459
980	1655
980	980
981	981
982	982
983	1484
983	2747
983	983
985	1384
985	1464
985	1938
985	1988
985	2527
985	3562
985	985
987	1854
987	1893
987	987
988	1046
988	1704
988	2925
988	2961
988	3518
988	988
989	2511
989	2747
99	1257
99	1291
99	155
99	1617
99	1641
99	1887
99	1902
99	200
99	2242
99	2518
99	2576
99	266
99	2886
99	2982
99	3024
99	3239
99	3857
99	512
99	780
99	858
99	925
99	99
990	990
991	1248
991	1315
991	1583
991	2347
991	3033
991	3616
991	3985
991	991
992	3113
992	3659
992	992
993	1365
993	1388
993	1791
993	1793
993	1864
993	2088
993	2235
993	2678
993	2790
993	3329
993	3470
993	3874
993	3953
993	993
994	1140
994	1282
994	1355
994	1666
994	1746
994	2064
994	2108
994	2468
994	2770
994	3037
994	3317
994	3406
994	3504
994	3647
994	3722
994	3964
994	994
995	1171
995	1554
995	1591
995	1622
995	1803
995	2435
995	2497
995	2973
995	3030
995	3276
995	995
996	1359
996	1855
996	2703
996	2781
996	3537
996	996
997	1704
997	3333
997	3476
997	3541
997	3878
999	1037
999	1276
999	1671
999	1735
999	1890
999	2167
999	2221
999	3079
999	999
