#Nodes	4000
#Edges	7047
0	2781
1	496
1	856
10	10
10	11
10	1373
10	1491
10	154
10	1980
10	220
10	2493
10	2566
10	2624
10	2743
10	2790
10	2874
10	2987
10	3070
10	3165
10	3350
10	3491
10	3602
10	3691
10	384
10	3880
10	3938
10	552
10	724
10	75
10	757
10	823
10	837
10	962
10	993
1000	1000
1000	1765
1001	1671
1001	2031
1001	3882
1003	1003
1003	1327
1004	1004
1004	1096
1004	3565
1005	2641
1006	1125
1006	1567
1006	2399
1007	1007
1007	1715
1007	2227
1007	2577
1007	2689
1007	3911
1008	1470
1008	1490
1008	1494
1008	2776
1008	3188
1009	2493
1010	3721
1011	1011
1011	1843
1011	2422
1011	3234
1011	3750
1013	1440
1014	1014
1014	1017
1015	1015
1015	1709
1015	2209
1015	2248
1015	3413
1018	1018
1018	1357
1018	1430
1018	1645
1018	1647
1018	1716
1018	1757
1018	1827
1018	1845
1018	2036
1018	2542
1018	2632
1018	3439
1018	3512
102	291
102	3237
102	495
1020	1020
1020	1246
1020	2853
1020	2953
1021	1021
1021	1786
1021	1933
1021	3120
1021	3188
1021	3817
1022	3382
1022	3696
1023	1023
1023	1097
1023	1123
1023	2971
1023	3242
1026	1026
1026	1067
1026	2211
1026	3156
103	103
103	2116
103	2593
103	3005
103	773
1030	1030
1030	1314
1030	1502
1030	2500
1030	2855
1030	2866
1030	3024
1030	3872
1031	1031
1031	1216
1031	2316
1031	2952
1032	1032
1032	1126
1032	1556
1032	2400
1033	1033
1033	3166
1033	3177
1036	1856
1037	1037
1037	2811
1038	1038
1038	1805
1038	2191
1039	2374
104	104
1041	1841
1041	3519
1041	3853
1046	1046
1046	1092
1046	1344
1046	1490
1046	2353
1046	2925
1046	2995
1046	3257
1046	3396
1046	3500
1046	3736
1047	2293
1047	2814
1047	3089
1048	1048
1048	1723
1048	2942
1048	2981
1048	3821
105	1190
105	1732
105	3678
105	431
105	915
105	945
1050	1050
1052	1052
1052	2162
1055	1055
1055	2521
1056	1056
1057	1057
1057	1171
1057	1626
1057	2071
1057	2383
1057	2585
1057	3651
1057	3881
1059	1059
1059	2083
1059	2197
1059	2664
106	1143
106	125
106	1482
106	1848
106	192
106	1952
106	225
106	2626
106	3070
106	316
106	3228
106	341
106	3491
106	3593
106	3749
106	513
1060	1060
1060	2170
1060	3141
1061	1328
1062	2448
1062	3181
1063	1815
1063	3817
1064	1064
1064	1856
1064	3114
1064	3243
1067	2677
1069	1658
1069	2770
107	107
107	1497
107	2460
107	2861
107	2931
107	3221
107	369
107	442
107	774
1070	1070
1070	1207
1070	1596
1070	2513
1070	2679
1070	3936
1073	1073
1073	3287
1073	3356
1073	3600
1073	3828
1074	1635
1075	1075
1075	1369
1075	1490
1075	2171
1075	2776
1075	3268
1075	3735
1075	3880
1078	1078
1078	1405
1078	2603
1079	1289
1079	1316
1079	2982
1079	3212
1079	3975
108	108
108	1087
108	1369
108	2248
108	3131
108	3347
108	3387
108	3735
108	3744
108	3874
108	414
108	672
108	864
108	916
108	927
108	957
1080	1080
1080	1259
1080	2080
1080	3340
1080	3676
1081	1081
1081	1217
1081	1300
1081	1522
1081	2675
1081	2718
1081	3380
1081	3897
1083	1445
1083	2632
1084	1171
1084	1184
1084	1893
1084	2402
1084	3114
1084	3276
1084	3372
1085	1085
1085	1295
1085	1314
1085	1344
1085	1500
1085	2838
1085	3751
1085	3967
1086	1828
1087	2461
1087	2885
1087	3228
1088	1742
1088	1888
1088	2057
1088	3015
1088	3270
1088	3435
1089	1089
1089	2490
109	2060
109	2669
1090	1617
1091	2211
1092	1092
1092	1698
1092	2353
1092	3228
1092	3736
1094	1899
1097	1123
1098	1098
1098	1477
1098	1596
1098	2388
1098	2468
1099	1099
1099	2468
1099	2770
1099	3037
1099	3406
1099	3504
11	11
11	1168
11	1336
11	1347
11	1680
11	1795
11	1962
11	2233
11	2415
11	2493
11	2963
11	3536
11	3691
11	3745
11	616
11	678
11	807
11	837
110	3512
1102	3777
1103	1103
1103	3975
1104	1104
1104	1217
1104	1911
1104	3750
1105	1105
1106	1106
1106	3224
1108	1462
1108	3245
111	3881
111	693
1110	2248
1110	2602
1110	3118
1112	1112
1112	2309
1114	1114
1114	2325
1114	2821
1114	2973
1115	1115
1115	2176
1115	2229
1115	3195
1117	1117
1117	2954
1118	1911
112	1509
112	199
112	458
1122	1444
1123	1123
1123	1845
1123	2310
1123	2514
1123	2592
1123	2657
1123	3242
1123	3512
1125	1125
1125	3272
1126	2400
113	3344
1130	1130
1130	2802
1132	1433
1132	2412
1133	1133
1133	2298
1133	2403
1134	1134
1134	2827
1135	1893
1138	1138
1138	3991
114	1830
114	193
114	292
114	622
1141	1141
1141	1628
1141	3600
1141	3828
1142	1142
1143	1143
1143	1269
1143	1289
1143	2376
1143	3749
1144	1144
1144	1490
1144	2776
1146	1146
1146	2185
1146	2690
1146	3754
1148	1341
1148	1468
1148	2298
1149	2657
1149	3512
115	1394
115	1690
115	341
1152	2041
1152	3710
1153	1153
1155	1155
1155	1371
1155	1519
1155	1628
1155	1656
1155	2020
1155	2415
1155	2675
1155	2718
1155	3034
1155	3214
1156	1431
1157	3817
1159	1159
1159	2553
116	116
1160	1922
1161	1161
1162	1162
1164	1271
1164	2312
1165	1165
1165	2476
1165	2548
1166	1166
1168	1168
1168	1939
1168	1969
1168	3231
1168	3745
1168	3875
1171	1171
1171	1626
1171	3276
1172	1172
1172	2885
1172	3699
1173	1173
1174	1174
1174	1302
1178	1178
1178	1533
1178	3430
1178	3923
1181	2464
1181	3203
1182	2648
1183	1183
1184	1184
1184	1407
1184	1430
1184	1471
1184	2642
1184	3006
1184	3372
1184	3465
1184	3912
1187	1269
1187	3877
1188	1188
1188	3994
1189	2449
1190	1190
1190	1341
1190	1635
1190	1742
1190	1924
1190	2057
1190	2298
1190	2632
1190	3899
1191	1191
1192	1192
1192	1716
1192	2306
1192	3393
1193	1405
1193	2712
1193	3667
1194	1194
1194	1261
1194	1514
1194	2661
1194	3697
1196	1196
1196	1369
1196	1457
1196	2054
1196	2341
1196	2510
1196	3252
12	233
12	3777
12	3904
12	776
120	1053
120	120
120	1341
120	1368
120	1482
120	1486
120	1600
120	1932
120	2242
120	2251
120	2331
120	2696
120	2762
120	3068
120	3253
120	3370
120	347
120	3561
120	3612
120	3621
120	3717
120	546
120	770
120	855
120	906
1200	1210
1201	1201
1203	1203
1203	1519
1204	1204
1204	2325
1204	3145
1205	1205
1205	1231
1205	2611
1205	2716
1205	3588
1208	1208
1208	3657
1209	3151
121	121
1213	1613
1213	1697
1213	3817
1214	1214
1214	3484
1216	1754
1217	1217
1217	1348
1217	2630
1217	3034
1217	3750
1217	3891
1217	3897
1218	1218
122	3763
122	3781
1221	1221
1221	2938
1223	1223
1223	1250
1223	1289
1223	1785
1223	3644
1225	1225
1225	2192
1226	1226
1226	2736
1226	3616
1228	1228
1229	1229
1229	2781
123	123
123	2871
123	3827
123	913
1234	1234
1236	1948
1236	3174
1236	3462
1237	1237
1237	2663
1237	3929
1238	1238
1238	1316
1238	1826
1239	1239
124	1193
124	124
124	1288
124	1405
124	2029
124	209
124	2229
124	225
124	3470
124	3650
124	3667
124	3838
124	3928
1240	1240
1240	2057
1240	2632
1240	3975
1241	1241
1241	2538
1241	2661
1243	1243
1244	1244
1244	1641
1245	1455
1246	2853
1248	1248
1248	1277
1248	1486
1248	2292
1248	2413
1248	3361
1248	3769
1248	3870
1249	1249
1250	1250
1250	1785
1250	3644
1253	1369
1253	2647
1254	2525
1254	3232
1255	1570
1255	3925
1258	2833
126	2645
126	2880
126	3007
126	3183
126	3405
126	392
126	484
126	626
1261	1514
1263	1969
1264	3188
1265	1948
1265	2515
1265	2640
1265	2708
1265	3762
1267	1267
1268	2829
1269	1269
1269	1289
1269	1768
1269	1875
1269	2055
1269	3212
1269	3877
1269	3953
127	1005
127	127
127	1435
127	2675
1271	1271
1271	2540
1271	2668
1271	3517
1272	1706
1272	2649
1272	3170
1273	1273
1273	1289
1273	1304
1273	1768
1273	2473
1273	2541
1273	2560
1273	2736
1273	3694
1274	1274
1274	1500
1274	1975
1274	3389
1274	3947
1277	1283
1277	2413
1277	2611
1277	2623
1277	2705
1277	3015
1278	1934
1278	1972
1278	2220
1278	3728
128	128
1280	2622
1280	2630
1281	1281
1281	2635
1283	1341
1283	2057
1283	2705
1283	3435
1283	3776
1283	3853
1284	2130
1284	2506
1284	2592
1284	3100
1286	1286
1286	2665
1286	3515
1286	3951
1287	1287
1287	1587
1288	1405
1288	1414
1288	2071
1288	3022
1288	3263
1288	3651
1289	1289
1289	1768
1289	2413
1289	2927
1289	3212
1289	3644
1289	3749
129	129
129	220
129	2278
129	3990
129	756
129	810
1290	2677
1292	1379
1292	1704
1292	1819
1292	2013
1292	2808
1292	3918
1293	1293
1293	1356
1294	2185
1294	2736
1294	3189
1294	3694
1294	3742
1295	1295
1295	1362
1295	1795
1296	2365
13	1936
1300	1522
1301	1301
1302	1302
1303	3547
1304	1304
1304	2541
1304	3196
1304	3642
1305	1305
1305	1888
1305	3121
1305	3974
1306	3325
1306	3889
1307	1680
1307	1815
1307	3118
1308	1537
1309	1309
1309	1935
131	131
131	2227
131	3528
1310	1893
1311	3368
1313	1313
1314	3024
1315	1315
1315	2248
1316	1316
1316	1826
1316	1978
1316	3975
1319	2675
1319	3034
1319	3677
1320	1320
1320	2949
1320	3497
1321	3939
1325	1325
1325	2355
1325	3222
1326	1326
1326	1860
1326	2617
1327	3975
1328	1328
1328	2517
133	133
133	1342
133	3815
1332	1332
1332	1828
1334	3904
1335	1335
1335	1856
1335	2642
1339	1727
1339	2364
134	134
134	2061
1341	1341
1341	1361
1341	1468
1341	2057
1341	2377
1341	2403
1341	2654
1341	2933
1341	3151
1341	3435
1342	2156
1342	2633
1342	3019
1343	1343
1343	1565
1343	2080
1343	3527
1344	1344
1344	1470
1344	2054
1344	2141
1344	2294
1344	2363
1344	2449
1344	2530
1344	2630
1344	3257
1344	3751
1344	3790
1344	3967
1346	3965
1347	1581
1347	2493
1348	1348
1348	1491
1348	1558
1348	1596
1348	1656
1348	1805
1348	1935
1348	2116
1348	2593
1348	3034
1348	3214
1348	3380
1348	3750
1348	3891
1349	1982
1349	3361
1349	3842
135	135
135	1805
135	2155
135	3891
135	985
1350	1743
1350	3357
1351	1351
1351	2066
1351	3299
1352	1352
1352	1564
1352	3138
1352	3819
1353	1353
1353	2250
1355	2223
1357	1357
1357	1757
1357	1845
1357	2092
1357	3512
1357	3525
1357	3582
1360	1360
1360	2098
1360	3050
1360	3070
1360	3494
1361	1361
1361	1368
1361	1561
1361	1565
1361	2892
1361	3772
1361	3875
1365	1365
1365	1388
1365	3212
1365	3320
1367	1367
1367	2239
1368	1368
1368	1561
1368	1677
1368	2373
1368	2573
1369	1369
1369	1818
1369	2058
1369	2248
1369	3131
1369	3744
137	137
137	1912
1372	1372
1372	1883
1373	1373
1373	2532
1373	2624
1374	2007
1374	2200
1374	2739
1375	3764
1375	3783
1376	3159
1377	1377
1377	2729
1378	1378
1378	2463
1379	2013
1380	2364
1380	3084
1380	3566
1381	1381
1381	2129
1383	1383
1385	1385
1385	1683
1385	3308
1386	1386
1386	2318
1386	3105
1386	3679
1388	1553
1389	1389
1389	2306
1389	2372
1389	2972
1391	1391
1392	1392
1393	3032
1393	3249
1394	1394
1394	1650
1394	1690
1394	2184
1394	2229
1396	1396
1397	1397
1397	1601
1397	3089
1397	3460
1397	3557
1397	3688
1398	1398
1398	1466
1398	3232
1398	3709
1399	2846
14	191
14	2208
14	2361
14	2418
14	2483
14	256
14	2648
14	2971
14	3130
14	3615
140	140
140	2015
140	2456
140	2557
140	3101
140	3147
140	463
140	761
1401	1401
1402	1402
1402	3769
1404	1450
1404	2117
1405	3480
1406	2959
1407	2124
1407	3945
141	1080
141	1343
141	141
141	927
1411	1411
1411	1815
1411	2209
1411	3226
1411	3908
1412	3065
1412	3713
1412	3904
1415	1415
1416	1416
1418	1418
1418	1579
1420	1420
1422	1608
1424	1424
1424	1437
1424	1754
1424	2558
1424	2926
1425	1425
1425	1804
1425	2452
1425	2547
1425	3043
1426	1426
1426	3728
1426	3817
1428	2036
1429	1429
143	1292
143	143
143	198
143	2700
143	362
143	728
1430	1430
1430	1471
1430	3202
1430	3439
1430	3465
1430	3908
1431	1431
1431	1968
1431	2968
1431	3407
1432	1432
1432	1800
1432	2206
1432	3155
1433	2412
1434	1434
1434	2792
1434	2912
1434	3466
1435	3479
1436	1436
1436	3527
1436	3736
1437	2926
1438	1438
1438	1519
1438	1678
1438	1716
1438	2020
1438	2156
1438	2415
1438	2422
1438	2542
1438	2548
1438	2718
1438	2824
1438	2980
1438	3034
1438	3383
1438	3403
1438	3494
1438	3750
1439	1567
1439	1607
1439	2555
1439	2568
144	1131
144	144
144	2616
144	270
144	3329
144	758
1441	1441
1441	1595
1443	1443
1444	1444
1444	1908
1444	2004
1445	1646
1445	2110
1445	3270
1446	1446
1446	1632
1447	1447
1447	3408
1449	1449
1449	1769
1449	3070
1449	3484
1449	3772
145	1309
145	145
145	1610
145	1717
145	243
145	3157
145	3335
145	3484
1450	1450
1450	1666
1450	2084
1450	2553
1450	3042
1451	3234
1452	1452
1452	1743
1454	1454
1454	1973
1454	2776
1454	3948
1455	1455
1455	1770
1457	1457
1457	1610
1457	1717
1457	1833
1457	1991
1457	2123
1457	2678
1457	2718
1457	3189
1457	3305
1457	3499
146	1665
146	3236
1460	3121
1462	1998
1462	2634
1462	2996
1462	3140
1463	1794
1464	1464
1466	1466
1466	2885
1468	1468
1468	1732
1468	2122
1468	2403
1468	3741
1469	1469
1469	2795
1469	3293
147	1000
147	147
147	1765
147	1935
147	2691
147	2806
147	3110
147	3380
147	3798
147	772
1470	1470
1470	1490
1470	1494
1470	1497
1470	1624
1470	2607
1470	2736
1470	2776
1470	3546
1471	2407
1471	2927
1471	3511
1472	1472
1472	2570
1472	2694
1472	3068
1472	3370
1472	3443
1472	3585
1473	1473
1476	1882
1476	2130
1476	3598
1477	1477
1477	2301
1477	2518
1479	2951
148	151
148	2020
148	2858
148	902
1482	1482
1482	2302
1482	2570
1482	3189
1482	3561
1483	3971
1484	1484
1484	3178
1485	1765
1485	2900
1485	3380
1486	1824
1486	2244
1486	2762
1486	2848
1486	3297
1486	3508
1486	3805
1486	3870
1487	1487
1488	1488
1488	1787
149	2164
149	674
1490	1490
1490	1494
1490	1497
1490	1973
1490	2090
1490	2093
1490	2757
1490	2776
1490	2878
1490	3546
1491	1491
1493	1493
1493	2870
1494	2875
1495	1495
1495	2332
1495	3198
1496	1496
1496	3033
1497	2482
1497	2536
1497	2776
1498	2923
1499	1893
1499	2622
1499	3360
1499	3941
15	1051
15	164
15	2092
15	2167
15	3166
15	3364
15	3582
15	3668
15	836
150	150
150	2130
150	3615
150	3846
1500	1500
1500	1975
1500	2259
1500	3389
1502	1502
1503	1503
1503	3425
1504	1504
1506	1506
1508	1508
1508	2477
1509	2376
1509	3281
151	151
151	167
151	3033
1510	3783
1510	3930
1512	1512
1512	3654
1514	2661
1515	1515
1515	1911
1515	1935
1515	2116
1515	2436
1515	3380
1515	3798
1515	3891
1515	3959
1517	1517
1518	1518
1519	1519
1519	1678
1519	1734
1519	1810
1519	2156
1519	2718
1519	2956
1519	3012
1519	3232
1519	3403
1522	1522
1522	1761
1522	2718
1522	3097
1523	1523
1523	2218
1523	2500
1523	3143
1527	1527
1528	2130
1528	2620
1529	1823
153	2632
153	332
153	3621
153	3738
153	770
153	945
1534	2852
1534	3525
1536	1712
1538	2193
154	154
154	216
154	3626
154	3794
154	3862
1540	1540
1540	2467
1540	2837
1541	1541
1541	1664
1541	1782
1541	1966
1541	2345
1541	3932
1543	1543
1543	1654
1543	1824
1543	2302
1543	2333
1545	3306
1548	3581
1549	1549
1549	3531
1549	3657
155	1055
155	1079
155	1264
155	1294
155	155
155	1617
155	1662
155	193
155	1995
155	2521
155	266
155	2975
155	2982
155	3024
155	3031
155	3137
155	3188
155	3260
155	3644
155	3742
155	3761
155	3857
155	3870
155	3975
155	654
155	842
1550	1678
1550	2718
1552	1552
1552	3630
1554	1554
1554	1893
1554	2325
1554	2445
1554	2522
1554	2821
1554	2973
1554	3088
1555	1778
1557	1557
1558	1558
1558	1656
1558	2806
1558	3214
1558	3380
1558	3646
1558	3750
1558	3891
1559	2588
1559	2661
156	3321
1560	1560
1561	3257
1562	2119
1563	1563
1563	2121
1563	2516
1563	2862
1564	1564
1565	1565
1565	1811
1565	2080
1565	3662
1565	3704
1565	3875
1567	1567
1567	2191
1569	1569
1569	3604
1569	3696
1571	2995
1572	1572
1572	2037
1572	2405
1572	2545
1574	1574
1575	1743
1576	1576
1576	1980
1576	2300
1576	2372
1576	3792
1576	3923
1577	1577
1577	2207
1577	2820
1577	3486
1578	1875
1578	2055
1578	3520
1578	3953
1579	1718
1579	1772
1579	2092
1579	2917
1579	3582
158	1410
158	1496
158	158
158	1815
158	2681
158	352
158	562
158	854
1581	1680
1581	1886
1581	3350
1581	3497
1581	3865
1583	1583
1583	3033
1583	3502
1583	3518
1583	3841
1584	1584
1584	3034
1584	3144
1584	3342
1587	1587
1587	2680
1588	1588
1588	1757
1589	2402
159	2376
159	2479
159	3907
159	651
1590	2052
1591	1736
1592	1592
1592	2701
1592	3662
1593	2119
1595	3480
1596	2679
1596	2718
1597	1597
1597	2196
1597	3606
16	1145
1600	1600
1600	3260
1601	1601
1601	1788
1601	2370
1601	3070
1601	3349
1601	3458
1603	1603
1604	1855
1605	1947
1605	3979
1606	1606
1607	2992
1608	1608
1608	1819
1608	1893
1608	2138
1608	2238
1608	2302
1608	2310
1608	2514
1608	2661
1608	2805
1608	3697
1609	2528
1610	1610
1610	1717
1610	1865
1610	1991
1610	2191
1610	2367
1610	2528
1610	2826
1610	3097
1610	3157
1610	3335
1610	3521
1610	3784
1610	3817
1610	3891
1612	2736
1613	1613
1613	1697
1613	1989
1616	1616
1616	3349
1616	3368
162	162
162	1856
162	2276
162	2622
162	3832
162	419
1620	2456
1621	2510
1621	2927
1622	1622
1622	1679
1622	1728
1622	1933
1622	3956
1622	3988
1624	1624
1625	1772
1625	1998
1625	2822
1625	3445
1626	1626
1626	2071
1626	2603
1627	2032
1628	1628
1628	3600
1630	1630
1630	1971
1631	1631
1631	3567
1632	1632
1632	1829
1633	3001
1634	2466
1634	2500
1634	3701
1635	1742
1635	2122
1635	2298
1635	2327
1635	2563
1635	2632
1635	3179
1636	1916
1637	2768
1638	1638
1639	3832
164	1357
164	1588
164	164
164	1706
164	1753
164	1757
164	1845
164	2083
164	2196
164	2458
164	2664
164	2774
164	3087
164	3446
164	3512
164	721
164	836
164	948
1640	2338
1640	3815
1642	3354
1643	2375
1644	1644
1645	3458
1646	2437
1648	1648
1648	2901
1649	1649
165	1234
165	1481
165	165
165	1821
165	2779
165	797
165	809
165	841
1651	2662
1653	1653
1653	2603
1654	1654
1654	1880
1654	2302
1654	2891
1654	3189
1654	3423
1655	1655
1655	1764
1655	3245
1655	3789
1656	3891
1657	2601
1658	1658
1658	1821
1658	1880
1658	2438
1658	2660
1658	2935
1658	3270
1658	3327
1659	1659
1659	2614
1659	3593
166	1470
166	1624
166	166
166	1965
166	2043
166	2163
166	321
166	3752
166	3753
1661	1661
1664	3530
1664	3932
1665	1665
1665	3047
1665	3058
1665	3929
1666	3042
1668	2596
1668	3712
167	2330
167	2504
167	2755
167	3023
167	340
167	3536
167	3995
1670	2144
1670	2887
1673	2776
1674	1674
1674	2126
1675	1675
1675	2449
1676	2259
1676	2995
1677	1677
1677	3635
1677	3732
1677	3778
1678	1805
1678	2020
1678	2718
1678	3247
1678	3532
168	168
168	1792
168	1833
168	2020
168	2435
168	2973
168	3297
168	3763
168	3781
168	3964
168	995
1680	1680
1680	1893
1680	2213
1680	2415
1680	2523
1680	2892
1681	1681
1681	1985
1682	1682
1682	3018
1684	2094
1685	1685
1685	2628
1685	3855
1685	3893
1686	1686
1686	1716
1686	1742
1687	1752
1694	1796
1694	2486
1696	1696
1697	1989
1698	1698
1698	2353
1698	2616
1698	3780
1698	3985
17	17
17	1815
17	2401
17	3654
17	722
170	1491
170	170
170	1940
170	2194
170	2323
170	2474
170	2476
170	2493
170	2524
170	281
170	3253
170	397
170	622
170	681
1701	1975
1704	1704
1706	1706
1706	2167
1706	2221
1708	1708
1709	1709
1709	3205
1709	3413
171	1442
171	171
171	2023
171	209
171	2229
171	3386
171	3532
171	3928
171	846
1710	1710
1710	1948
1710	3285
1712	1712
1712	2554
1712	3154
1713	3439
1716	1918
1716	2003
1716	2306
1716	2542
1716	2884
1716	3541
1716	3549
1716	3634
1716	3710
1718	2396
1718	3716
172	1622
172	1680
172	172
172	179
172	2054
172	2300
172	2416
172	3360
172	3445
172	384
172	456
172	512
172	746
1720	1720
1720	2444
1720	2527
1723	1723
1723	2842
1723	2981
1723	2996
1723	3084
1723	3821
1724	1724
1725	1725
1725	1916
1725	2409
1725	2611
1727	1727
1727	2364
1728	1933
1729	1729
1729	1872
1729	1916
1729	2585
1729	2611
1729	2716
1729	3471
1729	3776
173	1424
173	173
173	1795
173	1837
173	2113
173	237
173	2558
173	2762
173	3278
173	3377
173	678
173	866
173	957
1730	1730
1733	1733
1734	1734
1734	1748
1734	1966
1734	3879
1736	3234
1737	2622
1737	3167
1740	1740
1740	1852
1742	2632
1742	3519
1743	1743
1743	3357
1746	1746
1746	3158
1746	3696
1746	3823
1747	2669
1747	2978
1749	1749
1749	3103
175	175
175	2198
175	2790
175	2962
175	3454
175	3491
175	569
175	581
175	629
1752	1752
1752	1992
1752	2218
1752	2242
1753	1753
1753	1757
1754	1754
1754	1821
1755	1755
1755	2108
1755	3421
1757	1757
1757	1845
1757	2458
1757	2664
1757	3446
1757	3512
1759	1759
1759	3386
1759	3856
176	1205
176	2338
1760	2836
1762	1762
1762	1906
1762	1935
1762	3309
1763	1828
1764	3245
1765	1765
1765	1935
1765	2653
1765	2900
1765	3110
1765	3380
1765	3798
1769	1769
177	1463
177	177
177	2946
177	3109
177	3158
177	3696
1770	1770
1771	1948
1771	2439
1771	3386
1771	3437
1772	1772
1772	2822
1774	3516
1775	1775
1778	3659
1780	1780
1780	2015
1780	3101
1781	1781
1782	1782
1782	1934
1782	3342
1782	3728
1783	1783
1783	2139
1785	1785
1785	3644
1787	2426
1789	3497
179	1622
179	179
179	2054
179	2141
179	2150
179	2175
179	2235
179	2330
179	2449
179	2530
179	2559
179	2755
179	2885
179	3188
179	3257
179	328
179	3350
179	3360
179	356
179	3805
179	3813
179	384
179	452
179	552
179	729
179	746
1790	1790
1792	2415
1792	3763
1794	1794
1795	1795
1796	2486
1798	1798
1798	1839
180	1284
180	1488
180	180
180	1973
180	2015
180	2842
180	3101
180	3948
180	941
1800	2206
1802	1802
1802	2517
1803	2075
1804	1804
1804	2547
1804	2633
1804	3043
1804	3553
1805	3891
1806	1806
1806	3378
1807	3034
1808	1808
1808	2007
1808	2200
1808	3109
1808	3212
1808	3696
1809	1809
1809	1872
1809	2604
1809	3544
1810	2628
1810	2790
1811	2330
1811	2709
1811	3708
1812	1812
1812	2688
1814	2298
1814	2632
1815	1815
1815	2372
1815	3213
1815	3654
1816	3839
1819	1819
1819	2597
1819	3624
1819	3832
182	1471
182	1634
182	1748
182	182
182	2097
182	2407
182	2466
182	2688
182	3183
182	3774
182	763
1821	1821
1821	2359
1821	3375
1821	3379
1821	3722
1822	1822
1822	2151
1822	3238
1822	3446
1822	3770
1823	1823
1823	2784
1824	1824
1824	2072
1824	3485
1825	1825
1827	2860
1828	1828
1828	2059
1828	2841
183	1696
183	3006
183	3028
1830	1830
1830	3904
1832	1832
1833	1833
1833	2762
1833	3515
1837	1837
1837	2926
1838	1838
1839	1962
184	184
184	352
1841	2003
1841	2110
1841	3070
1841	3270
1843	1843
1843	3954
1844	1844
1845	1845
1845	2664
1846	1846
1846	2428
1848	3433
1848	3759
1848	3863
1849	1849
1849	2491
1849	3337
1849	3662
1849	3704
185	2351
185	331
1851	2289
1851	2858
1852	1852
1852	2208
1852	2971
1852	3130
1852	3615
1852	3648
1852	3999
1853	1853
1854	1854
1856	1856
1856	1893
1856	2253
1856	2276
1856	3052
1856	3243
1856	3372
1856	3727
1856	3890
1857	1857
1859	1859
186	186
1860	2617
1860	3512
1861	2060
1861	2929
1862	2443
1866	1866
1866	3030
1868	1868
1868	3463
1871	3878
1872	1872
1872	2499
1872	2611
1874	2602
1874	3118
1875	2055
1875	3520
1876	1876
1879	1950
1879	3757
188	188
188	2827
188	3085
1880	1880
1880	2169
1880	2302
1880	2438
1880	2898
1880	3327
1880	3423
1880	3872
1881	1881
1881	3558
1881	3889
1884	1884
1885	3179
1886	3214
1887	1887
1888	1888
189	654
1892	1892
1892	3358
1893	1893
1893	2622
1893	3941
1895	2785
1898	1898
1899	3450
19	2739
19	505
1903	1903
1903	2018
1905	2272
1905	3969
1908	2004
191	1120
191	191
191	1917
191	2130
191	2208
191	2365
191	2483
191	280
191	2971
191	3130
191	3411
191	3615
191	3648
191	3753
191	796
191	939
1912	1912
1914	1914
1914	2780
1914	3651
1914	3881
1916	2376
1917	1917
1917	3428
1918	1918
1918	3541
1918	3710
1919	2036
1919	2486
1919	3734
192	1880
192	192
192	3593
1924	1924
1924	3899
1929	3791
193	1462
193	1830
193	193
1930	2130
1931	1931
1931	2112
1931	2283
1931	3822
1932	3253
1934	1934
1934	2022
1934	3342
1934	3728
1934	3952
1935	1935
1935	2116
1935	2200
1935	2653
1935	2691
1935	2900
1935	3380
1935	3891
1936	1936
1936	2393
1936	3505
1939	1939
194	194
194	2020
194	2302
194	2376
194	2891
194	296
194	3061
194	3128
194	3423
194	3949
194	879
1940	1940
1940	2194
1941	1941
1942	2601
1943	2765
1943	3004
1943	3976
1944	2011
1948	1948
1948	2057
1948	2110
1948	2268
1948	2413
1948	2476
1948	2515
1948	2611
1948	2632
1948	2712
1948	3229
1948	3462
1948	3471
1948	3760
1951	2280
1951	2385
1951	2538
1951	2546
1951	2558
1951	3057
1951	3341
1952	3166
1955	1955
1955	3468
1955	3854
1956	1956
1958	1958
1958	3058
1958	3124
1959	1959
1959	3580
1959	3662
196	1762
196	196
196	2964
1960	1960
1960	2147
1962	3012
1963	3724
1964	3967
1966	1966
1966	2337
1966	2756
1966	3178
1967	1967
1967	2315
1967	2913
1968	3579
197	1718
1971	1971
1971	3126
1971	3475
1972	2790
1972	3073
1972	3454
1972	3728
1973	1973
1973	1993
1973	2776
1973	3226
1973	3948
1975	2259
1975	2413
1978	2555
198	3341
198	978
198	999
1980	1980
1980	2874
1980	3281
1980	3491
1980	3602
1980	3824
1980	3923
1980	3938
199	1509
199	199
199	3350
199	3403
199	3484
199	433
199	458
199	760
1991	1991
1991	3258
1991	3305
1993	1993
1993	2271
1995	3592
1995	3761
1996	1996
1998	1998
1998	3445
1999	1999
1999	2775
2	2
20	1092
20	20
20	2759
200	1995
200	266
200	3744
2000	3491
2003	2306
2003	2884
2003	3070
2003	3491
2003	3608
2007	2200
2007	2585
2007	3111
2008	2008
2008	2638
2009	3002
2009	3283
201	201
201	2191
201	2600
201	3141
201	3952
201	953
2010	2010
2010	3051
2015	2015
2015	3101
2016	2016
2016	2407
2017	2499
2017	3539
2017	3784
202	3504
2020	2020
2020	2302
2020	2306
2020	2891
2020	3128
2020	3973
2021	2021
2021	3211
2022	2022
2022	2814
2023	2023
2023	2176
2023	2229
2025	2025
2029	2029
2029	2184
2029	2653
2029	2780
2029	3470
2029	3715
2029	3838
203	1504
203	1856
203	203
203	2276
203	2745
203	2838
203	3028
203	3890
203	3943
203	3951
203	741
2031	3882
2034	2034
2034	2113
2034	2995
2037	2037
2037	2405
2037	2545
2039	2039
2039	3431
2041	3541
2046	2143
2046	2845
205	1559
205	3635
205	3697
205	3732
2054	2150
2054	2248
2054	2363
2054	2369
2054	2510
2054	2991
2054	3009
2054	3184
2054	3257
2054	3644
2055	2055
2055	3953
2057	2057
2057	2632
2057	2884
2057	3015
2057	3023
2057	3064
2059	2059
2059	2825
206	1227
206	1621
206	206
2060	2060
2060	2669
2060	2929
2063	3225
2068	2099
2068	3485
2069	3205
207	1098
207	1434
207	1595
207	207
207	2355
207	2468
207	2792
207	2888
207	327
207	3466
2070	3512
2071	3263
2071	3651
2071	3776
2073	2073
2073	2529
2073	2752
2074	2074
2074	3741
2075	2075
2075	2678
2075	3070
2078	2296
2079	2079
208	208
2080	2680
2081	2081
2082	2082
2083	2664
2084	2712
2084	2739
2086	2086
2087	2087
2087	2328
2087	2871
209	1406
209	2023
209	2229
209	3462
209	830
2090	2090
2090	2093
2090	2787
2091	2091
2091	2762
2091	3297
2091	3754
2092	2092
2092	3070
2092	3284
2092	3582
2093	2787
2096	2174
2096	3560
2097	2449
2097	3742
2099	3485
21	1087
21	1143
21	1490
21	1848
21	1955
21	21
21	2196
21	2575
21	2600
21	2769
21	2885
21	313
21	3188
21	3229
21	3387
21	3468
21	3593
21	3863
21	452
21	888
2100	2415
2100	3253
2101	2216
2101	3481
2104	2104
2104	2244
2107	2107
2108	3428
2108	3482
2109	2109
2109	3652
2110	2895
2110	2935
2111	2204
2112	2112
2112	3293
2113	2113
2113	2164
2113	2359
2113	2415
2113	2416
2113	2601
2113	2676
2113	2679
2113	2681
2113	3278
2113	3338
2113	3377
2113	3710
2113	3750
2113	3878
2115	2115
2115	2536
2116	2116
2116	3005
2116	3380
2116	3798
2116	3959
2119	2795
212	1038
212	2011
212	212
212	3086
212	3241
212	3959
212	535
2120	2120
2120	2259
2120	2788
2120	3078
2122	2122
2122	2279
2122	2298
2122	2695
2124	2124
2124	2749
2127	2127
2127	2502
2128	2128
2128	3146
2128	3828
213	1352
213	213
213	3138
213	703
2130	2130
2130	2757
2130	3219
2130	3615
2132	2132
2132	3871
2133	2646
2135	2135
2137	2137
2138	2138
214	1288
214	214
214	248
214	2602
214	3118
2141	2530
2141	3257
2141	3805
2142	3183
2142	3383
2144	2887
2144	3224
2145	2145
2146	2146
2148	3966
2149	2149
2149	3591
2150	2227
2150	2330
2150	3813
2151	2319
2151	3238
2153	3439
2155	2155
2155	2573
2155	2627
2156	2156
2156	2679
2156	3403
216	1431
216	216
216	2968
216	3062
216	878
2162	2162
2162	2736
2163	2163
2164	2676
2164	3189
2164	3234
2167	2221
2167	3166
2168	2168
2168	3049
2169	2212
2169	2934
2169	3852
217	217
217	3559
2170	3104
2171	3668
2173	2413
2174	2174
2174	3257
2177	3723
2178	2995
2179	2909
2182	2182
2182	2437
2183	3300
2184	2184
2185	2185
2186	2186
2186	2698
2186	2910
2187	2187
2188	2188
2189	2189
219	1022
219	3109
219	3696
219	953
2191	2191
2191	2365
2191	2367
2191	3383
2193	2193
2193	3090
2194	2194
2195	2195
2195	2904
2195	3986
2196	2625
2196	2774
2197	2664
22	1754
22	2474
220	1001
220	1141
220	1400
220	1671
220	2026
220	220
220	2278
220	242
220	2728
220	3165
220	3904
220	776
220	823
220	888
2200	2653
2200	2786
2200	3625
2205	2205
2205	2711
2205	2736
2206	3155
2208	2208
2208	2418
2208	2971
2208	3130
2208	3615
2208	3655
2209	2209
2209	2248
2209	2257
2209	2529
2211	2211
2211	2253
2211	3156
2215	3566
2216	2216
2216	2245
2216	2309
2216	3481
2216	3621
2217	2217
2218	2242
2218	3872
2219	2219
222	237
2220	2220
2220	3196
2220	3728
2221	2776
2221	3635
2222	2928
2223	2223
2223	2995
2223	3839
2226	2226
2226	3199
2226	3773
2227	2227
2227	2262
2227	2391
2227	2439
2227	2595
2227	3391
2227	3437
2227	3451
2227	3709
2227	3807
2227	3834
2227	3837
2229	3158
2229	3650
2229	3696
2229	3797
2229	3928
2231	2231
2232	2232
2232	2330
2232	2559
2232	2755
2234	3245
2235	3206
2235	3515
2235	3952
2236	2236
2237	2237
2237	2687
2237	3426
2237	3429
224	1905
224	224
224	2272
224	3039
224	3095
224	3969
2240	2382
2240	2842
2240	3051
2240	3417
2242	3103
2244	2244
2244	3583
2245	2245
2246	2246
2246	2724
2246	2863
2248	2248
2248	2257
2248	2991
2248	3152
2248	3497
2248	3657
2248	3696
225	1193
225	1269
225	1289
225	1490
225	1562
225	1875
225	2055
225	2087
225	2119
225	225
225	273
225	2776
225	3152
225	3529
225	3863
225	3874
225	3908
225	3953
225	927
2250	2250
2252	2252
2252	3564
2253	3545
2253	3933
2254	3051
2257	2449
2257	3881
2259	2259
2259	2306
2259	2486
2259	2554
2259	2788
2259	3154
226	1070
226	1098
226	1308
226	1537
226	1596
226	226
226	3768
226	799
226	837
226	866
2260	2289
2262	2853
2262	2953
2262	3437
2265	2265
2265	2795
2265	3606
2266	2266
2266	3066
2268	2268
2268	2508
2268	2800
2268	3760
2268	3906
227	2900
227	3405
227	694
2271	2271
2273	2273
2273	3268
2275	2275
2276	2276
2278	2606
2279	2279
2279	2934
228	1098
228	1477
228	1635
228	2100
228	228
228	2298
228	2468
228	281
228	373
228	3964
228	3982
228	515
228	582
228	809
228	945
2280	2280
2280	2673
2283	2283
2283	3783
2283	3930
2285	2285
2287	3977
2289	3191
2291	2787
2293	2293
2298	2298
2298	2403
2298	2499
2299	2362
23	3512
230	1835
2300	2300
2301	2902
2302	2302
2302	2533
2302	2798
2302	2891
2302	3189
2302	3423
2302	3852
2304	3884
2306	2306
2306	2344
2306	2447
2306	2972
2308	2308
231	3439
2310	2310
2310	2514
2310	3512
2310	3697
2311	2311
2311	3899
2313	2313
2314	2314
2315	2913
2316	2316
2317	2880
2318	3105
2319	3548
232	1629
2320	2320
2320	2938
2321	2321
2321	2421
2321	2801
2321	2815
2321	3188
2321	3817
2323	2323
2325	2325
2325	2821
2325	2973
2328	3177
2329	2329
233	233
233	3777
2330	2330
2330	2530
2330	2755
2330	3350
2330	3644
2331	2634
2334	2334
2337	2927
2337	3178
2341	2341
2341	3053
2343	2343
2344	2344
2344	2708
2346	2528
235	235
2350	2350
2351	2636
2353	2353
2353	3736
2354	2937
2355	2808
2359	2359
2359	2708
2359	3015
2359	3058
2359	3338
2359	3634
236	3575
2361	2361
2361	2971
2361	3130
2363	3257
2364	2364
2364	3239
2365	2365
2368	3113
2369	2369
2369	3126
237	1114
237	1295
237	1795
237	237
237	2552
237	3377
237	678
237	897
237	957
2372	2372
2372	3164
2372	3696
2372	3852
2374	2374
2375	2471
2375	3139
2376	2376
2376	2414
2376	2611
2376	2668
2376	2891
2376	3324
2376	3644
2376	3771
2376	3907
2376	3964
2377	2377
238	238
2381	2381
2382	3800
2383	3776
2384	3084
2385	2385
2387	2387
2387	3481
2387	3769
2388	2647
2391	2391
2391	3268
2392	2401
2392	3850
2394	2394
2398	2398
2399	2399
24	1712
24	24
24	3398
24	380
24	427
24	506
24	863
24	948
24	963
240	1023
240	1097
240	1123
240	1993
240	2208
240	2361
240	240
240	2971
240	3130
240	3615
240	742
2402	3933
2403	2403
2403	2933
2407	2407
2409	2409
2409	3604
2412	3056
2413	2413
2413	3270
2415	2415
2415	2675
2415	2756
2415	3023
2415	3034
2416	2416
2416	3467
2417	2417
2418	2648
2418	2751
2418	2971
2418	3130
2418	3615
242	1396
242	2177
242	2278
242	242
242	299
242	3497
242	452
242	865
242	878
2420	2420
2420	2694
2420	2852
2421	2421
2421	2815
2421	3188
2422	3183
2422	3383
2422	3750
2423	2423
2425	2425
2427	2427
2429	2429
2429	2778
2429	3370
243	1214
243	1596
243	1724
243	2156
243	243
243	2806
243	3376
243	3403
243	345
243	3484
243	3891
243	3895
243	400
243	433
243	476
243	760
243	773
2431	3865
2432	2662
2434	3391
2435	2435
2436	3354
2436	3825
2436	3959
2437	2469
2437	2690
2437	3933
2438	2438
2438	2898
2439	2439
244	244
2440	3941
2441	2441
2444	2444
2445	2984
2446	2446
2446	2725
2447	2935
2447	3270
2448	3181
2449	2449
2449	2454
2449	2530
2449	2647
2449	3213
2449	3392
2449	3477
245	245
2453	2852
2454	2454
2455	2958
2459	2459
2460	2460
2461	3863
2462	2845
2462	3486
2462	3881
2463	2694
2464	2464
2465	2465
2465	2629
2465	3869
2467	2467
2467	3430
2468	3504
2469	2469
247	3366
247	3932
2471	2471
2471	3464
2472	2472
2472	3066
2473	2473
2473	2736
2475	2475
2475	2814
2475	3089
2476	2476
2476	2570
2476	2880
2476	3318
2477	3012
248	1110
248	1815
248	1874
248	2248
248	248
248	2602
248	3118
248	3166
248	3213
248	3226
248	3451
248	522
248	523
248	569
248	882
2481	2481
2482	2482
2482	2757
2483	2483
2484	3449
2486	2486
2486	2519
2486	3240
2486	3347
2486	3605
2486	3607
2486	3695
2486	3832
2489	2573
2489	3186
249	1450
249	1528
249	249
249	3221
249	369
249	730
249	763
249	866
2490	2667
2490	3649
2492	2492
2492	2927
2493	2493
2493	2698
2493	2963
2493	3023
2493	3178
2493	3691
2493	3995
2496	2881
2497	2585
2497	2611
2497	3463
2499	2499
25	144
25	1462
25	193
25	2486
25	2519
25	3063
25	3607
250	472
2502	2502
2506	2506
2506	2592
2506	3100
2507	2866
2507	2966
2507	3175
2507	3529
2507	3728
251	1165
251	2476
251	2548
2510	2510
2510	2676
2510	3332
2510	3552
2511	2511
2512	2512
2514	2514
2514	2538
2514	2661
2514	3697
2515	3179
2516	2862
2517	2517
2518	2518
2518	3633
2519	3075
252	1851
252	252
252	2858
2524	2544
2524	2577
2524	3013
2524	3081
2526	2526
2528	2528
2528	3521
2529	2529
2529	2682
2529	3015
2530	3257
2530	3350
2532	2624
2532	2840
2534	2534
2536	2536
2536	2757
2536	2928
2536	3931
2537	2537
2537	3541
2538	2661
2538	2928
2538	3689
2538	3697
2538	3974
2539	2981
2539	3698
2539	3821
254	1780
254	2015
254	254
254	3101
2541	2560
2541	3196
2544	2544
2544	2577
2549	2549
255	1519
255	1769
255	2260
255	2391
255	255
255	3231
255	3879
255	3981
255	505
255	693
255	951
2550	2720
2555	2555
2559	2630
2559	3206
256	2648
256	2840
256	3021
256	539
256	597
2560	2895
2562	2562
2562	3461
2563	2839
2568	2760
2568	2830
257	1965
257	257
2570	2570
2570	3561
2573	2573
2573	3186
2575	2657
2575	3746
2578	2578
258	258
258	3166
258	3491
2581	2581
2581	3237
2581	3298
2582	3075
2585	2585
2585	3696
2585	3776
2586	2586
2586	3874
259	3566
2592	3100
2593	2655
2595	2595
2598	3094
2599	2599
26	26
26	2981
26	463
260	1613
260	3524
260	893
2600	3229
2600	3254
2600	3468
2600	3592
2600	3749
2601	2811
2602	3118
2603	2603
2604	2604
2604	2611
2604	3588
2606	2606
2608	2608
2608	3928
2609	2927
2610	2610
2611	2611
2611	3471
2611	3696
2614	2689
2616	2616
2616	3229
2616	3302
2616	3653
2617	2859
262	2169
262	3852
2620	2620
2620	2692
2622	3167
2622	3561
2622	3941
2623	3853
2625	2625
2628	2628
2628	3700
2628	3855
2628	3893
2630	2630
2630	2916
2630	3380
2630	3571
2635	2635
2636	2636
2639	2639
2639	3755
2640	2640
2640	2708
2642	2642
2643	2643
2643	3339
2645	2645
2645	3686
2645	3707
2646	3302
2647	2647
2647	2806
2647	2902
2647	3141
2647	3378
2647	3955
2648	2648
2648	3130
2649	2649
2649	3170
2649	3735
265	1034
265	1567
265	1607
265	2830
265	3402
265	774
2653	2713
2654	2654
2656	2656
2656	3894
2657	2657
2657	3427
2657	3697
266	1030
266	1090
266	1269
266	1314
266	1389
266	1617
266	1662
266	2242
266	266
266	2975
266	3024
266	3188
266	842
2661	2928
2661	3697
2662	2662
2662	3691
2663	3929
2664	3535
2665	3515
2666	2666
2666	3519
2666	3916
2667	2667
2667	3649
2668	2668
2668	3324
2669	2669
2669	2978
267	1562
267	1934
267	1955
267	2119
267	267
267	3342
267	3854
267	552
2670	2844
2670	2883
2670	3867
2671	2671
2672	2723
2675	2675
2675	2679
2675	2756
2675	3006
2675	3034
2676	2676
2677	2677
2677	3034
2677	3214
2677	3593
2678	2930
2679	2679
2679	2718
2679	2739
2679	3034
2679	3234
2679	3403
2679	3499
2679	3513
2679	3521
2679	3768
268	1789
2681	2898
2683	2683
2683	3232
2684	3785
2686	2686
2687	3429
2688	2688
2688	3920
2689	2784
269	269
269	3044
269	3075
269	458
269	865
2690	2690
2690	2903
2690	3270
2690	3928
2692	3026
2694	2694
2694	2852
2694	3585
2696	2696
2696	3612
2698	2698
2698	2910
27	27
270	1152
270	1462
270	1524
270	1918
270	2041
270	2054
270	2150
270	2175
270	2235
270	2369
270	2415
270	270
270	2703
270	332
270	3651
270	3813
270	552
270	866
270	996
270	997
2700	3169
2701	2701
2701	3662
2702	2702
2702	3652
2704	2704
2705	2705
2705	3015
271	313
2711	2736
2712	2712
2712	2739
2712	2995
2714	2714
2714	3861
2718	2718
2718	3034
2718	3484
2718	3499
2720	2720
2721	2721
2722	2722
2725	2725
2729	3177
273	1143
273	1269
273	1289
273	273
273	3644
2736	2736
2736	3122
2736	3179
2736	3694
2739	2739
2739	3513
274	274
2740	3826
2740	3891
2741	2741
2741	2800
2744	3250
2746	2746
2746	2920
2746	2968
2746	3527
2749	2749
275	1884
275	275
2751	2751
2753	2753
2753	3356
2756	2756
2757	2757
2757	3479
2758	3879
276	2069
276	276
276	595
2760	2760
2761	2761
2761	3323
2762	2762
2762	3297
2763	3218
2765	2765
2765	3004
2765	3976
2768	2768
2769	2769
277	277
2770	2770
2770	3406
2770	3504
2771	3464
2771	3587
2775	2775
2775	3019
2776	2776
2776	2876
2776	3533
2776	3546
278	278
2780	3651
2781	2781
2781	3033
2781	3501
2784	2784
2785	2785
279	279
2790	2790
2790	3454
2790	3491
2790	3602
2791	2791
2791	3011
2792	3481
2798	3061
2798	3750
2799	2799
2799	3688
28	790
280	1238
280	1826
280	2483
280	2557
280	280
280	492
2800	3906
2801	2801
2802	2802
2803	2803
2803	3179
2804	2804
2806	2806
2806	2907
2806	3646
2806	3710
2808	2808
2808	3918
2811	2811
2812	3097
2812	3521
2813	2813
2814	2814
2818	2818
2818	3090
2819	2819
282	3504
282	3934
282	727
2820	2820
2820	3166
2820	3254
2822	2822
2823	2823
2823	3049
2823	3404
2824	2824
2824	3034
2824	3348
2827	2827
2828	2828
2832	2832
2838	2838
284	1587
284	2080
284	2680
284	284
284	591
2840	2867
2840	3021
2840	3172
2841	2841
2841	3931
2842	2842
2842	2981
2843	3617
2845	2961
2845	3788
2845	3854
2846	3799
2848	2848
2848	3456
285	1046
285	1577
285	1819
285	1893
285	1995
285	2295
285	2309
285	2597
285	285
285	2925
285	3061
285	3332
285	3499
285	3537
285	3624
285	3728
285	436
285	550
285	996
2853	3491
2854	3026
2858	3033
2859	2859
2860	3046
2860	3132
2860	3707
2863	2863
2865	2865
2866	2866
2866	2966
2866	3175
2866	3529
2866	3625
2866	3728
2866	3863
2869	2869
2869	2892
2871	2871
2871	3120
2871	3881
2874	3322
2874	3491
2875	2875
2875	2878
2876	2876
2876	3491
2878	2878
2880	3777
2883	3080
2884	3191
2884	3774
2885	2885
2885	3188
2885	3228
2885	3863
289	1540
289	2837
289	558
289	993
2890	3677
2890	3728
2891	2891
2891	3128
2891	3771
2891	3801
2894	2894
2895	3115
2895	3215
2896	2896
2898	2898
2898	3499
2898	3774
2898	3878
2899	2899
29	1034
29	1302
29	1829
29	2365
29	29
29	3084
29	483
29	781
290	2887
290	290
290	450
2900	2900
2900	3380
2901	3872
2902	2902
2904	2904
2905	2905
2907	2907
2907	2913
2907	2995
2908	2908
2908	2981
2909	3858
291	724
2914	2914
2914	3665
2917	3298
2918	3594
292	292
292	3599
292	622
2923	2923
2925	2925
2926	2926
2927	2927
2927	3268
2927	3387
2927	3849
2927	3949
2928	2928
2928	3439
2928	3697
293	1472
293	3309
293	3443
2935	2935
2935	3270
2935	3532
2936	3229
2936	3809
2937	2937
2938	2938
294	2673
294	2802
294	2935
294	498
294	652
294	924
2943	3783
2943	3930
2945	3562
2945	3971
2946	3542
2946	3696
2947	3973
295	1625
295	2822
2953	2953
2956	3849
2957	3020
2959	2959
296	1012
296	1608
296	1796
296	1919
296	2259
296	2486
296	2995
296	3240
296	3316
296	3500
296	3605
296	3695
296	3832
296	464
296	661
296	825
296	918
2960	2960
2960	3076
2960	3318
2962	2962
2963	2963
2963	3691
2964	2964
297	297
297	3817
297	512
2971	2971
2971	3130
2971	3615
2973	2973
2975	2975
2975	3103
2975	3618
2976	3169
2976	3714
2979	2979
298	2008
298	2270
298	2638
298	298
298	820
2980	2980
2981	3821
2982	3857
2983	2983
2983	3592
2987	2987
2989	2989
2989	3479
299	1421
299	1581
299	2177
299	3865
299	616
2992	2992
2993	2993
2994	2994
2995	2995
2995	3141
2995	3220
2995	3302
2995	3347
2995	3595
2995	3955
2998	2998
2999	3130
3	1113
3	2106
3	3
300	300
300	3039
300	850
3000	3728
3002	3283
3004	3976
3006	3006
3007	3051
3007	3405
3007	3707
3013	3013
3015	3015
3015	3151
3017	3904
3018	3350
3019	3597
302	1994
302	2498
302	2769
302	302
302	313
302	3229
302	356
302	3592
302	381
302	562
302	675
302	854
3020	3020
3020	3061
3020	3754
3023	3023
3023	3151
3028	3890
3029	3029
3029	3714
3029	3785
303	2252
303	303
303	3564
303	3914
303	689
3031	3137
3031	3870
3032	3249
3033	3033
3033	3189
3033	3275
3033	3501
3034	3034
3034	3214
3035	3035
3035	3567
3037	3504
3038	3038
3038	3702
3038	3716
3039	3039
3039	3095
3039	3337
3039	3566
304	1283
3041	3041
3042	3042
3043	3043
3044	3075
3047	3047
3047	3058
3048	3048
3049	3404
3050	3050
3051	3051
3051	3405
3051	3521
3051	3569
3052	3243
3052	3727
3054	3431
3057	3057
3058	3058
3058	3124
3058	3567
3060	3060
3061	3710
3063	3063
3065	3713
3065	3834
3068	3068
3068	3370
3068	3585
3069	3069
3070	3070
3070	3349
3070	3608
3070	3928
3071	3077
3075	3075
3075	3521
3075	3545
3076	3171
308	1007
308	1560
308	2765
308	2784
308	3004
308	308
308	3927
308	3976
3081	3081
3082	3082
3083	3083
3086	3959
3087	3512
3089	3688
309	2180
3090	3440
3090	3611
3094	3198
3095	3095
31	1028
31	1680
31	3497
31	57
310	2052
310	3206
310	3430
3102	3102
3103	3103
3104	3104
3106	3133
3107	3107
3107	3187
3109	3109
3109	3696
311	311
311	629
3111	3111
3111	3520
3114	3114
312	2652
312	312
312	338
312	634
3120	3120
3120	3226
3121	3121
3122	3122
3123	3123
3125	3125
3125	3816
3126	3126
3126	3232
3129	3129
313	2054
313	746
3130	3202
3130	3265
3130	3615
3131	3552
3139	3139
3140	3743
3141	3141
3141	3220
3141	3955
3144	3144
3145	3883
315	1573
315	315
3151	3738
3154	3154
3156	3156
3158	3696
3159	3159
316	1369
316	1972
316	2697
316	316
316	3507
316	749
3161	3161
3166	3166
3166	3484
317	1209
317	556
3170	3170
3170	3735
3172	3172
3177	3849
3179	3179
3179	3544
3179	3694
3182	3869
3183	3383
3186	3186
3187	3187
3187	3281
3189	3189
3189	3234
3189	3238
319	2629
319	2779
319	319
319	334
3192	3321
3192	3463
3193	3193
3195	3195
3196	3196
3198	3198
3198	3598
32	32
32	566
320	2120
320	3426
3201	3201
3202	3202
3204	3204
3204	3873
3205	3205
3206	3206
3206	3322
3206	3606
3206	3952
3207	3207
3208	3506
3208	3901
321	2043
3210	3210
3213	3213
3213	3477
3214	3214
3214	3825
3218	3985
322	2758
322	322
3220	3302
3220	3955
3222	3222
3225	3804
3226	3226
3227	3227
3227	3796
3228	3228
3229	3268
3231	3419
3232	3232
3232	3385
3232	3715
3233	3233
3235	3235
3236	3236
324	324
3240	3695
3243	3727
3243	3933
3245	3245
3245	3338
3249	3249
3249	3337
3249	3736
3250	3250
3251	3251
3253	3253
3254	3254
3254	3592
3255	3255
3255	3273
3255	3723
3256	3256
3257	3257
3257	3728
3257	3790
3257	3967
326	326
3260	3872
3265	3265
3265	3615
3265	3648
3267	3267
3268	3385
3268	3387
3268	3452
327	1325
327	2189
327	2355
327	3222
327	327
3273	3723
3274	3274
3276	3372
3277	3277
3277	3978
328	2846
328	3268
3281	3281
3282	3310
3282	3595
3282	3872
3283	3370
3287	3287
3289	3289
329	2029
329	2869
329	329
329	3470
329	362
329	3715
3290	3290
3293	3293
3293	3896
3300	3300
3302	3410
3302	3532
3302	3696
3302	3771
3302	3801
3304	3304
331	1039
331	1587
331	1674
331	1734
331	2186
331	2351
331	2368
331	2698
331	2905
331	3113
331	331
331	3589
331	3659
331	3834
331	748
331	891
3310	3310
3310	3865
332	1486
332	1698
332	2113
332	3278
332	332
332	3377
332	3508
332	352
332	375
332	620
332	768
332	969
332	996
3321	3321
3321	3781
3322	3491
3325	3928
3328	3488
333	1946
333	2266
333	2298
333	3066
333	333
333	3481
333	3929
333	903
3334	3334
3335	3817
3337	3337
3338	3338
3338	3710
334	2629
334	334
3344	3344
3347	3710
3347	3859
3350	3350
3350	3623
3350	3799
3352	3352
3352	3834
3353	3353
3354	3891
3360	3879
3361	3449
3365	3365
3366	3366
3366	3530
3366	3932
3367	3367
3368	3368
3369	3369
3369	3886
337	1141
337	1628
337	337
337	3600
3370	3370
3370	3585
3372	3372
3375	3379
3379	3499
338	2652
3380	3380
3380	3798
3380	3891
3385	3385
3385	3452
3386	3386
3386	3856
3389	3947
339	1315
339	1655
339	1764
339	3245
339	339
3391	3391
3391	3772
3395	3395
3396	3396
34	3062
340	1361
340	1484
340	340
340	355
340	3875
340	3995
3404	3404
3404	3866
3405	3417
3405	3707
3406	3406
3406	3504
3407	3407
3407	3527
3408	3408
3409	3409
3411	3615
3414	3414
3415	3415
3423	3423
3426	3429
343	343
343	996
3430	3958
3433	3433
3433	3759
3433	3961
3439	3439
3442	3442
3445	3445
3447	3447
3449	3449
345	1188
345	1596
345	1873
345	2718
345	345
345	3891
345	458
3451	3451
3455	3455
3457	3988
346	2188
346	346
3462	3462
3463	3463
3467	3467
3468	3468
3468	3749
347	3415
3471	3868
3475	3475
3477	3497
3487	3487
3489	3489
349	1996
349	349
3490	3490
3490	3875
3491	3491
3491	3602
3495	3495
3497	3497
3499	3499
3499	3647
3499	3961
35	1063
35	1815
35	35
35	523
350	1457
350	1610
350	1936
350	2393
350	2906
350	350
3500	3500
3504	3504
3504	3541
3504	3692
3504	3722
3504	3934
3506	3506
351	1368
351	1862
351	2443
351	2790
351	3396
351	351
351	3674
351	3728
351	3938
351	492
351	631
3510	3510
3515	3692
3516	3516
3518	3518
3519	3519
352	1369
352	1410
352	1496
352	1611
352	1704
352	2390
352	2681
352	2898
352	352
352	3878
352	408
352	419
352	461
352	691
3522	3522
3522	3587
3522	3714
3527	3900
3529	3728
3530	3932
3531	3657
3532	3532
3533	3533
3535	3535
3536	3536
3536	3875
3541	3541
3541	3710
3542	3542
3548	3548
355	2054
355	616
3552	3730
3552	3996
3557	3557
3558	3558
356	1189
356	1369
356	2054
356	2141
356	2150
356	2175
356	2369
356	2449
356	2530
356	3350
356	3392
356	3491
356	356
356	381
356	3813
356	552
356	606
356	663
356	724
356	729
356	744
356	746
356	821
357	1171
357	2344
357	357
3570	3570
3579	3579
358	358
3580	3580
3582	3582
3587	3587
3589	3589
359	1164
359	1271
3592	3592
3593	3593
3595	3595
3595	3838
3595	3879
360	1339
360	1727
360	2364
360	360
3607	3607
361	1582
361	1779
361	3439
361	361
361	565
3611	3611
3612	3612
3615	3615
3618	3618
3618	3701
3619	3619
362	2101
362	2113
362	2471
362	2534
362	3697
362	3888
362	582
362	661
362	855
3622	3622
3622	3792
3625	3625
3626	3626
3626	3862
363	3142
363	363
363	3689
3630	3630
3632	3632
3635	3732
3636	3636
3642	3642
3644	3644
3644	3872
3648	3648
365	3241
365	365
3650	3650
3651	3881
3655	3655
3657	3657
3657	3742
3659	3659
366	1118
366	366
366	484
3662	3662
3662	3704
3667	3667
3667	3772
3668	3668
367	1734
367	2481
367	367
367	549
3674	3674
3676	3723
3680	3680
3683	3683
3686	3707
369	1120
369	2302
369	2931
369	3221
369	3655
369	369
369	377
369	774
369	939
3692	3929
3692	3934
3696	3696
3696	3913
3697	3697
3698	3939
37	170
3700	3700
3702	3702
3702	3716
3703	3703
3705	3705
3706	3706
371	1979
371	2017
371	2159
371	3494
371	3539
3710	3750
3714	3714
3722	3722
3723	3723
3724	3724
3728	3728
373	1190
373	1635
373	2122
373	809
3730	3996
3732	3732
3733	3733
3735	3735
3743	3743
3744	3744
375	1349
3750	3891
3750	3982
3751	3967
3752	3752
3758	3810
3759	3759
3763	3781
3764	3764
377	1532
377	2228
377	377
3770	3770
3771	3801
3772	3772
3774	3774
3776	3776
3777	3777
3778	3778
3782	3782
3783	3783
3783	3930
3784	3784
379	1948
379	3566
3794	3862
3797	3797
38	1074
38	2189
38	2355
38	3222
38	327
380	1160
380	1647
380	1712
380	1922
380	427
380	506
380	564
3805	3805
381	1895
381	2364
381	2372
381	3622
381	3792
381	503
381	604
381	638
381	724
3817	3817
3821	3821
383	2859
383	383
3832	3832
3833	3833
3834	3834
3835	3835
3839	3839
384	1021
384	1189
384	1344
384	1622
384	1679
384	1680
384	1719
384	1786
384	1893
384	1933
384	2044
384	2087
384	2174
384	2232
384	2235
384	2330
384	2415
384	2449
384	2454
384	2523
384	2559
384	2630
384	2755
384	3016
384	3257
384	3350
384	3353
384	3491
384	3495
384	3497
384	3571
384	3805
384	384
384	503
384	552
384	746
384	763
384	765
384	780
384	835
384	848
385	1004
385	1806
385	1913
385	2353
385	3117
385	3120
385	3378
385	3565
385	385
385	518
3862	3862
3863	3863
3865	3865
3866	3866
3868	3868
3869	3869
387	1344
387	2449
387	2454
387	3571
387	3859
387	561
387	765
3870	3870
3872	3872
3872	3905
3873	3873
3875	3992
3875	3995
3880	3880
3881	3881
3889	3889
389	3013
389	389
3891	3891
3894	3894
3897	3897
3898	3987
3903	3952
3909	3909
391	2253
391	2402
391	581
3915	3915
3917	3917
392	392
3929	3929
3929	3934
393	1605
393	1627
393	3291
393	393
393	764
3930	3930
3934	3934
395	1848
395	3759
3952	3952
3958	3958
3959	3959
396	1121
396	1386
396	1519
396	1761
396	2020
396	2318
396	2493
396	2645
396	2891
396	3105
396	3128
396	396
396	433
3961	3961
3964	3964
3964	3982
3966	3966
397	397
397	681
3972	3972
3974	3974
398	398
398	872
3980	3980
3981	3981
3985	3985
3989	3989
399	399
3991	3991
3996	3996
3997	3997
3999	3999
4	2076
4	3831
4	4
4	857
4	895
40	1220
40	1821
40	1980
40	2205
40	2510
40	2711
40	2736
40	2781
40	2975
40	3033
40	3501
40	40
40	913
400	1596
400	3891
400	400
402	1300
402	2021
402	2688
402	402
403	3820
403	403
404	1069
404	1943
404	404
404	584
406	1269
407	1030
407	2221
407	2714
407	2866
407	2876
407	3861
407	407
408	1265
408	1604
408	1948
408	2110
408	2499
408	2515
408	2641
408	3020
408	3499
408	3537
408	3556
408	3754
408	3853
408	3878
408	408
408	449
408	494
408	518
408	577
408	941
408	996
408	999
409	1822
409	409
41	3680
410	503
411	2230
416	1289
416	1411
416	416
417	1090
417	1112
417	1523
417	1648
417	2309
417	3872
417	417
418	1189
418	1361
418	2180
418	2892
418	418
418	864
419	1046
419	1152
419	1704
419	1893
419	2041
419	2622
419	3167
419	501
420	3530
420	3932
420	420
421	1501
422	1634
422	2466
422	422
422	897
423	423
425	1555
425	1583
425	708
426	2927
426	3964
426	809
427	506
428	1146
428	1294
428	2185
428	428
43	1011
43	1348
43	1438
43	1519
43	2422
43	3214
43	3750
43	3891
43	43
430	3238
430	430
431	1773
431	945
433	1438
433	1519
433	1678
433	1761
433	2020
433	2156
433	2304
433	2340
433	2718
433	3376
433	3686
433	3707
433	3954
433	433
433	446
433	452
433	476
434	434
434	576
435	1341
435	2792
435	435
438	3926
44	1217
44	1348
44	147
44	1558
44	1634
44	182
44	2688
44	3097
44	3214
44	3920
44	44
44	446
44	476
44	587
44	694
44	773
441	441
442	2861
443	1452
443	1601
443	1788
443	3070
443	3519
445	3857
446	1103
446	1205
446	2476
446	3163
446	3519
446	3696
446	3713
446	446
446	476
449	1129
449	1470
449	1490
449	2144
449	2515
449	2641
449	2703
449	3499
449	3537
449	449
449	631
449	996
449	997
45	2565
45	3267
45	3657
45	45
450	1670
450	2144
450	2887
450	3095
450	3902
450	450
452	1087
452	1186
452	1189
452	1271
452	1430
452	1523
452	1606
452	1648
452	2304
452	2337
452	2372
452	2540
452	2885
452	3202
452	3465
452	3571
452	3908
452	476
452	513
452	552
452	758
454	1948
454	2029
454	2119
454	2185
454	3228
454	3285
454	3385
454	3713
454	454
454	993
457	1277
457	3231
457	3460
457	3715
457	3776
457	870
457	936
457	957
458	1396
458	2079
458	2273
458	2415
458	3035
458	3253
458	458
458	769
46	241
460	1332
460	832
461	1369
461	2390
461	461
461	550
461	557
461	880
463	1329
463	1993
463	2557
463	3485
463	463
463	761
464	1012
464	1052
464	2594
464	464
464	848
464	868
467	1022
467	3382
468	468
469	1275
469	1809
469	2417
469	2495
469	3057
469	3544
469	469
469	657
469	924
47	47
470	1346
470	2335
470	3423
470	3965
470	470
471	471
472	2949
472	529
473	3188
474	2559
474	2871
474	474
474	562
474	631
477	1856
477	2276
477	3548
477	477
478	2162
478	478
479	3675
479	479
48	109
48	1747
48	3887
48	48
480	1348
480	1491
480	1935
480	2740
480	3348
480	480
480	694
480	974
482	482
483	1829
483	483
484	2046
484	2257
484	3007
484	3177
484	3849
484	626
484	631
486	1342
486	2906
487	608
489	489
49	1702
49	595
49	634
490	1305
490	2475
490	2538
490	2546
490	2673
490	2913
490	2994
490	3121
490	3974
490	490
490	652
490	895
491	2895
491	957
492	1238
492	1316
492	1512
492	1826
492	2235
492	2995
492	3674
492	3696
492	492
494	1041
494	1445
494	1769
494	1948
494	2110
494	2515
494	2803
494	3395
494	3680
494	3853
494	843
495	1616
495	2618
495	3349
495	3368
495	495
496	646
496	849
496	856
498	2310
498	2514
498	3328
498	498
498	652
498	728
498	924
5	2390
5	461
500	500
501	1046
502	1018
502	1021
502	1860
502	2187
502	2479
502	2657
502	3512
502	3578
502	502
503	1483
503	1510
503	1526
503	2150
503	2330
503	2429
503	2755
503	2790
503	2866
503	2916
503	3322
503	3350
503	3353
503	3491
503	3813
503	503
503	552
503	644
503	724
503	827
504	1294
504	3742
505	1393
505	1394
505	1449
505	1769
505	2084
505	2184
505	2712
505	2739
505	3032
505	3249
505	3484
505	3556
505	3772
505	3928
505	505
505	688
505	843
505	951
506	1018
506	1160
506	1536
506	1633
506	1647
506	1712
506	1922
506	2212
506	2488
506	2894
506	3001
506	506
506	855
507	507
508	1168
508	2100
508	3534
508	950
51	1050
51	1146
51	1361
51	1841
51	2155
51	2184
51	2185
51	2360
51	2415
51	2573
51	2624
51	2690
51	3333
51	337
51	3523
51	51
51	888
512	2726
512	3817
513	1092
513	2232
513	2559
513	3228
513	513
513	724
513	791
515	1951
515	2721
515	3057
515	3802
515	515
516	1948
516	2268
516	3906
516	516
517	517
518	1591
518	1736
518	1948
518	2518
518	3234
52	1334
52	1412
52	2548
52	3904
520	520
520	808
522	1007
522	1569
522	1815
522	2227
522	2260
522	2602
522	3118
522	3451
522	3455
522	3654
522	522
522	523
522	685
522	951
523	1569
523	3120
523	3455
523	523
523	638
525	525
528	1706
528	2132
528	528
528	706
529	1320
529	2949
53	1326
53	1845
53	1860
53	3087
53	3512
53	53
530	1497
530	1706
530	2536
530	530
531	3943
531	531
533	533
534	534
535	1020
535	1038
535	1824
535	1935
535	1991
535	2011
535	2320
535	2740
535	3086
535	3397
535	535
536	1351
536	1412
536	3017
536	907
537	537
538	538
539	1882
539	2090
539	2093
539	2381
539	2418
539	2457
539	2648
539	539
540	1148
540	1190
540	1341
540	1468
540	2298
540	2327
540	2403
540	3015
540	3741
540	3853
540	540
541	1311
541	1321
541	1673
541	2539
541	3698
541	3939
541	541
545	1968
545	2784
545	3197
545	545
545	619
545	694
546	2251
546	2647
546	546
547	547
549	3131
549	3586
549	726
550	1309
550	1344
550	1486
550	1887
550	1995
550	2149
550	2244
550	2737
550	3805
550	3953
550	620
550	732
552	1021
552	1280
552	1680
552	1719
552	1786
552	2000
552	2044
552	2054
552	2141
552	2235
552	2330
552	2449
552	2559
552	2616
552	2630
552	2916
552	3016
552	3206
552	3322
552	3353
552	3392
552	3475
552	3495
552	3571
552	552
552	729
552	746
552	821
552	848
553	1665
553	2111
553	2302
553	2333
553	2499
553	2537
553	3020
553	3047
553	3058
553	3317
553	3504
553	553
553	621
553	941
554	3543
556	1658
556	2858
556	556
559	1811
559	3350
559	663
56	56
56	836
560	2957
560	560
560	730
560	975
561	1680
561	2096
561	2174
561	2630
561	3571
561	765
562	1994
562	2167
562	2221
562	562
562	854
563	3190
563	3995
565	3439
565	565
566	2903
566	566
567	1930
567	2037
567	2130
567	2545
567	2757
567	3219
567	3615
567	567
567	982
569	1810
569	1966
569	2416
569	2449
569	2790
569	569
569	983
57	1045
57	1271
57	1810
57	2601
57	2681
57	3878
57	57
57	724
57	888
570	1222
570	2682
570	3881
570	631
571	1657
571	1942
571	1981
571	2601
571	3347
571	571
571	969
573	2458
573	573
574	1412
574	2317
574	2880
574	3758
574	574
574	596
576	2803
576	2960
576	3179
576	3306
576	576
576	579
577	1159
577	1445
577	2020
577	2182
577	2306
577	2344
577	2347
577	2437
577	2529
577	2553
577	2690
577	2895
577	3556
577	577
577	654
579	1473
579	2445
579	2803
579	3179
580	580
581	1734
581	1810
581	2790
581	3454
581	3602
581	3833
582	1098
582	1148
582	1477
582	2298
582	2468
582	2513
582	2533
582	582
582	945
584	1125
584	2765
584	3004
584	3272
584	3976
584	584
586	1024
587	1081
587	1610
587	2812
587	3097
588	630
589	1568
589	589
59	3488
590	1849
590	2491
590	590
591	2080
591	2680
592	1305
592	2538
593	993
595	1702
595	2598
595	3094
595	3198
595	595
596	3758
596	3802
596	3810
596	596
597	2532
598	2437
598	3933
599	1715
599	3437
599	951
60	175
60	1810
60	1972
60	210
60	2380
60	3454
60	60
600	2476
600	600
603	3933
604	2769
604	604
606	1303
606	1622
606	2126
606	2227
606	3451
606	3547
606	3709
606	606
607	607
609	3407
609	3623
609	609
61	109
61	2284
61	2729
61	61
610	1976
610	678
616	1795
616	1962
616	2232
616	3904
617	1183
617	2883
617	3673
617	617
617	737
619	1431
619	1943
619	1971
619	2784
619	3407
62	1002
62	2287
62	62
620	1248
620	1486
620	1767
620	2292
620	2762
620	3508
620	3728
620	3870
620	620
622	1940
623	1856
623	3052
623	3243
623	3727
626	1698
626	2087
626	2860
626	626
627	1386
627	2318
627	3105
627	3679
628	1609
628	2346
628	2528
628	628
629	1290
629	1512
629	1548
629	1723
629	2981
629	3084
629	3350
629	3571
629	629
629	663
63	1080
63	1259
63	1343
63	141
63	3527
63	63
630	2975
631	1033
631	1042
631	1361
631	1590
631	1961
631	2052
631	2529
631	2559
631	2682
631	2790
631	2871
631	2892
631	3141
631	3177
631	3651
631	3700
631	3849
631	3881
631	631
631	749
632	2813
632	3198
632	632
633	633
634	1702
634	3505
636	829
637	3029
637	3785
637	637
638	2109
638	2807
638	3374
638	638
639	1825
639	2337
639	2464
639	3027
639	3178
64	1666
64	3042
64	3995
640	3106
640	3133
641	2992
641	641
645	1456
645	645
646	2434
646	3391
646	798
647	1576
649	2213
649	649
65	1155
65	65
651	2376
652	2076
652	2536
652	2673
652	3421
652	652
654	2347
654	2553
654	3079
654	3556
654	3571
654	3912
654	654
654	843
654	845
655	1094
655	1899
655	655
657	1275
657	1326
657	1860
657	657
658	1469
658	3293
658	3896
658	658
658	729
660	660
661	3316
661	661
662	662
663	3018
663	3350
664	2505
665	1621
665	2198
665	2510
665	2848
665	665
666	666
668	2869
668	2892
668	2943
668	3930
669	1959
67	1090
67	1152
67	1389
67	1426
67	155
67	1617
67	1662
67	1749
67	1855
67	1995
67	2041
67	2295
67	266
67	270
67	285
67	2925
67	2975
67	2982
67	3024
67	332
67	3332
67	3367
67	3964
67	419
67	436
67	67
67	809
67	858
67	949
67	99
670	670
671	3707
671	671
673	3593
673	673
674	2113
674	2164
674	2647
674	3774
674	674
676	1107
676	1411
676	676
678	1795
678	1976
678	2493
678	2552
678	3691
678	678
678	693
678	809
678	957
679	1037
679	1470
679	1543
679	2811
679	3754
679	878
68	1403
68	1670
68	1801
68	2887
68	68
681	2323
681	681
682	2283
682	682
683	1738
684	1635
684	2403
684	2792
684	684
685	1569
685	2133
685	2646
685	685
688	1393
688	3032
688	3249
688	688
689	1236
689	2585
689	3566
689	3620
689	3644
689	689
69	993
690	1700
690	2110
690	3889
690	690
691	2212
691	2690
693	1079
693	1316
693	1795
693	1948
693	2200
693	2229
693	2515
693	2529
693	2653
693	2982
693	3226
693	3282
693	3285
693	3595
693	3975
693	693
693	758
694	1217
694	1348
694	1765
694	2156
694	2422
694	2740
694	2900
694	3380
694	3440
694	3891
694	3940
695	1639
695	2838
695	695
696	1751
696	3944
696	696
697	3886
698	1954
7	151
7	3398
7	7
70	3478
70	70
701	2497
701	849
701	876
703	703
704	1061
704	1286
704	1328
704	2165
704	3037
704	778
705	1430
705	1471
705	3465
705	705
705	939
706	2132
706	3492
707	3248
707	3814
707	707
708	2395
709	1314
709	1441
709	1502
71	1720
710	710
710	733
711	1109
711	2128
711	3146
711	725
712	1395
712	2683
712	3232
712	3793
712	712
713	2243
713	2515
713	3098
713	3378
713	3552
713	713
716	1823
718	1319
718	2422
718	3383
718	3677
719	1193
719	1771
719	1803
719	2227
719	3667
719	3709
719	3772
719	719
719	951
72	1856
72	2522
72	2757
72	3189
72	3697
72	72
720	720
721	1122
721	2774
721	721
722	1271
722	2313
722	2392
722	2401
722	2668
722	2783
722	3654
722	3850
723	3966
724	1021
724	1045
724	2120
724	2248
724	2267
724	2330
724	2353
724	2449
724	2630
724	2885
724	2890
724	2916
724	3491
724	3529
724	3728
724	724
724	786
724	864
724	888
725	1109
725	2128
725	725
726	1492
726	1803
726	3586
727	1407
727	3338
727	732
728	2471
728	2771
728	3170
728	3464
728	3735
728	3778
728	728
729	1244
729	1540
729	1641
729	2141
729	3332
729	3383
729	3449
729	3769
729	3805
729	729
729	993
73	3989
730	1018
730	1658
730	2333
730	2416
730	2536
730	2627
730	2776
730	2969
730	3668
730	3697
730	975
732	1407
732	1887
733	2015
734	1105
734	1636
734	1916
734	2611
735	735
736	1482
737	1183
739	1075
739	1243
739	1490
739	2130
739	2418
739	3533
739	739
739	804
739	993
74	1201
74	2015
74	3101
74	733
74	897
740	3403
741	741
744	2054
744	2150
744	2369
744	3612
744	744
745	3031
745	3137
746	2054
746	2150
746	2363
746	2369
746	3257
746	746
747	2017
747	3784
748	3834
748	748
749	1279
749	1864
749	3166
749	3849
749	758
75	1080
75	1320
75	147
75	1491
75	1614
75	170
75	193
75	1992
75	2273
75	2364
75	2474
75	3268
75	3519
75	529
75	75
75	823
750	1706
750	2167
750	2221
750	750
755	2151
755	755
756	3990
756	810
757	1729
757	3776
758	1003
758	1079
758	1512
758	1785
758	1864
758	1916
758	1934
758	1948
758	2611
758	2616
758	2936
758	3229
758	3342
758	3644
758	3653
758	3809
758	3975
758	758
758	837
760	1324
760	1449
760	2391
760	3484
761	1620
761	1973
761	1993
761	2045
761	2191
761	2456
761	2557
761	3147
761	3948
761	761
761	796
763	1471
763	3511
763	763
764	1808
764	764
765	1344
765	1680
765	2454
765	3257
765	3347
765	3859
765	765
769	2812
769	3743
769	3755
77	1482
77	2071
77	2824
77	2871
77	3132
77	3177
77	3651
77	484
77	626
77	77
770	2216
770	3621
771	1783
771	2139
771	807
772	2688
772	3891
772	772
772	773
772	844
773	1348
773	2116
773	2593
773	2655
773	2688
773	3214
773	3277
773	3380
773	3484
773	3825
773	3978
773	773
774	1439
774	1567
774	1607
774	2365
774	2760
774	774
774	796
776	3777
778	778
779	779
780	1278
780	1541
780	1782
780	1934
780	2345
780	2559
780	2866
780	3000
780	3728
780	780
782	1661
782	782
782	948
784	1361
784	1368
784	1815
785	1306
785	1397
785	2777
785	3688
785	3889
785	785
786	2790
786	3491
786	3497
786	914
788	979
790	2259
790	2486
790	2788
790	790
791	1167
791	1815
791	3654
791	791
791	988
792	1500
792	1625
792	1757
792	1838
792	2083
792	2207
792	2259
792	2554
792	2581
792	2634
792	2664
792	2788
792	2917
792	3237
792	3445
792	3851
792	792
792	836
792	849
794	1060
794	2170
794	2201
794	2220
796	1296
796	2191
796	2365
796	2931
797	1152
797	1304
797	1355
797	1424
797	1437
797	1449
797	1716
797	1821
797	1824
797	1906
797	1918
797	2223
797	2359
797	2541
797	2896
797	3196
797	3236
797	3338
797	3541
797	3647
797	3710
797	3964
797	797
797	809
797	840
797	841
798	2434
798	3310
798	3391
798	878
799	1522
799	1550
799	1603
799	1761
799	1807
799	3686
8	1559
8	2301
8	2588
8	2771
8	2976
8	3020
8	3464
80	1254
80	2375
80	3201
80	446
80	80
800	1499
802	1581
802	1886
802	1932
802	2100
802	2113
802	2437
802	2513
802	3122
802	3253
802	3278
802	3377
802	3865
802	802
803	2063
803	3225
803	3505
803	3979
803	803
804	2483
804	2538
804	804
806	3474
807	1195
807	2098
807	2100
807	2233
807	2518
807	807
807	985
809	1098
809	1566
809	1716
809	1821
809	1880
809	3235
809	3327
809	3541
809	3710
809	3802
809	3964
809	809
809	840
81	1203
81	1519
81	2262
81	2575
81	2683
81	3232
81	3494
81	3532
81	3746
81	599
81	81
811	3178
811	3817
811	848
812	1069
812	2770
812	3504
812	812
813	813
814	2385
814	2515
814	3341
814	3852
814	814
814	964
817	2016
817	2866
818	1879
819	1014
819	1017
819	2905
820	1715
820	2628
820	2887
820	2956
820	820
821	2218
822	2860
823	1614
823	1841
823	1935
823	2057
823	2438
823	2632
823	2898
823	3061
823	3165
823	3232
823	823
825	2486
825	2819
825	3240
825	3695
825	825
825	918
827	1483
827	1526
827	2945
827	3971
827	827
828	3782
829	1833
829	2091
829	2762
829	3297
829	3367
829	949
83	1190
83	1773
83	1924
83	2122
83	2659
83	373
83	83
83	936
83	945
830	1996
830	830
831	3867
832	1086
832	1332
832	1828
832	832
834	3597
834	834
835	1021
835	2220
835	2421
835	2559
835	2885
835	3188
835	835
836	1059
836	1357
836	1579
836	1757
836	1772
836	2083
836	2092
836	2197
836	2288
836	2664
836	3582
836	836
836	910
836	948
837	1070
837	837
838	2610
838	3846
838	838
839	1001
839	1671
839	3904
839	888
84	202
84	2663
84	3929
840	3541
840	3710
841	1481
842	1046
842	1995
842	2927
842	2995
842	3602
842	858
843	1769
843	2391
843	3556
843	951
845	1184
845	1430
845	1819
845	2128
845	2207
845	2217
845	3079
845	3556
845	845
845	917
846	2184
846	2262
846	3532
847	2156
847	974
848	1021
848	1052
848	1092
848	1157
848	1180
848	1407
848	1927
848	2162
848	3817
848	848
849	1085
849	1295
849	1500
849	2788
85	1026
85	1154
85	2211
85	2486
85	2514
85	3156
85	85
850	3039
850	850
852	1833
852	3754
854	1994
854	854
855	2488
855	2622
855	2976
855	3260
855	855
858	1046
858	1369
858	1680
858	1701
858	1818
858	1893
858	3218
858	3332
858	3367
858	3985
858	858
86	1583
86	425
86	528
86	86
861	1309
861	3033
862	2993
862	3871
864	1075
864	1361
864	1421
864	1811
864	2180
864	2330
864	2790
864	2892
864	2916
864	3131
864	3491
864	864
865	865
866	1152
866	1308
866	1537
866	1676
866	2205
866	2234
866	2438
866	2558
866	2681
866	2736
866	2898
866	3694
866	3964
866	866
866	957
868	2017
868	3784
87	1088
87	785
872	1930
872	872
873	2224
873	873
874	874
875	3535
876	1407
876	1687
876	1987
876	876
877	3426
878	1628
878	3391
88	986
880	880
882	1504
882	882
885	2866
885	3664
885	3747
886	1060
886	1712
886	1893
886	2259
886	2486
886	3154
888	1001
888	2790
888	3282
888	3593
888	3904
89	3493
89	89
891	1287
891	1587
891	891
893	1213
893	1613
893	3524
893	893
894	1346
894	2587
895	3831
897	3189
897	3282
897	3895
897	897
899	2465
899	3869
9	362
90	90
902	1424
902	1437
902	979
903	903
905	2820
905	905
906	2331
908	2622
910	2092
910	3582
910	910
912	2425
913	1080
913	1592
913	1980
913	2711
913	2736
913	2874
913	3491
913	3602
913	3923
913	3938
913	913
914	2330
914	2790
914	3344
914	914
915	1341
915	1468
915	1923
915	2403
915	915
915	945
916	1248
916	1349
916	2309
916	2647
916	2712
916	2739
916	3131
916	3361
916	3744
916	916
917	1462
918	2486
918	3240
918	918
92	92
921	2630
922	3455
922	922
923	1442
923	2960
923	3076
923	923
924	1130
924	2417
924	2802
924	2935
924	3512
924	3532
924	924
925	1075
925	1486
925	1490
925	1540
925	1752
925	2218
925	2242
925	2467
925	3504
925	3722
925	925
925	993
926	1025
926	946
927	1080
927	1259
927	1590
927	2220
927	2927
927	3177
927	3874
927	927
929	1255
929	929
93	1223
93	155
93	1785
93	2330
93	2376
93	3644
93	689
930	1593
930	2765
930	3004
930	3976
930	930
932	932
933	3840
933	933
937	2017
937	3075
938	2954
939	1120
939	939
94	1190
94	2260
94	3420
94	816
94	94
94	951
940	1793
940	2811
940	2975
941	2770
941	3020
941	941
942	2111
942	2838
945	1098
945	1190
945	1746
945	1773
945	1814
945	2057
945	2298
945	2403
945	2533
945	945
946	1025
946	946
947	2229
947	2260
947	2477
947	3797
947	951
948	1200
948	1253
948	1258
948	2199
948	2275
948	2288
948	2453
948	2567
948	2694
948	2852
948	2894
948	2917
948	3068
948	3607
948	948
949	3367
949	3744
949	949
95	1004
95	1913
95	3117
95	3565
95	385
95	95
951	1449
951	1769
951	1931
951	2112
951	2227
951	2229
951	2260
951	2391
951	2439
951	3437
951	3484
951	3822
951	3885
951	3893
951	3981
951	951
953	1022
953	2600
953	2907
953	2946
953	3109
953	3158
953	3696
953	3913
953	3950
954	2490
954	954
954	955
955	1557
955	2490
955	955
957	1369
957	1890
957	2558
957	3131
957	3744
957	957
958	2273
958	2470
958	2879
958	3353
958	958
961	1922
962	962
963	963
964	1265
964	2515
965	2524
965	3410
965	965
967	3217
967	967
968	2820
97	539
971	971
973	1308
973	1676
973	2620
974	1519
974	2740
975	975
976	1935
976	2653
976	3818
978	3763
978	3781
978	978
979	1695
979	2344
98	3912
98	98
980	2975
981	1811
982	3644
983	1829
983	2733
983	983
984	3766
985	1458
985	1720
985	1988
985	2155
985	2527
985	2573
985	2627
985	985
986	1286
986	1417
986	2798
988	3518
988	3756
988	988
99	1264
99	1314
99	1389
99	155
99	266
99	3024
990	3265
990	3648
990	990
991	1502
991	2701
991	2975
991	991
993	1135
993	1540
993	1848
993	1970
993	2029
993	2786
993	2790
993	2871
993	2876
993	3350
993	3491
993	3838
993	993
994	1099
994	2223
994	2468
994	2770
994	3504
994	994
995	1310
995	1680
995	1893
995	2435
995	2497
995	2973
995	3390
995	995
996	1604
996	1948
996	2641
996	2703
996	2898
996	3257
996	3338
996	3790
996	996
996	997
997	1918
998	998
999	2167
999	2976
999	3781
999	999
