#Nodes	4000
#Edges	2042
0	1950
10	10
10	3691
10	755
1001	1001
1003	1003
1003	1327
1004	1096
1006	1006
1006	1125
1009	1009
1018	1018
1018	2657
1018	2661
1018	3697
102	2787
1022	1022
1022	1881
1022	2946
1022	3558
1022	3595
1022	3696
1024	2899
1024	3034
1024	3910
1026	1026
1026	2211
1027	1027
1027	1786
1027	3112
1029	2971
1034	1034
1034	1139
1034	1818
1034	1919
1034	3884
1039	1039
1039	2923
1048	1569
1048	3815
1057	1057
1057	2653
1057	2734
1057	3651
1057	3838
1059	1091
1059	2501
1059	2664
1059	2686
1059	3001
1059	3701
1059	3912
1059	3982
106	106
106	1289
106	2626
106	275
106	492
106	758
1060	1410
1060	1496
1060	2138
1063	2866
1064	1155
1065	1093
1075	1075
1076	1114
1079	1278
108	2221
108	3735
1080	1691
1080	2856
1081	1081
1081	2010
1086	3804
1088	2632
109	109
1090	1090
1090	1659
1090	2038
1091	1091
1091	3156
1093	1093
1094	3450
1096	2538
1096	2641
1099	1099
11	11
11	1463
11	2513
11	3299
1104	1104
1104	1911
1104	2582
1104	3107
1108	1108
1108	1704
1108	1918
1109	1109
1109	2032
1109	2467
111	444
1114	1114
1114	2134
1114	2515
1114	3784
1115	1115
1115	2023
1115	3195
1117	2954
1120	3655
1122	1122
1123	1123
1123	1149
1123	2657
1125	3782
1129	2370
1129	2884
1131	1430
1132	1132
1134	1134
1134	2827
1135	3118
1139	1139
1139	1735
1142	1142
1142	2714
1143	2579
1143	3884
1148	3862
1149	2657
1156	1156
1156	1953
1156	3407
1157	1570
1159	1159
1159	2283
1160	1647
1161	3702
1164	2312
1165	1450
1168	1168
1171	1171
1171	3276
1173	3111
1175	2902
1179	1179
1179	2001
1179	3036
118	118
1180	1474
1180	1656
1180	1875
1180	2586
1180	2616
1180	3117
1182	1352
119	1463
1190	1341
1193	2046
1196	1583
1196	3054
12	12
12	349
120	1568
120	1747
120	2718
120	3234
120	3342
1203	1450
1205	1205
1205	3735
121	121
1217	1217
1217	1950
1217	3034
122	262
122	3964
1224	1224
1224	1754
123	3699
1232	1951
1232	3657
1233	2466
1234	1234
1237	3929
1238	1238
1238	1826
1239	1239
1239	2683
124	1003
124	1327
124	1405
124	153
124	1682
124	2029
124	2229
124	3470
1247	2668
1247	3324
1248	1486
1248	2295
1248	3529
1252	3488
1257	2529
1259	2371
1259	3262
126	1221
126	126
126	3753
126	392
1267	2442
127	2198
127	2790
127	3491
127	3602
1273	1277
1276	2783
1276	3565
1281	2635
1287	1287
1288	1449
1288	3776
1289	1289
1289	1512
1289	1521
1289	1710
1289	2055
1289	3559
1289	3654
1289	3884
1289	3953
1289	3975
1290	1290
1290	2677
1294	1294
1294	2736
1297	1297
1297	2457
1300	1300
1303	1303
1304	1304
1304	2560
1304	2895
1304	3196
1304	3542
1309	1935
1312	2010
1314	2505
1316	1948
1316	3111
132	1462
1327	3581
1328	1328
133	133
133	2614
1332	1332
1335	2642
1341	1341
1341	2298
1341	2632
1341	3064
1344	2000
1344	3257
1347	2310
1347	3705
135	2079
1352	1352
1352	1998
1352	2918
1363	1363
1363	3408
1369	1369
1369	2027
1369	2298
1386	1386
1386	2318
1389	1566
1389	3061
1390	1390
1390	3955
1391	1391
1394	1745
1404	2439
1404	2679
1404	3064
1405	2029
1406	1406
1406	2534
1408	2350
1410	3033
1410	3333
1411	1809
1411	3776
1411	3888
1412	1412
1412	2317
1412	3845
1412	3881
1414	3725
1414	3807
1415	1415
1417	1417
1417	1747
1422	1422
1424	1424
1424	1437
1424	1655
1424	2307
1424	2763
1424	2811
1426	1950
1426	2472
143	3029
143	453
1430	3006
1430	3372
1431	1431
1431	1849
1431	3502
1431	3662
1431	3704
1433	1433
1433	2412
1444	1908
1444	2004
1447	3408
1449	1519
1449	3231
1449	3715
1449	3772
1449	3928
1450	1450
1460	1536
1463	1642
1466	2000
1466	3257
1472	1472
1472	1949
1472	2570
1472	3156
1472	3443
1472	3585
1474	1950
1474	2471
1475	1475
1476	1476
1476	2365
1476	3615
1477	2298
148	1356
1484	1484
1484	2493
1484	3704
1484	3745
1490	1490
1490	2195
1490	3102
1490	3467
1490	3546
1492	1492
1495	2332
150	3655
1500	1500
1500	1712
1500	2657
1507	1507
1508	1508
1508	3735
1509	1687
1518	2915
1519	3437
1519	3954
1525	3987
1527	1527
1529	1823
153	2029
1539	3071
1541	2690
1541	3497
1541	3932
1542	1793
1542	2907
1543	1543
1543	1880
1543	2113
1543	2515
1543	3750
1544	1544
155	1248
1550	1610
1550	2794
1556	1556
1556	1861
1559	1632
1559	2302
1559	2962
1559	2969
1563	1563
1563	2516
1564	1564
1565	1565
1566	1566
1569	1569
1570	1570
1570	3925
1574	1734
1575	1743
1576	1576
1576	3535
1578	1911
1578	2097
1578	2523
1578	2785
1579	1579
1579	2917
158	2811
1582	1582
1586	2000
1587	1587
160	160
1605	1692
1605	1947
1608	1608
1608	2854
1610	3477
1618	2138
1618	3689
1619	1619
1620	1620
1620	2456
1622	1933
1622	2058
1625	1625
1630	1630
1631	3070
1634	2466
1634	3574
164	164
1643	1643
1646	3015
1648	3613
1655	1821
1655	3789
1655	3841
1656	2559
1656	3257
1656	3469
1658	1658
1658	2660
1659	1659
1659	2007
1659	3651
166	166
166	3614
1664	1664
1668	2596
1668	3712
167	167
167	2388
167	3904
1672	1672
1677	2221
1677	2573
1680	1680
1680	2100
1680	3426
1685	3422
1687	1687
1687	3140
1694	3870
17	2401
17	393
17	722
17	953
1700	1700
1704	1704
1704	3132
1704	3257
1706	1706
1706	3367
1710	3285
1710	3975
1716	1716
1716	2020
1716	2110
1716	3393
1716	3786
1717	2229
1720	1720
1722	1722
1722	2608
1724	1747
1724	2142
1724	2593
1724	3183
1724	3685
1725	1725
1725	1916
173	1248
1733	1733
1733	2442
1734	1734
1734	2162
1734	2658
1737	1737
1743	1743
1746	1746
1746	2279
1747	2679
1747	2718
1747	3034
1747	3234
1747	3342
1747	3750
1752	2342
1754	1754
1754	2234
1754	3302
1756	1756
1757	3525
1759	3856
176	1205
176	1640
176	176
176	3815
1765	1935
1765	2900
1768	1768
1779	3472
1783	2139
1787	2418
1787	3655
1789	1789
1791	3545
1795	2212
1801	1801
1801	2317
1801	3997
1804	1804
1805	3891
1806	3378
1808	3968
1809	3174
1809	3888
1812	3263
1812	3651
1820	1820
1821	1821
1821	2806
1829	2776
1835	1835
1841	1841
1841	2922
1842	3490
1846	1846
1846	2428
1849	1849
1849	3041
1856	1856
1857	2553
1859	1985
1861	1861
1864	2391
1868	1868
1868	2356
188	2862
188	3085
188	3399
1880	3061
1880	3327
1881	3558
1881	3650
1881	3696
1893	1893
1893	2788
1893	2914
1893	3154
1893	3665
1893	3955
1894	3875
1895	1895
1895	3502
1904	1904
1908	2004
191	191
191	2418
191	2483
191	3130
1911	1911
1911	2523
1911	2718
1911	2785
1911	3034
1911	3107
1911	3369
1914	1914
1914	2944
1914	3430
1915	2416
1915	3226
1919	1919
1919	3734
1921	3697
1922	2138
1925	2075
1928	2000
1931	1931
1933	3177
1933	3654
1935	1935
1935	2740
1935	2900
1935	3380
1937	2921
194	1475
194	194
194	3121
194	3423
1940	1940
1940	2069
1948	2748
1949	2570
1950	1950
1950	2471
1950	2472
1950	3992
1951	1951
1953	3407
1958	3865
1959	1959
1959	3337
196	1012
196	196
196	2762
196	296
196	3879
196	449
196	631
196	661
1960	1960
1960	2147
1964	3224
1966	3178
197	3702
1989	1989
1989	2368
199	199
199	345
199	458
1994	2734
1994	3595
1994	3651
1998	1998
1999	3991
2000	2000
2000	2559
2000	2636
2000	2871
2000	2885
2000	3257
2000	3350
2000	3491
2000	3699
2000	3723
2000	3847
2001	2442
2001	3416
2003	2370
2003	3231
2006	2006
2007	2200
2007	2383
201	1175
201	2811
2010	2010
2014	2014
2014	2232
2020	2020
2020	3423
2020	3435
2020	3852
2021	2021
2022	2022
2024	2024
2024	2604
2029	2662
2034	2034
2034	3783
2036	2036
2036	2476
2036	3804
2041	2447
2041	3270
2046	2257
2046	3128
205	205
205	2111
205	3697
2055	2055
2055	2209
2055	2225
2055	2248
2055	2529
2055	2653
2055	3152
2055	3884
2055	3928
2055	3953
2057	2057
2057	2632
2058	2058
2059	2059
2059	2262
2059	2825
2061	3601
2063	3804
2071	2071
2071	3776
208	1232
208	208
208	361
208	565
2084	2084
2097	2785
21	2138
2100	2100
2100	3278
2100	3966
2107	2573
2109	3652
2111	2928
2115	2536
2120	2185
2120	2317
2120	2690
2120	3078
2120	3745
2124	2124
2124	2749
2124	2838
2128	2128
2128	2849
2128	2975
213	213
2130	3219
2138	3202
2138	3654
2138	3689
2142	3183
2142	3383
2151	2151
2151	2489
2151	3186
2153	3601
2162	3035
2163	2381
2167	2450
2168	2168
2168	2955
2168	3282
2168	3654
2172	2172
218	218
2184	2529
2185	2690
2187	2654
2198	3491
22	22
22	2835
220	220
220	610
220	663
2203	2203
2209	2248
2209	3152
2209	3928
2211	3372
2211	3955
2212	3781
2212	3964
2214	3711
222	222
222	237
222	621
2223	2565
2225	2225
2225	2653
2229	2229
2229	2585
2229	3152
2229	3470
2229	3949
2232	2461
2234	2234
2234	3141
224	1024
224	1595
224	2899
2246	2246
2246	3112
2248	2248
2248	2328
2248	2449
2248	2529
2248	3152
2248	3178
2248	3213
2248	3337
2248	3463
2248	3566
2248	3928
2249	2805
2253	3088
2261	2261
2263	2263
2263	2450
2267	3941
2268	2268
2268	2287
2279	2279
2285	2490
2287	2287
2287	2885
2287	3977
2294	3630
2295	2364
2298	2298
2298	3515
230	230
2301	3423
2302	3423
231	2061
231	2153
231	3601
231	398
2310	3705
2314	3017
2316	2316
2316	2467
2319	2319
2328	2328
2330	2755
2330	3137
2335	2335
2335	3061
2335	3189
2338	3360
234	234
2341	2341
2341	3053
2344	2344
2352	2352
2354	2354
2364	3953
2367	2422
237	2020
237	2316
237	237
237	3189
237	3818
237	3852
237	957
2371	3262
2372	3953
2372	3958
2374	2374
2376	2376
2376	2414
2376	3619
2378	2378
2379	2379
2379	3083
238	238
2381	2381
2383	2383
2386	3186
2388	2388
2391	2515
2392	3268
24	1712
24	24
24	2634
24	3288
24	427
24	506
24	564
240	2981
2415	3317
2416	2416
2416	3226
2418	3130
2418	3615
242	2120
242	2177
242	242
242	2578
242	299
242	3497
242	456
242	616
2426	2426
2428	2428
243	1724
243	243
243	2688
243	345
2439	2679
244	312
2443	2443
2444	2444
2447	2447
2447	3015
2447	3231
2447	3270
2448	3181
2449	2449
2449	3213
2449	3597
2449	3866
245	3902
2450	2450
2450	3668
2459	2459
2462	2462
2462	3788
2466	2586
2466	3701
2467	2467
2471	2603
2471	3170
2473	2560
2473	2895
2475	2858
2476	3204
2477	2477
2477	3125
2479	2479
2479	2653
248	1079
248	3118
248	569
2483	2483
2486	2486
2486	3240
2486	3695
2489	2489
2489	3186
2492	3949
2493	2493
2493	2630
2493	3745
2493	3875
2497	2497
25	1426
25	2245
25	25
250	250
250	472
2503	3436
2514	2928
2514	3908
2515	3964
2517	2517
2518	2518
2523	2523
2525	2922
2529	3152
2529	3471
253	253
2536	2536
2538	2538
2538	2546
254	1659
254	2015
254	254
2546	3121
2546	3973
2560	2560
2560	2647
2560	2895
2561	3638
2569	2569
2570	2570
2570	3242
2570	3561
2573	2573
2575	2575
2575	2956
258	2517
258	258
258	2721
2585	2585
2587	2587
2587	3121
2587	3393
2596	3712
2599	2599
2603	3297
2605	2859
2606	2606
2606	3865
2611	2611
2616	3117
262	262
2629	2629
2633	3553
2634	3288
2636	3257
2639	2639
2645	3484
2649	3170
2653	3595
2653	3651
2654	2654
2656	2656
2656	3894
2657	2657
2657	3452
267	1955
267	384
2679	3342
2679	3768
2683	2683
2683	3408
2686	2686
269	1656
269	2392
269	456
269	802
2690	2690
2690	3715
2692	2928
2692	3026
2694	2694
2694	2852
2698	2698
2698	2910
27	27
270	1444
270	1757
270	2167
270	2450
270	328
2700	3169
2704	2704
2711	3416
2714	2714
2718	3234
2718	3750
2734	2734
2734	3651
2734	3776
2745	2745
2746	2746
2746	2920
2748	3174
2757	2757
2758	2758
2762	2762
2762	2898
2762	3515
2763	2763
2763	3750
2764	2764
2770	3504
2776	3931
2788	2788
2788	3154
2788	3955
28	449
28	996
280	280
2802	2802
2802	3697
2802	3711
2805	2805
2806	2806
281	2100
281	281
281	3278
281	3966
2813	2813
2813	3488
2814	2814
2820	2820
2820	3350
2820	3728
2833	2833
2834	2834
2836	2836
2838	2838
2839	2839
284	284
2842	2842
2842	3687
2858	3393
2859	2859
286	2865
2862	3399
2868	2868
2872	3188
2883	2883
2885	2885
2885	3188
2885	3699
2885	3707
2892	2892
2899	3910
29	119
29	1233
29	2228
29	2536
29	29
29	369
2901	2901
2902	3533
2905	2905
2907	2907
2914	2914
2914	3665
2915	2915
2917	3844
292	1608
292	292
292	668
2921	2921
2922	3231
2928	2928
293	293
294	2160
294	2657
294	294
294	515
294	924
2944	3430
2946	2946
2946	3696
2953	2953
2962	2969
297	297
297	3257
2972	3015
2974	3496
2975	2975
2976	3657
2981	2981
2981	3365
299	1509
299	1656
299	2120
299	2392
299	2559
299	299
299	3268
299	458
299	610
2991	2991
2991	3282
2991	3537
2993	2993
3002	3052
3002	3104
3002	3243
3004	3004
3006	3006
3009	3009
3009	3528
3015	3772
302	302
302	3644
3025	3025
303	1056
303	303
303	3620
303	3914
3034	3704
3038	3851
3039	3039
3042	3042
3043	3043
3051	3051
3052	3243
306	306
3068	3068
3068	3370
307	307
3071	3071
3071	3077
3099	3714
310	3740
3108	3108
3111	3111
3117	3117
3117	3565
313	1933
313	3654
3130	3411
3137	3137
3137	3941
3138	3138
315	1573
3152	3285
3152	3928
3154	3154
3154	3955
3163	3163
3170	3170
3170	3931
3172	3196
3178	3566
3179	3179
3183	3383
3187	3187
3188	3529
3188	3707
3189	3189
3202	3689
3206	3206
3207	3207
3213	3350
3223	3223
3225	3225
3226	3226
3232	3232
3233	3233
3242	3561
3243	3243
3255	3723
3273	3723
331	1801
331	2517
3317	3647
3320	3320
3332	3552
3339	3339
3342	3768
3345	3345
3350	3728
3355	3355
3358	3358
3365	3365
3365	3986
337	679
3370	3370
3372	3372
338	2652
3391	3777
3393	3393
34	34
3407	3865
341	3491
341	419
3411	3615
3413	3413
3423	3423
3423	3852
3437	3437
3439	3439
3442	3567
3442	3854
345	1747
345	2718
345	2836
345	3034
345	3234
345	3342
345	345
345	3750
345	458
345	799
3452	3452
3452	3525
3468	3468
3470	3696
3474	3474
3477	3477
3487	3487
349	1656
3490	3881
3491	3491
3491	3497
3491	3602
3496	3496
3499	3499
350	1936
3502	3547
3504	3504
351	351
351	3674
351	3881
3513	3513
352	2212
352	691
3525	3525
3529	3870
353	3821
3530	3530
3530	3932
3537	3537
354	2479
354	354
354	749
3541	3541
3541	3647
3545	3933
3547	3571
355	355
3553	3553
3557	3688
3559	3559
357	1148
357	2344
357	357
3576	3576
3582	3582
3593	3884
3593	3953
3595	3595
3595	3696
3597	3866
36	36
361	565
363	3142
364	1280
365	3753
3655	3655
3659	3659
366	1118
366	1680
366	1710
366	1881
366	2122
366	3009
366	3118
366	3152
366	3528
366	3650
366	366
366	3928
366	492
366	569
366	693
3668	3668
367	1842
367	3586
3673	3673
3674	3674
3682	3682
3687	3687
3687	3800
3688	3688
369	1747
369	2718
369	2931
369	3234
369	3342
369	3750
3701	3701
3702	3702
3704	3969
3705	3705
3710	3710
3715	3772
3717	3761
3718	3718
3718	3928
372	399
3723	3723
373	2057
373	2355
3732	3732
3743	3743
3744	3744
3745	3875
3753	3753
3761	3761
3771	3771
3772	3772
3776	3776
3782	3782
3784	3784
379	2631
379	559
3790	3790
3800	3800
3807	3807
3815	3815
3817	3817
3834	3834
3837	3955
384	1318
384	1933
384	1955
384	384
384	552
384	561
384	848
3851	3851
386	1237
386	3929
3865	3865
387	387
389	3013
389	389
3904	3904
3909	3909
3919	3919
392	3753
393	1627
393	2467
393	3350
393	3426
393	393
393	408
393	722
3930	3930
3931	3931
3932	3932
3948	3948
3950	3950
3953	3953
3954	3954
3955	3955
396	2020
3964	3964
3975	3975
3977	3977
398	2061
398	3601
399	399
3991	3991
3995	3995
3998	3998
40	1175
40	1220
40	201
40	2307
40	40
40	902
402	1081
402	1312
402	2010
403	2565
404	1069
407	3861
407	407
408	1543
408	1704
408	1948
408	2149
408	2298
408	2316
408	2467
408	2515
408	2762
408	2898
408	449
408	713
408	866
408	996
410	1933
410	3034
413	1428
413	497
413	579
413	666
414	3904
414	414
416	2473
416	434
416	497
419	1893
419	2914
420	3530
420	3932
420	420
425	1583
427	2657
427	3398
43	1519
43	1747
43	2718
43	3234
43	3342
43	345
43	3750
431	431
434	1885
434	2473
434	2736
434	497
434	579
434	610
434	666
444	719
449	2041
449	2547
449	2762
449	3270
449	3593
449	449
449	621
449	996
452	2528
452	2783
452	3290
452	778
453	1880
456	1180
456	2559
456	3497
456	456
461	1369
461	2027
461	589
461	880
462	2059
462	2262
463	2163
463	2381
463	2557
47	1895
47	3049
470	3964
470	809
471	796
475	2844
475	755
476	2170
476	3445
476	794
476	845
482	482
483	483
486	486
487	1211
49	1702
49	634
490	3089
490	490
492	1289
492	1365
492	3212
492	3975
492	492
492	758
494	1129
494	1676
494	1716
494	2041
494	2884
494	3015
494	3270
494	654
497	1428
497	2473
497	2541
497	2560
497	2736
497	2895
497	666
503	1063
503	2866
503	503
503	842
505	2653
505	2739
505	3595
506	1160
506	1500
506	1647
506	1712
506	2322
506	506
506	564
508	1064
508	2100
508	2392
508	3278
508	3966
508	508
509	2569
509	3649
509	509
509	954
51	1449
51	2690
51	3497
51	51
51	668
510	2885
515	924
52	52
520	520
520	808
521	1205
521	2214
521	3711
523	523
524	1061
524	524
528	528
529	2476
529	3391
529	3490
529	3881
53	53
530	1472
530	1706
530	2776
530	3931
530	730
532	1927
532	1964
532	2347
533	1548
535	1685
535	535
535	799
540	2057
541	2962
541	2969
545	726
55	2369
55	2721
55	357
55	767
552	2000
552	3257
552	552
552	848
552	888
553	3058
553	553
553	713
56	975
561	1595
561	744
561	765
561	853
562	3950
562	562
564	564
565	1582
565	565
566	566
567	567
568	568
568	758
569	1135
569	2838
569	2876
569	3118
569	3491
569	569
569	848
569	888
569	942
57	2588
57	57
57	809
571	1402
571	571
573	573
576	2994
579	666
58	2426
58	521
58	677
580	3632
580	580
582	1477
582	2298
582	582
583	1267
583	1733
583	2442
585	585
586	1142
586	2714
589	1369
589	2027
591	1216
591	2209
591	2248
591	3152
591	3928
596	616
605	605
607	607
61	109
610	2110
610	610
616	2177
616	2493
616	616
618	803
621	3884
627	1386
627	2318
630	630
631	2559
631	631
632	2813
632	632
634	889
638	2109
638	2807
65	671
650	3362
654	2029
654	3877
654	797
661	3879
666	1428
666	1885
666	3115
668	1608
668	1950
668	1962
668	3536
668	3723
67	1248
67	2018
67	2295
67	67
67	745
671	3417
677	2426
685	1569
687	1344
687	2000
687	3257
687	687
687	729
69	2227
690	1564
690	2656
690	3894
690	690
692	692
693	1257
693	1710
693	1808
693	1864
693	1948
693	2229
693	2311
693	2529
693	2585
693	2748
693	3152
693	3212
693	3245
693	3285
693	3968
693	693
693	758
693	965
694	694
698	1954
698	698
7	427
7	7
70	127
70	2383
70	3471
70	3478
701	1247
701	2668
701	3324
707	3814
708	1716
708	708
71	1720
71	71
711	2128
711	2849
712	712
713	1994
713	2734
713	3179
713	3651
713	953
717	2249
717	2622
719	3928
719	719
721	1444
721	1908
721	2004
721	3096
721	3188
722	2316
723	1992
723	2342
723	3600
724	724
727	1919
727	2762
727	727
728	2471
728	2649
728	3170
728	728
729	1344
729	2449
729	3350
730	2776
730	730
738	738
739	1243
74	3101
741	741
749	2328
749	3538
749	749
75	1363
75	1939
75	2415
75	2436
75	75
75	802
754	754
758	1057
758	1143
758	1289
758	1303
758	1411
758	1808
758	1864
758	1948
758	2235
758	3212
758	3651
758	3888
758	3968
758	758
761	1993
761	2981
765	1289
765	1595
765	2330
766	2578
766	3237
77	77
772	772
773	1724
773	2593
776	1106
776	3391
776	3777
777	1925
777	2075
777	777
778	1276
778	1895
778	2783
780	1248
780	2295
784	784
787	787
791	791
792	1659
792	2276
792	3038
792	3851
792	3878
792	792
794	1893
794	2170
794	794
796	1843
799	1724
799	1812
799	1950
799	2718
799	3183
799	3685
802	1064
802	1155
802	1217
802	1939
802	2513
802	802
803	1173
803	3108
803	803
806	3474
806	806
808	1020
808	3405
808	808
809	3964
81	3746
81	81
814	1186
814	2406
814	3463
814	814
820	820
825	2486
825	3240
825	3695
825	825
827	827
828	3782
83	1190
83	2632
83	2659
831	831
836	1544
841	1424
841	2763
841	3750
842	2866
843	2734
843	3776
845	1131
845	3006
845	3445
845	845
846	3977
85	1026
85	2211
853	1694
853	2174
853	853
858	1706
858	3350
86	3932
86	86
865	865
866	1417
866	1747
866	2041
866	3923
866	866
87	87
870	1341
870	1716
870	2327
870	3393
873	3358
874	874
881	881
882	882
884	2519
886	3837
886	3955
886	886
888	3699
896	896
898	1541
898	898
899	3869
90	2492
90	621
900	900
902	1108
902	1175
902	1424
902	1437
902	1655
902	1821
902	902
905	1287
905	2820
91	471
91	91
913	1980
913	2001
913	2630
913	2711
913	3416
913	3497
914	1180
916	1267
919	3964
919	919
92	1018
92	1582
92	92
930	947
931	1304
931	2212
931	931
933	933
936	3179
936	3393
939	2208
939	2483
939	3655
939	939
94	94
940	1414
940	1542
940	1653
940	1793
940	1824
940	2073
940	2752
940	3597
940	3807
940	3866
940	940
942	2838
948	1757
948	2199
948	948
95	3565
95	3955
95	95
951	3981
951	951
953	2007
953	2401
953	953
954	2569
957	2705
957	3423
957	3818
965	1411
965	1948
965	2071
965	2208
973	3279
975	1472
978	3781
98	98
980	1580
985	2527
985	985
986	2798
988	988
993	1390
993	2786
996	1880
996	2041
996	3541
996	997
