#Nodes	4000
#Edges	4416
0	0
1	646
10	10
10	11
10	1805
10	1911
10	269
10	3691
10	478
10	552
10	631
10	755
10	827
1002	1002
1002	1018
1003	1003
1003	1327
1003	3566
1004	1004
1004	1096
1006	1006
1006	1125
1006	3272
1007	3232
1008	1517
1009	1009
1009	2820
1011	2072
1012	1012
1012	1472
1012	3585
1013	1440
1014	1014
1015	3413
1018	1018
1018	2657
1018	2661
1018	3697
102	2787
1020	2639
1020	2853
1020	3405
1021	1021
1021	1622
1022	1022
1022	1881
1022	2529
1022	2946
1022	3532
1022	3595
1022	3696
1023	2751
1023	2971
1023	3130
1024	1142
1026	1026
1026	2211
1026	3202
1027	1027
1027	1786
1029	2971
1030	1187
1030	1314
1030	3872
1031	1031
1034	1034
1034	1414
1034	1818
1034	3597
1034	3884
1036	1036
1038	1038
1038	1565
1039	1039
1039	2517
1043	1043
1043	1386
1043	2208
1043	2418
1043	3130
1046	2925
1047	2293
1048	1048
1048	1329
1048	1999
1048	2813
1048	2942
1048	3815
1052	1100
1052	1263
1052	1734
1052	2162
1053	1053
1053	1566
1053	3761
1055	1055
1055	2521
1057	1057
1057	2007
1057	2653
1057	2734
1057	3651
1057	3834
1058	2698
106	106
106	1289
106	1600
106	1815
106	2055
106	2195
106	2225
106	2248
106	225
106	2443
106	2625
106	2626
106	270
106	273
106	2916
106	3152
106	3166
106	3212
106	3423
106	3593
106	3654
106	370
106	3884
106	3953
106	449
106	492
106	758
1060	1060
1062	1062
1062	1759
1062	2448
1062	3181
1062	3856
1063	2009
1063	2749
1063	2866
1063	3243
1063	3625
1063	3956
1064	1155
1064	2513
1064	3114
1064	3534
1065	1065
1065	1432
1065	1800
1065	2206
1065	3155
1070	1561
1073	1073
1073	3828
1075	1075
1075	1499
1075	2054
1075	2536
1075	2625
1075	3941
1076	1114
1079	1079
1079	1948
1079	3975
108	1677
108	2221
108	2301
108	285
108	3170
108	3426
108	3735
108	3858
1080	1080
1081	1081
1086	1086
1086	1404
1087	2000
1087	2630
1087	2885
1088	1088
1088	3393
1088	3435
1088	3490
1088	3875
109	2669
109	2978
1090	2038
1091	1091
1091	2828
1091	3156
1091	3500
1092	1676
1092	3704
1092	3736
1093	1093
1094	1094
1094	1271
1094	1469
1094	3003
1094	3293
1094	3335
1094	3450
1094	3496
1094	3903
1099	1099
1099	1439
1099	1607
1099	2760
11	1080
11	11
11	1336
11	1963
11	2415
11	2493
11	3023
11	3422
110	1018
110	2657
110	924
1100	1369
1102	1332
1103	1103
1104	1104
1104	1217
1104	1515
1104	1911
1104	2900
1104	3107
1104	3380
1106	1936
1106	3224
1108	1108
1108	1424
1108	1543
1108	1704
1108	2806
1108	3245
1108	3818
1109	1109
1109	2032
1109	2741
1110	2225
1110	2248
1110	3213
1112	1112
1112	1410
1112	1706
1112	1816
1112	1906
1112	2009
1112	2384
1112	3084
1112	3827
1114	1232
1114	2134
1114	2854
1115	1115
1115	1406
1115	2023
1115	2229
1115	3152
1115	3195
1115	3462
1117	1117
1117	2954
112	112
112	1680
112	320
112	631
1120	1120
1120	2483
1120	3655
1122	1122
1123	1123
1123	1149
1123	1209
1123	2310
1123	2657
1125	1125
1125	1823
1125	2433
1125	3272
1129	1129
1129	2122
1129	2403
1130	2802
1131	1131
1131	1184
1131	1430
1131	3006
1131	3968
1132	1132
1132	3615
1132	3800
1134	1134
1134	2827
1135	3118
1139	1139
1139	1735
1143	1143
1143	2579
1143	3468
1143	3521
1143	3884
1146	2185
1147	1273
1147	3179
1148	3862
1149	2657
1152	1152
1152	2041
1152	3541
1152	3710
1155	1155
1155	1308
1155	1519
1155	1680
1155	2415
1155	2756
1155	3034
1156	1156
1156	1431
1156	1953
1156	2449
1156	3407
1157	1570
1159	1159
1159	1931
1159	2283
1160	1647
1161	3702
1164	1164
1164	2312
1168	1168
1169	1169
1171	1171
1171	1908
1171	2004
1171	2249
1171	2904
1171	3243
1171	3276
1171	3423
1171	3497
1173	1173
1173	2370
1173	3505
1175	1175
1175	2902
1177	1177
118	881
1180	1180
1180	1474
1180	1875
1180	2353
1180	2586
1180	2616
1180	2927
1180	3006
1180	3117
1180	3217
1182	1182
1182	1352
1184	1184
1184	1378
1184	1430
1184	2904
1184	3006
1186	2406
1186	2703
1188	3994
1190	1190
1190	1468
1190	1477
1190	1746
1190	2279
1190	2298
1190	2311
1190	2403
1190	2533
1190	2934
1190	3899
1192	3270
1193	1193
1193	2046
1193	2143
1193	2443
1193	2736
1194	1194
1194	1514
1196	2341
12	1102
12	12
12	776
120	1180
120	1568
120	2570
120	3561
120	631
1203	1203
1203	1404
1203	1450
1203	1519
1203	1630
1205	1205
1205	1729
1205	3588
1208	1232
121	121
1211	1211
1211	1341
1211	2632
1211	2659
1211	3683
1213	1213
1216	2209
1216	2248
1216	3152
1216	3928
1217	1217
1217	1911
1217	1950
122	122
122	1232
122	1414
122	1417
122	2212
122	262
122	3964
1220	1220
1220	2711
1221	1221
1221	2938
1224	1224
1226	1226
1230	1230
1230	1811
1230	3708
1232	1232
1232	1414
1232	1647
1232	3022
1232	3321
1232	3597
1232	3725
1232	3964
1234	1234
1237	3929
1238	1316
1238	1826
1238	2611
1238	3212
1239	2683
124	1193
124	124
124	1406
124	153
124	171
124	2029
124	2229
124	2529
124	3470
124	846
1240	1240
1240	2632
1241	2538
1242	1242
1242	3257
1247	1247
1247	2668
1247	3324
1248	1248
1248	1486
1248	1995
1248	2292
1248	2295
1248	2974
1248	3769
1252	1252
1252	3488
1254	1404
1254	1999
1255	1255
1255	1694
1255	2744
1257	1257
1257	1622
1257	2529
126	1221
126	392
1260	1260
1264	3521
1265	3696
1266	2975
1267	2442
127	1005
127	127
127	1632
127	3735
1271	1271
1273	1273
1273	1277
1273	2560
1273	2895
1273	3694
1274	1500
1274	1712
1274	3389
1275	1275
1276	2783
1277	1277
1277	2611
1277	3179
1277	3694
1278	1815
1278	2260
1279	2841
128	2557
128	463
1281	2635
1283	2057
1283	2632
1289	1289
1289	2055
1289	2364
1289	2776
1289	3559
1289	3953
129	1894
129	810
1290	1290
1290	2677
1290	3657
1293	2880
1294	1294
1294	2736
1294	2948
1294	3899
1297	1297
1297	1872
1297	2457
1297	2648
1297	2751
1300	3050
1303	1303
1303	1895
1303	2711
1303	3006
1304	1304
1304	1948
1304	2413
1304	2895
1304	3196
1304	3306
1304	3542
1304	3642
1308	1308
1308	1519
1308	1537
1308	1747
1308	2739
1308	3768
1309	1309
1309	1603
1309	1935
1309	3380
131	3009
131	3528
131	366
1312	2010
1314	1314
1314	2505
1315	2248
1316	1365
1316	1826
1316	1948
1318	3537
132	1462
1325	1325
1325	3222
1326	1860
1327	2603
1328	1328
1329	1329
1329	1433
1329	2842
133	133
133	1569
133	176
133	2338
133	2614
133	522
133	523
1332	1332
1335	2642
1341	1341
1341	1468
1341	2003
1341	2074
1341	2298
1341	2311
1341	2327
1341	2632
1341	3435
1341	3980
1343	1343
1344	1344
1344	2000
1344	3257
1347	1691
1347	2310
1347	3641
1347	3705
1348	1348
1348	1805
1348	2688
1348	3753
1348	3815
1348	3891
1348	3978
1352	1352
1352	1998
1352	2181
1356	3869
1357	1357
1357	1534
1357	1753
1357	1757
1357	2657
136	136
136	2059
1361	1361
1361	2227
1361	3015
1361	3875
1363	1363
1363	1515
1363	2645
1363	3408
1363	3484
1365	3212
1367	1367
1367	2239
1369	1369
1369	2027
1369	2149
1369	2298
1369	2647
1369	3591
1374	1374
1374	1809
1377	1377
1377	1599
1377	1975
1377	2669
1378	1378
1378	1430
1378	2463
1385	1683
1386	1386
1386	2318
1386	2931
1390	2467
1390	3559
1390	3593
1390	3955
1391	1391
1394	1394
1394	1745
1397	3089
1397	3688
14	1488
14	2090
14	941
140	140
140	2015
140	463
1403	1403
1403	2887
1404	1404
1404	1680
1404	1747
1404	1849
1404	1999
1404	2439
1404	2449
1404	2679
1404	3064
1404	3337
1404	3342
1404	3662
1404	3704
1406	1406
1407	1407
1407	3945
1408	2350
1410	1410
1410	1496
1410	1906
1410	2225
1410	2681
1410	3033
1410	3333
1411	1411
1411	2200
1411	2534
1411	3888
1412	1412
1412	2317
1412	3065
1412	3881
1414	1414
1414	3022
1414	3807
1415	1415
1416	1416
1417	1417
1417	1747
1417	2718
1417	3034
1418	1579
1418	2917
1420	1420
1422	2486
1422	3663
1424	1424
1424	1437
1424	1655
1424	1754
1424	2307
1424	2763
1424	2811
1424	3750
1425	3043
1429	1429
143	143
143	2700
143	3029
143	453
143	897
1430	1430
1430	2692
1430	3006
1430	3372
1432	1800
1432	2206
1432	3155
1433	1433
1433	2412
1434	1503
1436	1436
1436	2987
1436	3249
1436	3527
1438	1438
1438	2415
1438	3759
1438	3784
1439	1439
1439	2760
1444	1444
1444	1908
1444	2004
1444	3423
1445	1716
1447	1447
1447	3408
1449	1769
1449	3437
1449	3696
1449	3715
1449	3772
1449	3928
145	1309
1450	1450
1454	1454
1454	2240
1454	2776
1455	1455
1455	1770
1457	1457
1457	1610
1457	3867
1459	2561
1459	3638
1460	1460
1460	2895
1460	3393
1462	1950
1462	2634
1463	1573
1466	1466
1466	2000
1466	3257
1468	2298
1468	3297
1469	3335
147	147
147	3646
1470	1470
1472	1472
1472	2694
1472	2852
1472	3443
1472	3585
1474	1950
1474	2471
1474	3515
1475	1475
1476	1476
1476	2240
1476	2365
1476	2422
1476	3615
1477	1827
1477	2298
148	151
148	810
1483	1711
1484	1484
1484	2996
1484	3589
1486	2000
1487	1487
1488	1488
1490	1490
1490	1598
1490	2426
1490	2714
1490	2776
1490	2875
1490	3102
1490	3467
1490	3546
1492	1492
1492	1839
1494	2361
1494	2971
1495	2332
1496	1496
1496	2138
1496	3033
1499	3565
1499	3941
15	15
15	3364
150	150
150	3655
1500	1712
1500	2634
1500	2657
1500	2664
1500	3389
1507	1507
1508	1508
1508	3012
1509	1509
1509	1687
151	3023
1514	2873
1515	1911
1515	2900
1515	3408
1519	1519
1519	1911
1519	2683
1519	3387
1519	3437
1525	3987
1527	1527
1529	1529
1529	1823
1529	2433
153	2029
153	332
1537	3768
154	3626
154	3794
154	3862
1541	1541
1541	1664
1541	2345
1541	2690
1541	3932
1542	1793
1542	2907
1543	1543
1543	2113
1543	2736
1543	3234
1543	3750
1544	1544
1546	1546
1549	3966
155	1248
155	1486
155	155
155	1617
155	2330
155	266
155	2982
155	3137
155	3508
155	3870
1550	2635
1550	2794
1555	1555
1555	1583
1556	1556
1559	1559
1559	2588
1559	2762
1559	2898
1560	3927
1561	2174
1562	1926
1562	2119
1563	1563
1563	2516
1564	1564
1564	2098
1564	2476
1564	3064
1564	3204
1564	3873
1565	1565
1565	1775
1566	1566
1566	2248
1566	2429
1566	3235
1569	1569
1569	1815
1569	2338
1569	3654
1570	3925
1571	1952
1572	1572
1572	2405
1574	1574
1575	2656
1575	3894
1576	1576
1576	3535
1579	1579
1579	2917
158	3306
158	707
1580	1580
1583	2561
1586	1586
1587	1587
159	159
1593	2860
1595	1595
1595	2371
1595	3262
1599	1861
1599	2669
1599	2729
16	410
160	160
160	3633
1600	2916
1605	1605
1605	1692
1605	1947
1608	1608
1608	1950
1608	2302
1608	2854
1610	1610
1613	1989
1613	2368
1617	2242
1618	1618
1618	3689
1620	1620
1620	2456
1622	1622
1622	1728
1622	1904
1622	1933
1622	2058
1622	2300
1622	2514
1625	1625
1626	1626
1630	1630
1630	2683
1631	1631
1632	1632
1632	2842
1634	2466
1634	3189
1634	3574
1634	3701
1635	2882
1635	2902
164	1377
164	164
164	1975
1643	1643
1648	1648
1648	1907
1648	2265
1648	3613
1649	1649
165	165
1655	1655
1655	2806
1655	3245
1655	3789
1656	3469
1659	1659
1659	2200
1659	2653
1659	2734
1659	3593
1659	3651
1659	3872
166	166
166	3614
166	3831
1660	1660
1661	1661
1661	2686
1664	1664
1664	3530
1664	3932
1667	3732
1668	1668
1668	2025
1668	2596
1668	3712
1669	2790
1669	2909
167	167
167	1734
167	2184
167	2388
167	2528
167	2705
167	3490
167	3904
167	616
167	957
1675	1675
1676	2229
1676	2388
1676	2705
1677	2221
1677	2444
1677	2506
1677	2573
1677	3858
168	1417
168	168
168	1747
168	1792
168	2762
168	3763
1680	1680
1680	1893
1680	3426
1680	3704
1681	1985
1685	1685
1685	2229
1687	1687
1687	1794
1687	2707
1688	2939
1688	3095
1691	2856
1694	1694
1694	3860
1696	3370
1699	1699
17	17
17	2401
17	3654
17	393
17	722
17	953
1700	1700
1701	2091
1704	1704
1704	3257
1706	1706
1706	3367
1709	3205
171	2229
171	712
171	846
171	951
1710	1710
1710	3285
1711	1711
1712	2128
1712	2849
1716	1841
1716	2003
1716	2020
1716	2041
1716	2110
1716	2359
1716	3270
1716	3393
1716	3435
1716	3928
1717	2762
1717	2898
1720	1720
1722	1722
1722	2608
1723	2981
1724	1724
1724	1886
1724	2593
1724	2688
1724	2990
1724	3051
1724	3183
1724	3685
1725	1725
1725	1916
1725	2492
1725	2662
1726	1726
1728	1933
1729	1729
1729	3619
173	2806
173	3378
1730	1746
1730	3696
1732	2298
1732	2533
1733	1733
1734	1734
1734	2162
1734	2658
1734	3178
1734	3232
1734	3969
1736	3234
1737	3992
1738	1738
1743	1743
1744	1982
1746	1746
1746	2279
1747	1747
1747	2335
1747	2718
1747	2756
1747	3034
1747	3234
1747	3278
1747	3342
1747	3750
1749	3103
1752	1752
1752	2342
1753	1757
1753	2909
1754	1754
1754	3302
1757	1757
1757	2167
1757	2450
1757	3525
1759	3856
176	1640
1761	3424
1761	3748
1762	2692
1762	3026
1765	1765
1765	1805
1765	1935
1765	1979
1765	2740
1765	2900
1765	3380
1767	1767
1768	1768
177	177
1770	1770
1771	1771
1783	2139
1785	1785
1785	3644
1786	3112
1787	2418
1789	1789
1789	2598
1791	1791
1791	3545
1793	3597
1795	2898
1795	3964
1800	2206
1800	3155
1801	1801
1801	2317
1801	3997
1802	2517
1805	1805
1805	2900
1805	3891
1806	1806
1806	3378
1808	1808
181	1608
1812	3651
1815	1815
1815	1933
1815	2260
1815	3520
1815	3654
1816	1906
1818	1818
1818	1919
1818	3593
1818	3884
1819	2597
182	1634
182	182
182	3574
1820	1820
1821	1821
1821	2806
1822	2444
1823	2433
1827	1958
1829	2240
1829	2422
183	183
183	2904
183	3006
183	845
1830	1830
1835	1835
1839	1839
1841	2003
1841	2447
1841	2705
1841	2922
1841	3715
1843	2045
1844	1856
1845	1845
1846	1846
1846	1999
1846	2428
1849	2449
1849	3662
1849	3704
1851	2858
1852	1852
1855	1855
1855	3818
1856	1856
1856	2745
1856	3833
1857	1857
1859	1859
1861	1861
1861	2729
1864	2391
1866	3030
1868	1868
1868	2356
1872	3081
1872	3588
1875	3217
1878	3242
1879	1905
1879	3132
1879	3757
188	2862
188	3085
1880	1880
1880	3116
1880	3327
1881	1881
1881	2611
1881	3558
1881	3696
1885	1885
1892	1892
1893	1893
1893	2331
1893	2657
1893	2788
1893	2904
1893	2914
1893	2961
1893	3154
1893	3243
1893	3436
1893	3665
1893	3751
1893	3941
1894	1894
1894	3875
1895	3547
1900	1900
1904	2376
1907	2265
1908	2004
1908	3423
191	1494
191	191
191	2015
191	2208
191	2361
191	2418
191	2483
191	2971
191	3130
191	3482
1911	1911
1911	2100
1911	2422
1911	2523
1911	2718
1911	3107
1911	3369
1911	3408
1914	2944
1914	3430
1915	1915
1915	2257
1915	2416
1915	2479
1915	3226
1915	3881
1916	2662
1918	2515
1918	2811
1919	3734
1919	3884
1921	1921
1922	1922
1925	2075
1929	3791
1930	1930
1931	1931
1931	2283
1931	2456
1931	3006
1933	1933
1933	2739
1933	3034
1933	3654
1933	3768
1934	2820
1934	3342
1934	3350
1934	3700
1934	3728
1935	1935
1935	2740
1935	2900
1935	3380
1936	3108
1937	1937
1937	2921
194	1475
194	1543
194	1908
194	194
194	2004
194	2020
194	2627
194	3128
194	3423
1940	1940
1940	2069
1940	2194
1948	1948
1948	2122
1948	2178
1948	2391
1948	2748
1948	3462
1949	1949
1949	2570
1949	3561
1950	1950
1950	2472
1951	1951
1951	2762
1951	3820
1953	3407
1953	3865
1955	2328
1956	1956
1958	3865
1959	1959
1959	3249
1959	3337
196	1430
196	1582
196	196
196	2762
196	3243
196	408
196	449
196	631
196	996
1960	1960
1960	2147
1963	3724
1964	3224
1966	1966
1966	2337
1966	2548
1966	3034
1966	3178
197	1161
197	1579
197	197
197	2396
197	2917
197	3702
1973	1973
1973	2981
1973	3948
1978	2544
1978	3735
1980	2711
1985	1985
1989	1989
1989	2368
199	199
199	2408
199	3403
199	345
199	458
1992	2342
1992	3369
1992	3600
1993	1993
1996	1996
1996	3391
1998	1998
1999	1999
1999	2775
2	2
2000	2000
2000	2559
2000	3723
2002	3900
2003	2803
2003	3070
2003	3270
2003	3580
2004	2302
2004	3143
2004	3423
2008	2008
201	1175
201	1785
201	2234
201	2811
201	316
201	3644
201	866
2010	2010
2010	2655
2010	2688
2014	2014
2014	2232
2015	2015
2015	2483
2015	3081
2020	2020
2020	2582
2020	3247
2020	3435
2020	3852
2021	2021
2022	2022
2024	2024
2024	2604
2025	2025
2025	3041
2029	2029
2029	2071
203	1856
203	203
203	2745
203	3943
2034	2034
2034	2344
2034	3772
2034	3783
2034	3930
2036	2036
2036	3804
2041	2041
2041	2447
2041	3270
2041	3710
2046	2046
2046	2143
2046	3128
205	205
205	2111
205	3697
2055	2055
2055	2209
2055	2225
2055	2248
2055	2419
2055	2529
2055	2796
2055	2885
2055	3152
2055	3884
2055	3908
2055	3953
2057	2057
2057	2122
2057	2632
2058	2058
2058	3737
2059	2059
2059	2825
206	206
2061	3601
2063	2063
2063	3804
2067	2993
2068	2099
2071	2071
2071	2383
2071	3081
2071	3470
2071	3776
2075	2653
2076	2280
2079	2079
208	1018
208	1582
208	208
208	2673
208	3439
208	361
208	565
2084	2084
209	209
2090	2130
2092	2092
2096	3560
2097	2785
21	1499
21	2248
21	2790
21	3131
21	3268
21	3387
21	3595
21	3941
21	851
2100	2100
2100	2559
2100	3278
2100	3966
2107	2107
2107	2573
2111	3697
2112	2112
2112	3293
2113	2113
2113	2588
2113	3541
2119	3145
2119	3188
2120	2120
2120	2449
2120	3078
2122	2298
2122	2403
2122	2413
2122	3152
2122	3650
2124	2124
2124	2749
2128	2128
2128	2634
2128	2677
2128	2822
2128	2849
2128	3657
213	213
213	2657
213	703
2130	2130
2130	3219
2131	2131
2135	2135
2137	2137
2138	2138
2142	2655
2142	3183
2142	3383
2144	2144
2144	3224
2146	2146
2149	2149
2149	3591
2150	3257
2151	2151
2151	2155
2151	2489
2151	2627
2151	2868
2151	3186
2153	2842
2153	3601
2155	2155
2155	2868
2156	2156
2162	3035
2166	2166
2167	2450
2168	3282
2168	3654
2172	2172
2174	3672
2176	2176
2178	2391
2178	3379
218	218
2180	2180
2183	2183
2184	2184
2187	2187
2187	2599
2187	2654
2189	3222
2191	2191
2191	3615
2191	3821
2196	3969
2199	2199
220	2177
220	220
220	242
220	2880
220	3165
220	3344
220	663
220	807
220	823
2200	2225
2200	2653
2200	2734
2200	3651
2206	3155
2208	2208
2208	2418
2208	2648
2208	3130
2208	3615
2208	3682
2209	2225
2209	2248
2209	2372
2209	2419
2209	2529
2209	2653
2209	3152
2209	3908
2209	3928
2211	3156
2211	3500
2212	2854
2212	3964
2216	3481
2216	3625
222	2073
222	222
222	237
222	2497
222	3377
222	678
2221	3858
2225	2225
2225	2653
2225	3152
2225	3332
2225	3953
2226	2661
2227	2227
2227	3881
2228	2228
2228	2776
2229	2229
2229	2683
2229	2690
2229	3696
2232	2232
2232	2461
2234	2234
2235	3206
2237	3429
224	1595
224	224
224	2899
224	3910
2240	2240
2240	2367
2240	2422
2242	2893
2242	3103
2246	3112
2248	2248
2248	2529
2248	3152
2248	3337
2248	3566
2248	3849
2248	3928
2249	2253
2249	2622
2249	2805
2249	3243
2249	3276
225	1289
225	2055
225	3039
225	3827
225	3953
2256	2256
2256	3172
2259	2259
2259	2788
2259	3955
2261	2261
2262	2262
2262	2748
2263	2263
2263	2450
2265	2265
2265	3061
2268	2268
2273	2273
2273	3268
2279	2279
2279	2563
2279	2934
228	1477
228	582
2287	2287
2287	2372
2287	2885
2287	3977
2289	2289
2291	2291
2295	2295
2295	2364
2298	2298
2298	2533
2298	2695
2298	3504
2298	3515
2298	3899
23	2450
23	2506
23	3349
23	3519
23	3557
230	230
2302	2302
2302	3423
2307	2307
2307	3973
2308	2308
231	231
231	3439
231	705
2310	3705
2311	2736
2311	3373
2311	3899
2314	2314
2315	2913
2316	2467
232	1003
2327	2327
2328	2328
2330	2330
2330	2755
2330	3137
2330	3260
2335	2335
2335	3189
2337	2714
2337	3178
2341	2341
2341	3053
2342	3600
2344	2344
2344	3786
2346	2528
235	235
2352	2352
2352	2607
2354	2354
2355	3222
2361	2361
2361	2971
2364	2364
2367	2422
2367	2655
2367	2675
2367	3615
2369	2369
2369	3737
237	1265
237	1559
237	237
237	2705
237	2762
237	3189
237	3377
237	678
237	809
237	957
2370	2476
2370	2806
2370	3349
2370	3505
2370	3519
2371	2371
2371	2392
2371	3262
2371	3268
2372	2372
2374	2374
2374	3854
2375	3139
2376	2376
2376	2414
2376	2600
2376	3232
2376	3385
2376	3535
2376	3619
2379	2465
2379	3083
238	238
2380	2380
2383	2383
2383	2611
2383	3410
2383	3776
2384	2384
2384	3084
2387	2387
2388	2388
2388	2705
2388	3189
2391	2391
2391	3772
2391	3928
2392	2559
2392	2879
2396	2396
2398	2398
24	1462
24	1712
24	1950
24	24
24	2634
24	3288
24	427
24	506
24	564
240	240
240	2981
2406	2946
2408	3035
2409	2409
2415	2493
2415	3299
2415	3317
2418	2648
2418	3130
2418	3615
2419	2419
2419	2447
2419	3952
242	2120
242	2177
242	2310
242	2346
242	242
242	2528
242	2578
242	299
242	3165
242	3497
242	456
242	616
242	823
2420	2420
2420	2694
2420	2852
2422	2675
2423	2423
2426	2426
2426	3682
2426	3803
2428	2428
2429	2429
2429	3761
2429	3844
243	1011
243	1522
243	1724
243	1761
243	1886
243	2072
243	243
243	2688
243	2987
243	345
243	3577
243	3685
243	3978
243	400
243	433
243	799
2432	3902
2437	3545
2437	3933
2439	2679
2443	2443
2444	2444
2444	2869
2447	3070
2447	3270
2448	3181
2449	2449
2449	2885
2449	3213
2449	3337
2449	3392
2449	3491
2449	3597
2449	3602
2449	3704
2449	3866
245	2432
245	245
245	3902
2450	3668
2450	3914
2458	2458
2462	2462
2462	3788
2464	2464
2465	2465
2465	2629
2466	2466
2467	3378
2467	3593
2467	3884
2470	2470
2471	2471
2471	2976
2473	2560
2473	2895
2475	2475
2476	2476
2476	3204
2476	3349
2477	2477
2477	3125
2479	2479
2479	2653
2479	3226
2479	3866
248	1087
248	1278
248	1815
248	2055
248	2260
248	248
248	2602
248	2796
248	2885
248	3118
248	3451
248	3654
248	522
248	569
2480	2480
2481	2481
2483	2483
2484	2484
2484	3449
2486	2486
2486	3240
2486	3695
2489	3186
249	3221
2492	2587
2493	2493
2493	3745
2493	3875
2497	2497
25	1757
25	2199
25	25
25	2664
25	3732
25	3982
25	842
25	858
25	948
25	975
250	250
250	472
2501	2501
2501	3001
2501	3701
2502	2502
2503	2503
2506	2506
2506	2592
2506	3148
251	2476
2514	2514
2514	2928
2517	2517
2518	2518
2518	2914
2518	3633
2521	3391
2523	2523
2523	3404
2524	2524
2526	3014
2528	2528
2528	3069
2528	3198
2528	3489
2529	3152
253	2150
253	2265
253	253
253	410
2532	3190
2534	2534
2534	2748
2534	3776
2534	3888
2536	2536
2538	2538
2538	2641
2538	2673
2538	3064
2538	3917
254	2015
254	254
254	2842
254	3687
254	541
2544	2544
2548	3595
2553	2553
256	2532
256	2787
2560	2560
2560	2895
2560	3490
2561	2561
2561	3638
2562	3461
2563	2563
2563	2839
2565	2565
2565	3657
2568	2830
2569	2569
2570	2570
2570	3561
2573	2573
2575	2575
2575	2956
2579	3297
258	1156
258	1404
258	1953
258	2120
258	2449
258	258
258	3213
258	3392
258	3407
258	3491
258	3567
258	3704
258	864
2585	3776
2586	2586
2587	2587
2587	3121
2587	3393
2588	2762
2588	3317
2595	2595
2599	2599
260	3524
260	893
2600	3619
2602	3118
2604	2604
2605	2605
2605	2657
2605	2859
2606	2606
2606	3865
2608	2608
2611	2611
2616	2616
2616	3117
2618	2618
2622	2622
2625	2625
2625	3491
2628	2811
2632	2695
2632	3121
2633	3553
2634	3288
2634	3427
2634	3607
2635	2635
2635	2784
2639	2639
264	882
2645	2645
2645	3484
2647	2647
2648	2648
2649	2649
265	1034
265	2029
265	265
265	2830
2653	3668
2655	2655
2655	2675
2655	3183
2655	3677
2656	2656
2656	3894
2657	2657
266	1090
2660	2660
2661	2928
2661	3697
2664	3982
2666	3519
2667	2667
2667	3649
2669	2669
2669	2978
267	1955
2670	2844
2672	2672
2672	2865
2677	3531
2678	2678
2678	2762
2678	2930
2678	3424
2679	2987
2679	3034
2679	3249
2679	3342
268	268
2683	2683
2683	3232
2686	3001
2688	3051
2688	3263
2688	3891
2688	3978
2689	2689
269	1907
269	1992
269	2392
269	269
269	2879
269	456
269	478
269	802
269	958
2690	3015
2692	2928
2692	3026
2694	2694
2694	2852
2696	3612
2698	2698
2698	2910
27	27
270	1152
270	1157
270	1444
270	1757
270	1908
270	2004
270	2041
270	2167
270	2450
270	2498
270	2625
270	2680
270	3668
270	3710
270	3787
270	3817
270	449
270	811
270	866
2700	3169
2703	2703
2704	2704
2705	2705
2705	3189
2705	3270
2705	3776
2707	3140
2708	2708
2708	3375
2711	2711
2711	3416
2712	2739
2713	2713
2713	3838
2718	3034
2729	2729
273	1289
273	370
2734	3651
2734	3776
2736	2736
2736	2948
2739	2836
2739	3034
2746	2746
2746	2920
2751	3525
2757	2757
2758	2758
2758	2987
2758	3249
276	276
2761	3323
2762	2762
2762	2898
2762	3424
2762	3515
2762	3849
2763	3332
277	2021
277	277
2770	2770
2770	2902
2770	3504
2776	2776
2776	3546
2776	3939
2779	2779
278	278
278	3198
278	3489
2788	2788
2788	3154
2788	3955
2790	2790
2790	3454
2790	3491
2790	3602
2791	2791
2791	3011
2792	2792
2792	2808
2798	2798
280	2657
280	280
2801	3817
2802	3697
2803	2803
2804	2804
2806	2806
2806	3433
2806	3519
2808	2808
2808	3222
281	2100
281	281
281	3278
281	3966
2811	2811
2811	2967
2811	3117
2813	2813
2814	2814
2819	2819
282	282
2820	2820
2820	3350
2820	3728
2822	2822
2823	2823
2827	2827
2828	2828
2832	2832
2833	2833
2834	2834
2836	2836
2836	3768
2838	2838
2838	3941
2839	2839
284	2080
284	284
2841	2841
2842	2842
2842	2962
2842	3687
2842	3800
2843	2843
2843	3617
2844	2844
2844	3673
2848	2848
285	1734
285	2588
285	2798
285	3061
285	3332
285	3899
285	809
285	949
2850	3846
2851	3095
2852	2852
2852	3059
2852	3941
2854	3964
2858	2858
2859	2859
2859	3492
286	1931
286	2283
286	286
286	3022
286	3539
2863	2863
2865	2865
2866	2866
2866	2961
2866	3175
2866	3625
2868	2868
2869	2892
2871	2871
2872	2872
2875	2875
2875	2878
2879	2879
2880	2880
2881	2881
2884	3772
2885	2885
2885	3707
2890	3941
2891	2891
2894	2894
2895	2895
2895	3586
2898	2898
2898	3327
2899	2899
2899	3039
2899	3827
2899	3910
29	119
29	1233
29	127
29	2228
29	2384
29	2536
29	29
29	2931
29	3084
29	369
29	718
29	781
2900	3090
2901	2901
2902	2902
2902	3533
2904	2904
2904	3006
2904	3243
2904	3282
2914	2914
2914	3665
2916	2916
2917	3038
2917	3844
2918	3594
292	1608
292	2670
292	2844
292	292
2925	2925
2928	2928
2928	3427
293	293
2934	2934
294	2160
294	2657
294	294
294	515
294	652
294	924
2944	3430
2946	3595
2946	3696
2946	3771
2948	2948
2948	3899
2948	3998
2956	2956
2958	3502
296	1012
296	1422
296	2828
296	296
296	3585
2962	2969
2963	2963
2964	2964
297	3257
2971	2971
2971	3130
2974	2974
2974	3496
2974	3769
2975	2975
2981	2981
2982	3870
2983	2983
2984	3145
2984	3188
2987	3249
2988	2988
2989	3479
299	1509
299	2120
299	2310
2991	2991
2991	3282
2991	3537
2993	2993
2995	3512
3	2106
3	2386
3	825
3002	3104
3003	3450
3004	3004
3004	3815
3006	3006
3006	3317
3006	3652
3009	3528
3015	3116
3015	3875
3016	3016
3016	3206
3019	3019
3019	3577
3019	3597
302	1143
302	1289
302	1895
302	2646
302	302
302	3749
302	381
3023	3023
3025	3025
303	1729
303	2383
303	2611
303	303
303	3410
303	3620
303	3914
3033	3033
3033	3275
3034	3034
3034	3278
3034	3768
3037	3406
3038	3038
3038	3851
3039	3039
3039	3827
304	1742
304	1888
304	936
3042	3042
3043	3043
3047	3047
3049	3404
3051	3051
3051	3954
3052	3052
3052	3243
3057	3057
3058	3058
3058	3124
306	306
306	845
3061	3995
3064	3070
3068	3068
3068	3370
307	307
3070	3580
3071	3071
3071	3077
3082	3082
3089	3557
3089	3688
31	3481
31	569
31	888
310	1180
310	1893
310	2091
310	2586
310	3430
310	363
310	3740
310	845
3108	3108
3111	3111
3111	3212
3114	3114
3117	3565
3118	3118
3118	3451
312	1048
312	2942
312	531
3121	3121
3125	3125
3130	3130
3130	3411
3132	3132
314	314
3141	3220
3141	3955
3142	3142
3143	3183
3144	3144
3145	3188
3149	3306
315	1463
315	1573
3152	3152
3152	3285
3152	3884
3152	3928
3154	3154
3154	3955
3156	3156
3156	3500
316	1410
316	2225
316	2956
316	3884
316	621
3166	3166
317	2653
317	354
3170	3170
3172	3196
3178	3969
3179	3179
3179	3435
3183	3183
3187	3187
3189	3189
319	2379
319	2629
319	334
3192	3321
3196	3196
3196	3642
3197	3539
3198	3198
3198	3489
32	2814
320	320
320	693
3201	3201
3204	3204
3204	3782
3206	3206
3207	3207
321	2607
322	3875
3225	3225
3232	3232
3233	3233
3234	3234
3234	3750
3238	3238
3240	3695
3243	3243
3243	3276
3243	3436
3247	3247
3249	3249
3249	3736
3255	3723
3257	3257
3260	3260
3260	3693
3260	3872
3267	3267
3268	3387
3268	3437
327	2189
327	2936
3270	3270
3270	3303
3270	3393
3273	3273
3273	3723
3278	3768
3278	3966
3284	3582
3287	3287
329	1936
329	329
329	3834
329	3904
3290	3290
3293	3496
3297	3297
3300	3300
331	1351
331	1801
331	1962
331	2066
331	2698
331	2905
331	331
3310	3310
3317	3345
3317	3647
3318	3318
332	332
3321	3321
3321	3463
3332	3332
3332	3552
3335	3813
3337	3337
3339	3339
3339	3597
3340	3340
3350	3728
3355	3355
3358	3358
3365	3365
3365	3847
3368	3606
3369	3369
337	337
3370	3370
3372	3933
3377	3541
3377	3710
3380	3380
3387	3437
3391	3391
3391	3777
3393	3393
3395	3458
34	151
34	3023
34	3289
34	34
340	1088
340	1277
340	3270
340	3536
340	3875
340	3995
340	494
3405	3827
3408	3408
341	3491
341	419
3411	3411
3411	3615
3415	3415
3423	3423
3426	3426
3426	3735
343	1576
343	3207
343	343
3433	3433
3437	3437
3439	3439
3442	3442
3442	3567
3445	3445
345	1515
345	1736
345	2679
345	3234
345	3299
345	3342
345	345
345	400
345	458
345	799
3452	3452
346	346
3468	3566
3482	3482
3486	3486
3487	3487
3488	3488
3489	3489
349	1656
349	1911
349	1996
349	3183
349	349
3491	3491
3491	3497
3491	3602
3491	3672
3493	3493
3497	3497
3499	3499
350	1936
350	350
3504	3504
3505	3505
3505	3519
351	3345
351	351
351	3674
351	3777
351	3881
351	776
3513	3513
3519	3519
352	1232
352	1414
352	2212
352	3499
352	352
352	691
3523	3523
353	3821
353	605
3530	3932
3531	3531
3531	3657
3532	3532
3532	3696
3536	3536
3536	3875
3537	3537
354	2479
354	3064
354	354
354	3651
354	3820
354	494
3541	3541
3541	3647
3541	3964
3544	3544
3545	3545
3545	3933
3547	3723
355	355
3553	3553
3557	3557
3557	3688
3559	3807
356	1622
356	2170
356	2559
356	3353
356	3732
356	384
356	476
356	552
356	794
356	848
356	927
3562	3562
3562	3966
3565	3565
3565	3941
3566	3566
357	1148
357	2344
3574	3574
3576	3576
3577	3991
358	3722
3580	3580
3581	3581
3593	3593
3593	3884
3595	3595
3595	3696
3597	3866
3599	3599
36	36
360	3654
360	541
3600	3600
3606	3606
361	1018
361	1582
361	2538
361	2673
361	3121
361	490
361	565
361	652
3612	3612
3613	3613
3615	3615
3618	3701
3622	3792
3626	3862
3627	3627
363	3142
363	363
3630	3630
3641	3641
3648	3648
365	1038
365	1805
365	3241
3651	3651
3655	3655
3655	3682
3657	3657
3658	3658
3659	3659
366	1118
366	2100
366	3009
366	3118
366	3528
366	3547
366	3568
366	3650
366	366
366	464
366	484
366	569
3662	3704
3663	3663
367	1165
367	1734
367	367
3673	3673
3674	3674
3682	3682
3687	3687
3687	3800
369	1120
369	3655
369	939
3690	3690
3693	3693
3693	3809
3696	3696
3697	3697
3698	3939
370	1289
370	2797
3700	3728
3701	3701
3702	3702
3704	3704
3705	3705
371	1155
371	1308
371	1438
371	1911
371	2756
371	3299
371	371
3711	3711
3714	3714
372	372
372	399
3723	3723
373	1341
373	2359
373	540
373	727
3732	3732
3732	3807
3732	3982
3735	3735
3743	3743
3745	3875
375	1975
375	2872
3750	3750
376	2002
3760	3760
3761	3761
377	2228
3771	3771
3771	3801
3772	3772
3772	3928
3776	3776
3776	3888
3778	3778
3782	3782
3783	3783
3783	3930
3784	3784
379	2631
379	379
379	559
3790	3790
3796	3796
38	656
3800	3800
3807	3807
381	1895
381	3143
381	381
3815	3815
3817	3817
3820	3820
3827	3827
3837	3837
3839	3839
384	1021
384	1046
384	1407
384	1561
384	1622
384	1815
384	2000
384	2174
384	2276
384	2559
384	2876
384	2925
384	3188
384	3257
384	3353
384	3445
384	3520
384	3612
384	3654
384	3672
384	3723
384	384
384	436
384	552
384	561
384	569
384	744
384	765
384	835
384	848
3844	3878
3845	3845
385	1108
385	1698
385	1884
385	2552
385	2703
385	3750
385	385
386	1237
386	3929
3863	3863
3865	3865
3866	3866
3869	3869
387	387
3870	3870
3872	3872
3875	3875
3881	3881
3884	3928
3888	3888
389	3013
389	389
3891	3978
3897	3897
3899	3998
3904	3904
3915	3915
3917	3917
3919	3919
392	3753
392	392
3929	3929
393	1627
393	2032
393	2467
393	3350
393	3929
393	393
393	408
393	550
393	722
393	764
3936	3936
3942	3942
3949	3949
395	2432
395	395
395	3971
395	529
3950	3950
3951	3951
3952	3952
3953	3953
3955	3955
396	1460
396	1812
396	2020
396	3263
396	396
396	718
3960	3960
3964	3964
3966	3966
397	681
398	2061
398	2153
398	2536
398	3601
398	398
3985	3985
399	399
3991	3991
3994	3994
3995	3995
4	857
40	1175
40	1220
40	1424
40	1821
40	201
40	2307
40	2781
40	2811
40	3973
40	40
40	588
402	1081
402	1221
402	1300
402	1312
402	2010
402	2655
402	3075
402	402
402	410
402	937
403	2565
403	3820
404	1069
404	404
405	1749
405	3103
405	405
407	3861
407	407
408	1704
408	1948
408	2027
408	2041
408	2149
408	2298
408	2316
408	2467
408	2515
408	2518
408	2641
408	2681
408	2703
408	2749
408	2762
408	2895
408	2898
408	3179
408	3424
408	3591
408	3593
408	3633
408	408
408	449
408	693
408	713
408	727
408	732
408	843
408	996
410	1694
410	1701
410	1958
410	2150
410	2714
410	3257
410	937
411	411
413	1428
413	2264
413	2728
413	413
413	497
413	504
413	579
413	666
414	2466
414	3525
414	422
416	1455
416	2473
416	2736
416	434
416	497
417	1085
417	1648
417	417
417	667
419	1893
419	2914
420	1664
420	3530
420	3932
420	420
422	2466
425	1555
425	1583
425	2369
425	991
426	458
427	3288
427	3398
428	1146
428	2185
43	1165
43	1519
43	2415
43	51
431	431
434	1455
434	1885
434	2473
434	2736
434	3434
434	434
434	497
434	579
434	610
434	666
435	1325
435	2686
435	3222
444	2391
444	3854
445	2660
446	446
449	1152
449	1318
449	1571
449	1631
449	2041
449	2180
449	2209
449	2225
449	2359
449	2641
449	2703
449	2762
449	3015
449	3226
449	3270
449	3444
449	3593
449	3710
449	3884
449	449
449	631
449	996
45	2565
45	403
450	2112
452	1220
452	1490
452	2776
452	3546
452	797
454	1698
454	2075
454	2102
454	3904
454	898
456	2559
456	3497
456	456
457	2705
457	3797
458	2079
458	2408
458	458
460	1332
461	1100
461	1369
461	2027
461	3559
461	461
461	557
461	880
463	2423
463	2557
463	463
464	1719
464	3568
464	464
464	765
464	792
467	1022
469	1056
469	469
47	47
471	2166
471	471
472	472
472	600
474	1653
475	2844
475	475
476	2170
476	3445
476	794
478	3491
478	478
482	482
483	2228
483	3439
483	483
484	2119
486	2906
486	486
487	1211
487	3683
487	487
49	1702
49	49
49	634
490	2587
490	490
492	1079
492	1289
492	1316
492	1365
492	1808
492	1826
492	3212
492	3975
492	492
492	758
494	1108
494	1445
494	1676
494	1716
494	2003
494	2041
494	2370
494	2884
494	3015
494	3270
494	3393
494	494
494	654
495	766
497	1273
497	1294
497	1428
497	1455
497	1885
497	2560
497	2736
497	2895
497	2948
497	3899
497	497
497	666
502	3619
503	1063
503	2866
503	3175
503	3625
503	503
503	917
504	2728
504	504
504	666
505	2712
505	2739
505	3595
505	3768
506	1018
506	1160
506	1232
506	1500
506	1647
506	1712
506	2128
506	2322
506	506
506	564
508	1064
508	2100
508	2493
508	2513
508	3278
508	3534
508	3966
508	508
508	950
509	2569
509	2667
509	3649
51	1550
51	1555
51	1610
51	1717
51	2690
51	3189
51	3231
51	3497
51	3523
51	354
51	3772
51	454
51	51
51	842
510	1959
510	2885
510	510
515	2721
515	3964
515	3982
515	515
515	551
515	797
515	809
518	1736
518	1747
518	3234
518	3497
520	520
520	591
520	808
521	1205
521	521
522	1087
522	1278
522	1815
522	2260
522	3118
522	3654
522	522
522	569
523	1048
523	1569
523	3204
523	3782
523	3815
523	534
523	828
524	1061
524	524
528	3492
528	528
528	706
528	921
529	1007
529	3391
529	3971
529	776
529	798
529	951
53	53
530	1706
530	3367
530	3931
531	531
532	1927
532	2347
532	3439
533	1548
533	533
535	1685
535	2262
535	799
537	537
539	1476
539	3682
539	539
539	872
54	402
540	1341
541	1132
541	2153
541	2776
541	2842
541	3687
541	3698
541	3939
541	541
543	1610
543	1805
543	954
545	3197
545	545
545	726
546	1266
546	1486
546	2975
546	3235
546	546
55	767
550	3426
550	550
551	3964
552	1052
552	1259
552	1344
552	1466
552	1933
552	2000
552	2100
552	2449
552	2559
552	2876
552	3257
552	3353
552	3491
552	3520
552	3640
552	552
552	569
552	848
552	888
552	927
552	998
553	1129
553	2403
553	3058
553	3504
553	553
553	941
555	555
56	1472
56	975
561	1595
561	1694
561	744
561	765
562	562
563	3190
565	1018
565	1582
565	2538
565	2673
566	2690
567	1476
567	2130
567	567
568	568
569	1135
569	1622
569	1734
569	1931
569	2602
569	2876
569	3118
569	3481
569	3491
569	569
569	888
569	998
57	2588
57	2902
57	57
570	1222
570	631
571	1402
571	1919
571	2806
571	3634
571	571
571	969
573	573
579	3115
579	666
58	2426
58	3803
580	3632
580	580
582	1477
582	2298
582	582
584	1006
584	1007
584	1125
584	3272
584	584
585	998
586	1024
586	1142
586	2714
586	586
587	1033
587	1281
587	1550
587	2635
587	2746
587	2920
587	749
587	948
588	2307
588	3973
589	1369
590	1680
590	2491
590	3497
590	590
590	864
591	808
592	1241
592	2538
594	2459
594	594
596	3758
596	596
598	1013
598	1440
599	2967
599	3437
599	3746
599	599
6	1753
6	1757
6	6
6	948
603	2437
604	604
605	2208
605	2423
605	3821
605	605
606	3709
607	607
61	109
61	1861
61	2669
610	2110
610	610
611	1038
611	1805
616	1795
616	1821
616	2177
616	2465
616	616
616	631
618	618
621	1818
621	1868
621	2821
621	3884
622	1404
622	1940
622	2194
622	3042
622	3342
622	622
622	748
622	985
627	1386
627	2318
627	627
628	3163
629	2981
63	63
630	630
631	1045
631	1222
631	1962
631	2227
631	2559
631	2790
631	3491
631	3497
631	3574
631	3602
631	631
631	668
631	749
632	2813
632	632
633	1257
633	1630
633	633
634	3557
634	634
634	803
638	2807
640	2124
641	2905
643	643
645	645
646	1259
646	927
65	2240
65	2756
65	3034
65	3263
65	396
65	65
65	671
650	3362
652	924
654	2529
654	2898
654	797
656	656
660	660
661	978
664	1314
664	2505
666	1428
666	1885
666	2264
666	2728
667	1085
668	1962
668	668
67	1248
67	2292
67	285
67	3769
67	384
67	436
67	67
671	3051
671	3417
671	3707
671	671
673	3593
673	673
675	3581
678	3995
679	3904
68	1403
68	2477
68	2887
68	3125
68	68
681	1949
685	1569
685	685
687	1344
687	1561
687	2000
687	3206
687	3257
687	687
687	729
688	1393
689	3697
689	3778
689	728
69	1280
69	1361
69	1622
69	2142
69	2227
69	3183
69	3297
69	3383
69	3451
69	69
69	880
69	951
690	2656
690	3894
690	690
690	919
691	2212
693	1257
693	1680
693	1808
693	1864
693	1948
693	2122
693	2178
693	2229
693	2372
693	2391
693	2479
693	2529
693	2585
693	3152
693	3229
693	3245
693	3559
693	3588
693	3644
693	3650
693	3696
693	3968
693	3975
693	693
693	758
693	965
694	1485
694	2651
694	2900
694	3241
694	3408
694	694
694	974
695	1181
695	2838
695	942
696	1751
698	1954
698	698
7	427
7	7
70	127
70	1893
70	2325
70	3478
70	70
701	1247
701	2668
701	3324
701	701
704	1303
704	2462
704	776
705	705
707	3814
707	707
71	1720
71	639
71	71
711	2128
711	3414
712	3927
712	712
713	1925
713	2075
713	2200
713	2267
713	2391
713	2653
713	2734
713	3595
713	3651
713	3904
713	713
713	777
713	843
713	953
718	2367
718	2655
719	3928
72	530
721	1444
721	2004
722	1548
722	1815
722	2316
722	2401
724	724
725	725
726	2895
726	3586
727	2113
727	2515
727	2749
727	727
728	2471
728	3170
728	728
729	1344
729	1469
729	3335
729	3350
729	3813
729	3903
729	729
730	1490
730	2776
730	2802
730	3439
730	3546
730	3697
730	3732
730	730
732	2227
733	1638
733	2257
733	733
733	940
734	2409
735	1843
735	735
738	738
739	1075
739	1243
739	739
74	1424
74	3101
74	74
74	902
741	1820
741	741
742	742
742	939
745	2018
745	2216
748	748
749	1033
749	1660
749	2328
749	2635
749	3213
749	749
75	1141
75	1348
75	1363
75	1939
75	2100
75	2415
75	242
75	2513
75	2688
75	3232
75	3891
75	458
75	75
75	757
75	802
750	750
753	3081
754	3071
754	3077
755	2987
755	3721
757	1734
757	2899
758	1003
758	1057
758	1131
758	1143
758	1303
758	1327
758	1508
758	1521
758	1785
758	1864
758	1948
758	2372
758	2616
758	2625
758	3117
758	3212
758	3229
758	3644
758	3651
758	3838
758	3968
758	3975
758	758
758	861
761	1620
761	2456
761	2607
763	2776
764	764
765	1595
765	2203
765	2330
765	2371
765	3262
765	3568
765	765
766	2578
766	3237
766	3349
766	766
766	919
77	1680
772	2688
772	772
773	1724
773	2593
773	773
774	1607
774	1973
774	3103
774	774
776	3391
776	3777
776	3971
776	776
777	1925
777	2075
777	777
778	1276
778	1303
778	1895
778	2678
778	2783
778	3290
778	3547
778	784
778	865
779	779
781	781
782	782
784	3547
784	784
785	3323
788	2901
791	2598
791	791
792	1534
792	1625
792	2259
792	2744
792	2788
792	2961
792	3038
792	3851
792	792
794	1893
794	2170
794	2201
794	2904
794	794
797	2632
797	3379
797	3964
797	797
797	809
798	3081
798	3391
799	1522
799	1724
799	1747
799	1886
799	1950
799	2142
799	2553
799	2607
799	2678
799	2718
799	3034
799	3183
799	3234
799	3342
799	3383
799	3685
799	799
802	1064
802	1104
802	1155
802	1217
802	1939
802	2100
802	2513
802	2879
802	3278
802	3895
802	802
803	1173
803	3108
803	3225
803	3505
803	803
804	804
806	3474
806	806
807	1622
807	2058
807	2100
807	807
808	1971
808	808
809	3964
809	809
81	1734
81	2376
81	2683
81	3232
81	3746
81	712
81	81
810	1828
811	3257
814	1186
814	2406
814	814
819	2905
820	2075
820	3249
820	820
823	1537
823	1559
823	3165
823	3232
823	823
824	1463
824	824
825	2486
825	3240
825	3695
825	825
827	2720
828	3782
83	1190
83	2659
831	831
835	2984
835	3188
835	835
839	1001
839	839
84	1417
84	2209
84	2225
84	2344
84	2419
84	2781
84	358
84	84
840	1942
840	1951
841	1424
841	1821
841	2763
841	2806
841	3234
841	3750
841	841
842	3523
842	858
843	1175
843	1341
843	1449
843	1948
843	2071
843	2262
843	2383
843	2391
843	2479
843	2585
843	2734
843	3064
843	3437
843	3776
843	843
845	1131
845	1430
845	2904
845	3006
845	845
846	2229
846	2262
846	3977
846	846
85	1026
85	2211
85	85
852	1841
852	2762
852	3424
853	2174
853	3672
858	1617
858	1706
858	1914
858	3031
858	3131
858	3744
858	858
858	916
86	3530
86	3932
86	420
86	86
861	3968
864	1086
864	1203
864	1404
864	1450
864	2449
864	2491
865	865
866	1152
866	1308
866	1417
866	1635
866	1747
866	2234
866	2811
866	3710
866	3768
866	866
866	996
87	654
87	87
870	1341
870	1445
870	2057
870	2632
870	3683
873	3358
873	873
877	1332
878	2314
878	2437
878	3933
880	3559
882	1280
882	1340
882	882
884	1998
884	884
886	2788
886	3141
886	3220
886	3955
888	888
889	1857
890	1315
891	1039
891	1287
891	891
893	1613
893	3524
893	893
894	2492
894	2587
894	3121
896	1815
896	896
897	1092
897	2449
897	2493
897	3189
897	3249
897	3662
897	3704
898	1541
898	3234
899	1356
899	3869
90	1888
90	2934
90	90
900	2606
900	900
902	1108
902	1424
902	1437
902	1754
902	902
905	1009
905	1287
905	2820
905	905
905	968
91	471
91	91
912	2425
912	912
913	1087
913	1680
913	1980
913	2205
913	2630
913	2711
913	2955
913	3416
913	3497
913	3985
913	913
916	3131
916	3744
916	3860
919	2024
919	2542
92	1018
92	1582
92	1973
92	361
92	565
92	92
920	920
923	2960
924	1123
924	2657
924	2802
925	1389
925	1566
925	1808
925	925
927	1259
927	2879
927	927
929	1157
929	1622
930	1467
930	3976
930	930
930	947
931	1304
931	3196
931	3642
933	2678
933	2930
933	933
936	1686
936	2122
936	2149
936	3393
936	936
937	2020
937	2900
937	937
938	1117
939	1120
939	2208
939	2418
939	2842
939	3130
939	3655
939	3687
939	939
94	94
940	1414
940	1542
940	1712
940	1793
940	1824
940	2811
940	3145
940	3597
940	3807
940	940
941	3504
942	2838
942	942
943	1937
943	943
946	946
947	1467
948	1357
948	1753
948	1757
948	1819
948	2128
948	2167
948	2199
948	2450
948	2581
948	2635
948	2746
948	2920
948	2968
948	3298
948	3447
948	3535
948	3982
948	948
949	1468
949	1543
949	2298
949	2762
949	3297
949	3565
949	949
95	3565
95	3941
95	3955
95	949
95	95
951	1361
951	1593
951	2209
951	2391
951	3437
951	3772
951	3928
951	3981
951	951
953	2383
953	2401
953	2529
953	2662
953	3174
953	3595
953	3696
954	2569
957	2020
957	2388
957	2705
962	962
965	1881
965	1948
968	2820
972	972
973	2486
973	3279
973	3327
973	973
974	3408
975	1018
975	2450
975	975
976	3818
978	2335
978	3781
978	978
984	2214
984	3766
985	1458
985	1940
985	2194
985	2527
985	985
986	2798
986	986
988	988
991	1583
991	2561
991	3458
991	991
993	1390
993	2786
993	3491
993	993
996	1318
996	2041
996	2113
996	2703
996	2762
996	996
996	997
997	1918
997	2703
997	997
998	1586
998	1622
998	1728
998	1784
998	1933
998	998
