#Nodes	4000
#Edges	3761
0	1716
0	1950
10	10
10	1805
10	3691
10	3847
10	755
10	827
1001	1001
1002	1018
1003	1003
1003	1327
1004	1004
1004	1096
1006	1006
1006	1125
1007	3232
1009	1009
1009	2820
1012	1472
1012	3585
1013	1440
1014	1014
1015	3413
1018	1018
1018	2657
1018	2661
1018	3697
102	2787
1021	1021
1022	1022
1022	1881
1022	2529
1022	2946
1022	3532
1022	3558
1022	3595
1022	3696
1023	2751
1023	2971
1023	3130
1024	1142
1024	1404
1024	2679
1024	2714
1024	2899
1024	3034
1024	3342
1024	3910
1026	1026
1026	2211
1027	1027
1027	1786
1027	3112
1029	2971
1031	1031
1034	1034
1034	1139
1034	1818
1034	1919
1034	3884
1036	1036
1038	1038
1039	1039
1039	2923
1043	2208
1043	2418
1043	3130
1047	2293
1048	1048
1048	1569
1048	1999
1048	2604
1048	2813
1048	3815
1052	1100
1052	1734
1053	1566
1053	3761
1055	1055
1056	1056
1057	1057
1057	2007
1057	2184
1057	2653
1057	2734
1057	3651
1057	3834
1057	3838
1058	2698
1059	1091
1059	2501
1059	2664
1059	2686
1059	3001
1059	3701
1059	3912
1059	3982
106	106
106	1289
106	2055
106	2625
106	2626
106	270
106	275
106	3166
106	370
106	449
106	492
106	758
1060	1410
1060	1496
1060	2138
1062	1759
1062	2448
1062	3181
1062	3856
1063	2749
1063	2866
1063	3002
1064	1155
1065	1093
1065	1432
1065	1800
1065	2206
1065	3155
1075	1075
1075	1499
1075	2054
1075	2138
1075	3941
1076	1114
1076	2821
1079	1278
1079	1815
1079	2260
1079	3654
1079	3975
108	1677
108	2221
108	2301
108	285
108	3426
108	3735
108	3858
1080	1691
1080	2856
1081	1081
1081	2010
1086	1086
1086	3804
1088	1088
1088	2632
109	109
109	2669
1090	1090
1090	1659
1090	2038
1091	1091
1091	2828
1091	3156
1092	1092
1092	1484
1092	1676
1092	1747
1092	3704
1092	3736
1093	1093
1094	1094
1094	3003
1094	3293
1094	3335
1094	3450
1094	3496
1096	2538
1096	2641
1099	1099
1099	2760
11	11
11	1104
11	1463
11	1484
11	2415
11	2493
11	2513
11	3299
1102	1332
1103	1103
1104	1104
1104	1217
1104	1515
1104	1911
1104	2582
1104	2900
1104	3107
1106	3224
1108	1108
1108	1543
1108	1704
1108	1918
1108	2257
1108	2806
1108	3245
1109	1109
1109	2032
1109	2467
1109	2741
1109	2749
1109	3372
111	3724
111	3875
111	444
1110	3213
1112	1706
1112	1816
1112	1906
1114	1114
1114	2134
1114	2515
1114	2848
1114	3784
1115	1115
1115	2023
1115	3195
1117	1117
1117	2954
112	112
112	1680
1120	1120
1120	2483
1120	3655
1122	1122
1123	1123
1123	1149
1123	2605
1123	2657
1125	1125
1125	1823
1125	3782
1129	1129
1129	2122
1129	2370
1129	2403
1129	2884
1129	3349
1130	2802
1131	1430
1132	1132
1132	3800
1134	1134
1134	2827
1135	3118
1139	1139
1139	1735
1142	1142
1142	2714
1143	1143
1143	2579
1143	3521
1143	3884
1146	2120
1146	2185
1147	1273
1148	3862
1149	2657
1152	2041
1152	3710
1155	1155
1155	1680
1156	1156
1156	1953
1156	2449
1156	3407
1157	1570
1159	1159
1159	2283
1160	1647
1161	3702
1164	1164
1164	2312
1165	1450
1168	1168
1168	2100
1171	1171
1171	3276
1171	3497
1173	1173
1173	2370
1173	3111
1175	2902
1177	1177
1179	1179
1179	2001
1179	3036
118	118
118	881
1180	1180
1180	1474
1180	1656
1180	1875
1180	2586
1180	2616
1180	3006
1180	3117
1182	1182
1182	1352
1184	1430
1186	2703
1188	3994
119	1463
119	824
1190	1190
1190	1341
1190	1746
1190	2279
1190	2311
1190	2934
1193	1193
1193	2046
1193	2143
1193	2443
1194	1514
1196	1583
1196	2341
1196	3054
12	1102
12	12
12	349
120	1180
120	120
120	1568
120	1736
120	1747
120	2718
120	3234
120	3342
120	3750
120	518
1203	1450
1205	1205
1205	1729
1205	3588
1205	3735
121	121
1211	1211
1211	2659
1213	1213
1217	1217
1217	1911
1217	1950
1217	2900
1217	3034
122	122
122	1232
122	1414
122	1417
122	2212
122	262
122	3964
1220	1220
1221	3798
1224	1224
1224	1754
1224	3302
1226	3182
123	3699
1230	3547
1230	3708
1232	1232
1232	1414
1232	1795
1232	1951
1232	2212
1232	2762
1232	3321
1232	3657
1232	3725
1233	2466
1234	1234
1237	3929
1238	1238
1238	1826
1238	2611
1238	3212
1239	1239
1239	2683
124	1003
124	124
124	1327
124	1405
124	153
124	1682
124	171
124	2029
124	2229
124	3470
124	562
1240	2122
1241	2538
1242	1248
1247	2668
1247	3324
1248	1248
1248	1486
1248	1995
1248	2295
1248	3257
1248	3529
1248	3769
1252	3488
1254	1404
1254	1999
1255	1694
1255	2744
1257	2529
1259	1595
1259	2371
1259	3262
126	1221
126	126
126	3753
126	392
1260	1260
1267	2442
1267	3744
127	127
127	2198
127	2790
127	3491
127	3602
1273	1273
1273	1277
1273	2560
1273	2895
1273	3694
1274	1500
1274	1712
1276	2783
1276	3565
1277	1277
1277	2611
1277	3179
1277	3694
1278	1815
1278	2260
1279	2841
1281	1281
1281	2635
1283	2057
1283	2632
1287	1287
1288	1449
1288	3437
1288	3772
1288	3776
1289	1289
1289	1512
1289	1521
1289	1710
1289	2055
1289	2364
1289	2776
1289	3559
1289	3654
1289	3884
1289	3953
1289	3975
129	1894
1290	1290
1290	2677
1293	2880
1294	1294
1294	2736
1297	1297
1297	2457
1300	1300
1300	3050
1303	1303
1303	1895
1303	2711
1304	1304
1304	2560
1304	2895
1304	3196
1304	3542
1304	3642
1308	1308
1308	1519
1308	1537
1309	1309
1309	1935
1312	2010
1314	1314
1314	2505
1315	2248
1316	1365
1316	1948
1316	3111
1318	3537
132	1462
1325	1325
1325	3222
1327	3581
1328	1328
133	133
133	176
133	2338
133	2614
1332	1332
1334	2314
1335	2642
1341	1341
1341	1716
1341	2003
1341	2074
1341	2212
1341	2298
1341	2632
1341	3064
1341	3121
1343	1343
1344	1344
1344	2000
1344	3257
1347	2310
1347	3705
1348	1348
1348	2688
1348	3753
135	135
135	2079
135	2408
135	458
1352	1352
1352	1998
1352	2181
1352	2918
1356	3869
1357	1357
1357	1753
1357	1757
1357	2657
136	462
1361	2227
1363	1363
1363	3408
1365	3212
1369	1369
1369	2027
1369	2298
1374	1809
1377	1377
1377	1599
1377	1975
1378	1430
1378	2463
1385	1683
1386	1386
1386	2318
1386	2931
1389	1566
1389	3061
1390	1390
1390	2467
1390	3559
1390	3593
1390	3955
1391	1391
1394	1394
1394	1745
14	1488
14	941
140	2015
1403	2887
1404	1404
1404	1747
1404	1999
1404	2439
1404	2679
1404	3064
1404	3342
1405	2029
1406	1406
1406	2534
1406	3042
1407	3945
1408	2350
1410	1410
1410	1496
1410	2225
1410	3033
1410	3333
1411	1411
1411	1809
1411	2534
1411	3776
1411	3888
1412	1412
1412	2317
1412	3845
1412	3881
1414	1414
1414	3725
1414	3807
1415	1415
1417	1417
1417	1747
1417	2718
1417	3034
1418	1579
1420	1420
1422	1422
1424	1424
1424	1437
1424	1655
1424	2307
1424	2763
1424	2811
1426	1950
1426	2472
143	2386
143	2700
143	3029
143	453
1430	1430
1430	3006
1430	3372
1431	1431
1431	1849
1431	2449
1431	3502
1431	3662
1431	3704
1432	1800
1432	2206
1432	3155
1433	1433
1433	2412
1434	1503
1436	3249
1438	1438
1438	3784
1439	1439
1444	1444
1444	1908
1444	2004
1447	3408
1449	1519
1449	1650
1449	1769
1449	2391
1449	2683
1449	3231
1449	3715
1449	3772
1449	3928
1450	1450
1454	1454
1455	1770
1457	1457
1457	1610
1459	2561
1459	3638
1460	1460
1460	1536
1460	2895
1462	1950
1462	2634
1463	1463
1463	1573
1463	1642
1466	1466
1466	2000
1466	3257
147	3646
147	3753
1472	1472
1472	1949
1472	2570
1472	3156
1472	3443
1472	3500
1472	3561
1472	3585
1474	1950
1474	2471
1475	1475
1476	1476
1476	2365
1476	3615
1477	2298
148	1356
1484	1484
1484	2415
1484	2493
1484	3125
1484	3589
1484	3704
1484	3745
1487	1487
1490	1490
1490	1598
1490	2195
1490	2776
1490	2875
1490	3102
1490	3467
1490	3546
1492	1492
1495	1495
1495	2332
1496	1496
1499	3565
1499	3941
15	15
150	150
150	3655
1500	1500
1500	1712
1500	2634
1500	2657
1507	1507
1508	1508
1508	3012
1508	3735
1509	1509
1509	1687
1514	2873
1515	1911
1515	2900
1515	3408
1518	2915
1519	1519
1519	3387
1519	3437
1519	3954
1521	3229
1525	1525
1525	3987
1527	1527
1529	1529
1529	1823
153	2029
1537	1722
1537	3768
1539	3071
1541	1541
1541	1664
1541	2690
1541	3497
1541	3932
1542	1793
1542	2907
1543	1543
1543	1880
1543	2113
1543	2515
1543	2736
1543	3234
1543	3750
1544	1544
1546	1546
155	1248
155	2330
155	3137
155	3870
1550	1610
1550	2794
1554	1554
1555	1555
1556	1556
1556	1861
1559	1608
1559	1632
1559	2302
1559	2588
1559	2762
1559	2842
1559	2898
1559	2962
1559	2969
1561	2174
1562	1926
1562	2119
1563	1563
1563	2516
1564	1564
1564	2098
1564	2476
1564	3204
1565	1565
1566	1566
1566	2429
1566	3235
1569	1569
1569	1815
1570	1570
1570	3925
1571	1952
1572	1572
1572	2405
1574	1574
1574	1734
1575	1743
1575	2656
1575	3894
1576	1576
1576	3535
1578	1911
1578	2097
1578	2523
1578	2785
1579	1579
1579	2917
158	2811
158	2967
1582	1582
1583	2561
1586	1586
1586	2000
1587	1587
159	159
1593	2479
1595	1595
1595	2371
1595	3262
16	410
160	160
1605	1605
1605	1692
1605	1947
1608	1608
1608	2854
1610	1610
1610	3477
1613	1989
1613	2368
1618	2138
1618	3689
1619	1619
1620	1620
1620	2456
1622	1622
1622	1728
1622	1933
1622	2058
1625	1625
1626	1626
1630	1630
1630	2683
1631	2003
1631	3070
1632	2969
1634	2466
1634	3189
1634	3574
1635	2882
1635	2902
164	1377
164	164
164	1975
1643	1643
1646	3015
1648	3613
165	165
1650	1769
1655	1655
1655	1821
1655	3789
1655	3841
1656	1911
1656	2100
1656	2559
1656	3257
1656	3469
1658	1658
1658	2660
1659	1659
1659	2007
1659	2200
1659	2653
1659	2734
1659	3593
1659	3651
166	166
166	3614
1661	2686
1664	1664
1664	3530
1664	3932
1668	1668
1668	2596
1668	3712
1669	3267
167	167
167	2388
167	2528
167	2705
167	3904
167	616
167	957
1672	1672
1675	1675
1676	2229
1676	2388
1676	2705
1677	1677
1677	2221
1677	2444
1677	2506
1677	2573
1677	3858
168	1417
168	1747
168	1792
168	3423
168	3497
168	3763
1680	1680
1680	2100
1680	2955
1680	3426
1680	3704
1681	1985
1685	1685
1685	3422
1687	1687
1687	2707
1687	3140
1694	1694
1694	3870
17	17
17	2401
17	393
17	722
17	953
1700	1700
1704	1704
1704	3132
1704	3257
1706	1706
1706	3367
171	2229
171	712
171	846
1710	3285
1710	3975
1712	2128
1716	1716
1716	1841
1716	2003
1716	2020
1716	2110
1716	2447
1716	3393
1716	3435
1716	3786
1717	2229
1717	2762
1717	2898
1720	1720
1722	1722
1722	2608
1722	3128
1724	1747
1724	2142
1724	2593
1724	2688
1724	2718
1724	3034
1724	3183
1724	3685
1725	1725
1725	1916
1726	1726
1728	1933
1729	1729
173	1248
1730	1730
1730	1746
1733	1733
1733	2442
1734	1734
1734	2162
1734	2658
1736	3234
1737	1737
1737	3992
1738	1738
1743	1743
1746	1746
1746	2279
1747	1747
1747	2679
1747	2718
1747	3034
1747	3234
1747	3278
1747	3342
1747	3750
1749	3103
1752	1752
1752	2342
1753	1757
1754	1754
1754	2234
1754	3302
1756	1756
1757	2167
1757	3525
1759	3856
176	1205
176	1640
176	176
176	3815
1761	3424
1762	2692
1762	3026
1765	1765
1765	1935
1765	2740
1765	2900
1765	3380
1767	2848
1768	1768
177	177
1770	1770
1771	1771
1779	3472
1783	2139
1785	3644
1787	2418
1787	3655
1789	1789
1789	2598
1791	1791
1791	3545
1792	1792
1792	2212
1792	3763
1793	3597
1795	2212
1795	2898
1800	2206
1800	2622
1800	3155
1801	1801
1801	2317
1801	3997
1802	2517
1804	1804
1805	3891
1806	1806
1806	3378
1808	1808
1808	3968
1809	3174
1809	3888
1812	3263
1812	3651
1815	1933
1815	2260
1815	3654
1816	1906
1818	3593
1818	3884
182	1634
182	3574
1820	1820
1821	1821
1821	2806
1822	2444
1824	3480
1827	1827
1829	1829
1829	2240
1829	2776
183	3006
183	845
1835	1835
1841	1841
1841	2003
1841	2447
1841	2705
1841	2922
1842	3490
1844	1856
1845	1845
1846	1846
1846	1999
1846	2428
1849	1849
1849	2025
1849	3041
1852	1852
1855	1855
1855	3818
1856	1856
1856	2745
1856	3833
1857	1857
1857	2553
1859	1859
1859	1985
1861	1861
1861	2729
1864	2391
1868	1868
1868	2356
188	188
188	2862
188	3085
188	3399
1880	1880
1880	2113
1880	3061
1880	3116
1880	3327
1881	1881
1881	3558
1881	3650
1881	3696
1885	1885
1892	1892
1893	1893
1893	2788
1893	2914
1893	2961
1893	3154
1893	3243
1893	3436
1893	3665
1893	3955
1894	3875
1895	1895
1895	3502
1904	1904
1907	2265
1908	2004
191	191
191	2015
191	2208
191	2418
191	2483
191	3130
191	3482
1911	1911
1911	2100
1911	2523
1911	2718
1911	2785
1911	2900
1911	3034
1911	3107
1911	3369
1911	3408
1914	1914
1914	2944
1914	3430
1915	1915
1915	2257
1915	2416
1915	2479
1915	3226
1919	1919
1919	3734
1921	1921
1921	3697
1922	1922
1922	2138
1925	2075
1928	2000
1929	3791
1931	1931
1933	3177
1933	3654
1934	2820
1934	3350
1934	3700
1934	3728
1935	1935
1935	2740
1935	2900
1935	3380
1936	1936
1937	1937
1937	2921
194	1475
194	194
194	2020
194	3121
194	3128
194	3423
1940	1940
1940	2069
1948	1948
1948	2178
1948	2748
1949	1949
1949	2570
1949	3561
1950	1950
1950	2471
1950	2472
1950	3992
1951	1951
1951	2762
1951	3820
1953	3407
1955	2328
1958	2902
1958	3865
1959	1959
1959	3337
196	1012
196	1422
196	1430
196	1582
196	196
196	2762
196	296
196	3243
196	3585
196	3879
196	408
196	449
196	631
196	661
196	978
196	996
1960	1960
1960	2147
1964	3224
1966	1966
1966	3178
197	1161
197	197
197	2396
197	3702
1971	1971
1973	3948
1985	1985
1989	1989
1989	2368
199	199
199	2408
199	345
199	458
1994	1994
1994	2734
1994	3595
1994	3651
1998	1998
1999	1999
1999	2775
1999	3909
1999	3991
2	2
2000	2000
2000	2559
2000	2636
2000	2871
2000	2885
2000	3257
2000	3350
2000	3445
2000	3491
2000	3699
2000	3723
2000	3847
2001	2442
2001	3416
2003	2370
2003	3070
2003	3231
2003	3270
2006	2006
2007	2007
2007	2200
2007	2383
201	1175
201	1754
201	2234
201	2811
201	866
2010	2010
2010	2655
2010	2688
2014	2014
2014	2232
2015	3081
2020	2020
2020	2582
2020	3247
2020	3423
2020	3435
2020	3852
2021	2021
2022	2022
2024	2024
2024	2069
2024	2604
2025	3041
2029	2662
203	1856
2034	2034
2034	3772
2034	3783
2036	2036
2036	2370
2036	2476
2036	3349
2036	3804
2040	2040
2041	2041
2041	2447
2041	3270
2041	3710
2046	2143
2046	2257
2046	3128
205	205
205	2111
205	3697
2055	2055
2055	2209
2055	2225
2055	2248
2055	2419
2055	2529
2055	2653
2055	2796
2055	2885
2055	3152
2055	3884
2055	3908
2055	3928
2055	3953
2057	2057
2057	2632
2058	2058
2058	3737
2059	2059
2059	2262
2059	2825
2061	3601
2063	2063
2063	3804
2071	2071
2071	3776
2079	2079
208	1232
208	1582
208	208
208	2673
208	361
208	565
2084	2084
209	209
2090	2130
2092	2092
2097	2785
21	1499
21	2138
21	3268
21	3387
21	3941
2100	2100
2100	2559
2100	3278
2100	3966
2107	2107
2107	2573
2109	3652
2111	2928
2113	2185
2113	2588
2113	3541
2115	2536
2119	3145
2119	3188
2120	2120
2120	2185
2120	2317
2120	2449
2120	2690
2120	3078
2120	3745
2122	2403
2124	2124
2124	2749
2124	2838
2128	2128
2128	2849
2128	2975
213	213
213	2657
213	703
2130	2130
2130	3219
2131	2131
2135	2135
2137	2137
2138	3202
2138	3654
2138	3689
2142	2142
2142	3183
2142	3383
2149	3591
2151	2151
2151	2155
2151	2489
2151	2868
2151	3186
2153	3601
2155	2868
2162	3035
2163	2381
2166	2166
2167	2167
2167	2450
2168	2168
2168	2955
2168	3282
2168	3654
2172	2172
2174	3672
2176	2176
2178	2391
2178	3379
218	218
2180	2180
2182	3393
2183	2183
2184	2184
2184	2391
2184	2529
2184	2690
2184	3772
2185	2690
2187	2187
2187	2599
2187	2654
2189	3222
2191	3615
2198	3491
2199	2199
22	22
22	2647
22	2835
220	220
220	610
220	663
2200	2225
2200	2653
2200	2734
2200	3651
2203	2203
2206	3155
2208	2208
2208	2418
2208	2648
2208	3130
2208	3615
2209	2225
2209	2248
2209	2372
2209	2419
2209	2529
2209	3152
2209	3908
2209	3928
2211	3372
2211	3955
2212	2515
2212	2854
2212	3781
2212	3964
2214	3711
2216	3481
222	222
222	237
222	2497
222	621
2221	3858
2223	2565
2223	3657
2225	2225
2225	2653
2225	3332
2226	3512
2227	2227
2227	3881
2228	2228
2228	2776
2229	2229
2229	2585
2229	3152
2229	3470
2229	3949
2232	2232
2232	2461
2234	2234
2234	3141
2235	3206
2237	3429
2237	3831
224	1024
224	1595
224	2899
224	3910
2240	2240
2246	2246
2246	3112
2248	2248
2248	2328
2248	2449
2248	2529
2248	3152
2248	3178
2248	3213
2248	3337
2248	3463
2248	3566
2248	3928
2249	2253
2249	2805
2249	3243
2253	3088
2256	2256
2259	2788
2261	2261
2263	2263
2263	2450
2265	3061
2267	3941
2268	2268
2268	2287
2268	2372
2273	3268
2279	2279
2279	2563
2279	2934
2285	2490
2287	2287
2287	2885
2287	3977
2293	2293
2294	3630
2295	2364
2298	2298
2298	2533
2298	3504
2298	3515
2298	3899
23	2450
23	3557
230	230
2301	3423
2302	3423
2307	3973
2308	2308
231	2061
231	2153
231	3439
231	3601
231	398
231	705
2310	3705
2314	2314
2314	3017
2316	2316
2316	2467
2319	2319
2327	2327
2328	2328
2330	2330
2330	2755
2330	3137
2330	3260
2330	3953
2335	2335
2335	3061
2335	3189
2338	3360
234	234
2341	2341
2341	3053
2344	2344
2350	2350
2352	2352
2354	2354
2355	3222
2361	2971
2364	2364
2364	3953
2367	2422
2367	2675
2367	3615
2369	2369
2369	3737
237	2020
237	2316
237	2335
237	237
237	2705
237	2762
237	3189
237	3818
237	3852
237	957
2370	3349
2371	2371
2371	2392
2371	3262
2371	3268
2372	2372
2372	3953
2372	3958
2374	2374
2376	2376
2376	2414
2376	2600
2376	3385
2376	3535
2376	3619
2378	2378
2379	2379
2379	2465
2379	3083
238	238
2380	2380
2381	2381
2383	2383
2383	3410
2386	3186
2388	2388
2388	2705
2388	3189
2391	2515
2391	3772
2391	3928
2392	2879
2392	3268
2396	3427
24	1462
24	1712
24	24
24	2486
24	2634
24	3288
24	427
24	506
24	564
24	973
240	240
240	2981
2415	2415
2415	2493
2415	3317
2416	2416
2416	3226
2418	2648
2418	3130
2418	3615
2419	2447
242	2120
242	2177
242	2346
242	242
242	2578
242	299
242	3165
242	3497
242	456
242	616
242	823
2420	2852
2422	2675
2426	2426
2428	2428
2429	3717
2429	3844
243	1724
243	1761
243	243
243	2688
243	345
243	3978
243	400
243	799
2432	3902
2439	2679
244	1048
244	312
2443	2443
2444	2444
2444	2869
2447	2447
2447	3015
2447	3070
2447	3231
2447	3270
2448	3181
2449	2449
2449	2885
2449	3213
2449	3337
2449	3597
2449	3866
245	2432
245	245
245	3902
2450	2450
2450	3668
2450	3914
2458	2458
2459	2459
2461	3627
2462	2462
2462	3788
2464	2464
2465	2465
2465	2629
2466	2466
2466	2586
2466	3701
2467	2467
2467	3593
2470	2470
2471	2603
2471	2976
2471	3170
2473	2560
2473	2895
2475	2475
2475	2858
2475	2972
2476	3204
2477	2477
2477	3125
2479	2479
2479	2653
2479	3226
2479	3866
248	1079
248	1278
248	1815
248	2055
248	2260
248	248
248	2602
248	2796
248	3118
248	3654
248	522
248	569
2483	2483
2484	3449
2486	2486
2486	3240
2486	3695
2489	2489
2489	3186
249	3221
2492	2587
2492	3949
2493	2493
2493	2630
2493	3745
2493	3875
2497	2497
25	1059
25	1426
25	2245
25	25
25	2664
25	3772
25	3982
25	616
25	948
250	250
250	472
2502	2502
2503	3436
2506	2506
2506	2592
2514	2514
2514	2928
2514	3908
2515	3964
2517	2517
2518	2518
2518	3633
2523	2523
2523	3404
2524	2524
2525	2922
2528	2528
2528	3198
2528	3489
2529	3152
2529	3471
253	2150
253	253
2534	2534
2534	3888
2536	2536
2538	2538
2538	2546
2538	2673
254	1659
254	2015
254	254
2542	3991
2544	2544
2546	3121
2546	3973
2548	2548
2548	3595
256	1649
2560	2560
2560	2647
2560	2895
2561	2561
2561	3638
2563	2563
2569	2569
2570	2570
2570	2686
2570	3242
2570	3561
2573	2573
2575	2575
2575	2956
258	1156
258	2120
258	2449
258	2517
258	258
258	2721
258	3567
2585	2585
2587	2587
2587	3121
2587	3393
2588	2762
2588	3317
2596	3712
2599	2599
2600	3619
2602	3118
2603	3297
2604	2604
2605	2605
2605	2657
2605	2859
2606	2606
2606	3865
2611	2611
2616	2616
2616	3117
262	262
2622	2622
2622	3155
2625	2625
2627	2627
2629	2629
2632	2632
2632	3738
2633	3553
2634	2788
2634	3288
2635	2635
2636	3257
2639	2639
2645	2645
2645	3484
2649	2649
2649	3170
265	1034
265	2029
2653	3595
2653	3651
2653	3668
2654	2654
2655	2675
2655	3677
2656	2656
2656	3894
2657	2657
2657	3452
266	1090
2661	2928
2666	2666
2667	3649
2669	2978
267	1955
267	267
267	384
2670	2844
2678	2678
2678	2762
2678	3424
2679	3342
2679	3768
268	268
2683	2683
2683	3408
2686	2686
2688	3051
2688	3978
2689	2689
269	1656
269	1907
269	1992
269	2392
269	269
269	456
269	478
269	802
2690	2690
2690	3470
2690	3715
2692	2928
2692	3026
2694	2694
2694	2852
2696	3612
2698	2698
2698	2910
27	27
270	1444
270	1757
270	1908
270	2004
270	2167
270	2450
270	2498
270	2625
270	2680
270	328
270	811
2700	3169
2702	2702
2703	2703
2704	2704
2705	3189
2705	3776
2707	3140
2708	2708
2711	3416
2712	2739
2713	3838
2714	2714
2718	3234
2718	3750
2734	2734
2734	3651
2734	3776
2736	2736
2745	2745
2746	2746
2746	2920
2748	3174
2749	2749
2757	2757
2758	2758
2762	2762
2762	2898
2762	3424
2762	3515
2763	2763
2763	3750
2764	2764
277	2021
2770	2770
2770	2902
2770	3504
2776	2776
2776	3546
2776	3931
2776	3939
278	3198
2788	2788
2788	3154
2788	3955
2790	3491
2790	3602
2792	2808
28	2180
28	3444
28	449
28	996
280	280
2802	2802
2802	3697
2802	3711
2803	2803
2805	2805
2806	2806
2806	3433
2808	3222
281	2100
281	281
281	3278
281	3966
2811	2811
2811	3117
2813	2813
2813	3488
2814	2814
2819	3955
2820	2820
2820	3350
2820	3728
2822	2822
2823	2823
2828	2828
2833	2833
2834	2834
2836	2836
2836	3342
2836	3768
2838	2838
2839	2839
284	284
2841	2841
2842	2842
2842	3687
2843	3617
2844	3673
2848	2848
285	2588
285	2798
285	3899
285	809
285	949
2850	3846
2852	3059
2852	3415
2854	3964
2858	3393
2859	2859
286	1931
286	2672
286	286
286	2865
286	3539
2862	3399
2863	2863
2866	2866
2866	2961
2866	3625
2868	2868
2869	2892
2872	2872
2872	3188
2875	2875
2875	2878
2881	2881
2883	2883
2885	2885
2885	3188
2885	3699
2885	3707
2891	2891
2892	2892
2894	3778
2895	2895
2899	3910
29	119
29	1233
29	2228
29	2536
29	29
29	2931
29	3084
29	369
2901	2901
2902	2902
2902	3533
2904	2904
2904	3282
2905	2905
2907	2907
2914	2914
2914	3665
2915	2915
2917	3844
292	1608
292	292
292	668
2921	2921
2922	3231
2928	2928
2928	3427
293	293
2934	2934
294	2160
294	2657
294	294
294	515
294	652
294	924
2944	3430
2946	2946
2946	3696
2948	3899
2948	3998
2953	2953
2956	2956
296	1422
2962	2969
2963	2963
2964	2964
297	297
297	3257
2971	2971
2971	3130
2972	3015
2974	2974
2974	3496
2975	2975
2976	3657
2981	2981
2981	3365
2983	2983
2984	3145
2984	3188
2986	2986
299	1509
299	1656
299	2120
299	2392
299	2559
299	299
299	3268
299	426
299	458
299	610
2991	2991
2991	3282
2991	3537
2993	2993
2995	3512
3002	3052
3002	3104
3002	3243
3003	3450
3004	3004
3006	3006
3006	3652
3009	3009
3009	3528
3015	3772
3016	3016
3019	3019
3019	3597
302	1143
302	1895
302	302
302	3644
302	3749
302	381
3025	3025
303	1056
303	2383
303	303
303	3410
303	3620
303	3914
3033	3033
3033	3275
3034	3034
3034	3278
3034	3704
3034	3768
3037	3406
3038	3038
3038	3851
3039	3039
304	936
3042	3042
3043	3043
3051	3051
3051	3954
3052	3052
3052	3243
3057	3057
3058	3058
3058	3124
306	306
306	845
3064	3064
3064	3070
3068	3068
3068	3370
307	307
3070	3270
3071	3071
3071	3077
3088	3088
3099	3714
31	569
31	888
310	1180
310	1893
310	2586
310	3430
310	363
310	3740
310	757
3108	3108
3111	3111
3117	3117
3117	3565
312	1048
312	1342
3125	3125
313	1933
313	3654
3130	3130
3130	3411
3132	3132
3137	3137
3137	3941
3138	3138
3139	3139
3140	3140
3141	3220
3141	3955
3142	3142
3145	3188
3149	3149
3149	3306
315	1463
315	1573
3152	3152
3152	3285
3152	3928
3154	3154
3154	3955
3156	3156
3156	3500
3163	3163
3166	3166
317	2653
317	354
3170	3170
3170	3931
3172	3196
3178	3178
3178	3566
3179	3179
3179	3435
3183	3183
3183	3383
3187	3187
3188	3529
3188	3707
3189	3189
3196	3642
3198	3198
320	320
3202	3689
3206	3206
3207	3207
3213	3350
3223	3223
3225	3225
3226	3226
3232	3232
3233	3233
3234	3750
3242	3561
3243	3243
3243	3436
3247	3247
325	1787
3255	3723
3265	3606
3268	3387
3268	3437
3273	3273
3273	3723
3278	3342
3278	3966
3287	3287
329	2851
329	3904
3293	3496
3297	3297
331	1801
331	1962
331	2517
331	2698
331	331
3310	3310
3317	3647
3318	3318
332	332
3320	3320
3321	3321
3321	3463
3332	3332
3332	3552
3335	3813
3339	3339
3339	3597
3340	3340
3342	3768
3345	3345
3350	3728
3355	3355
3358	3358
3365	3365
3365	3847
3365	3986
3369	3369
337	679
3370	3370
3372	3372
3377	3541
338	2652
3387	3437
3391	3391
3391	3777
3393	3393
3395	3458
34	3289
34	34
340	1684
340	340
340	494
3405	3405
3405	3827
3407	3865
341	3491
341	419
3411	3411
3411	3615
3413	3413
3415	3415
3423	3423
3423	3763
3423	3852
3426	3735
343	1186
3437	3437
3439	3439
3442	3442
3442	3567
3442	3854
345	1736
345	1747
345	2679
345	2718
345	2836
345	3034
345	3234
345	3342
345	345
345	3750
345	3768
345	400
345	458
345	799
3452	3452
3452	3525
346	346
3468	3468
3470	3696
3474	3474
3477	3477
3487	3487
3489	3489
349	1656
3490	3881
3491	3491
3491	3497
3491	3602
3496	3496
3497	3497
3497	3763
3499	3499
350	1936
350	350
3502	3547
3504	3504
3505	3519
351	3345
351	351
351	3674
351	3881
351	776
3510	3510
3513	3513
3519	3519
352	1232
352	1414
352	2212
352	691
3523	3523
3525	3525
3529	3870
353	3821
353	605
3530	3530
3530	3932
3531	3657
3532	3696
3537	3537
354	2479
354	354
354	749
3541	3541
3541	3647
3541	3964
3544	3544
3545	3933
3547	3571
3547	3723
355	355
3553	3553
3557	3557
3557	3688
3559	3559
3559	3807
356	1570
356	1622
356	384
356	476
356	552
356	848
356	927
3562	3966
3565	3941
357	1148
357	2344
357	357
3574	3574
3576	3576
3581	3581
3582	3582
3593	3884
3593	3953
3595	3595
3595	3696
3597	3866
3598	3598
36	36
3600	3600
361	1582
361	3121
361	565
3612	3612
3615	3615
3618	3701
363	3142
363	363
3630	3630
364	1280
3641	3641
3647	3879
365	1805
365	3241
365	3753
3651	3651
3655	3655
3657	3657
3658	3658
3659	3659
366	1118
366	1680
366	1710
366	1881
366	1948
366	2122
366	2178
366	2391
366	3009
366	3118
366	3152
366	3528
366	3547
366	3568
366	3650
366	366
366	3928
366	464
366	492
366	569
366	693
3663	3663
3668	3668
367	1165
367	1734
367	1842
367	2895
367	3586
3673	3673
3674	3674
3677	3677
3682	3682
3687	3687
3687	3800
3688	3688
369	1747
369	2718
369	2931
369	3234
369	3342
369	3750
3693	3809
3696	3696
3698	3939
370	1289
370	2797
3700	3728
3701	3701
3702	3702
3704	3969
3705	3705
371	1308
371	1404
371	2756
3710	3710
3714	3714
3715	3772
3717	3761
3718	3718
3718	3928
372	372
372	399
3723	3723
373	2057
373	2355
3732	3732
3732	3807
3735	3735
3743	3743
3744	3744
3745	3875
375	2872
3750	3750
3753	3753
3760	3760
3761	3761
3771	3771
3771	3801
3772	3772
3776	3776
3776	3888
3782	3782
3783	3783
3784	3784
379	2631
379	379
379	559
3790	3790
3800	3800
3807	3807
381	1895
381	3143
3815	3815
3817	3817
3818	3818
382	1856
3820	3831
3834	3834
3837	3837
3837	3955
384	1021
384	1318
384	1407
384	1561
384	1622
384	1933
384	1955
384	2000
384	2876
384	3257
384	3672
384	3723
384	384
384	436
384	552
384	561
384	569
384	744
384	765
384	848
384	996
3844	3878
3845	3845
385	1698
385	385
3851	3851
386	1237
386	3929
3865	3865
387	387
3872	3872
3881	3881
3888	3888
389	3013
389	389
3899	3998
3904	3904
3909	3909
3915	3915
3919	3919
392	3753
392	392
3929	3929
393	1627
393	2032
393	2467
393	3350
393	3426
393	3929
393	393
393	408
393	550
393	722
393	764
3930	3930
3931	3931
3932	3932
3936	3936
3948	3948
395	2432
395	3971
395	529
3950	3950
3951	3951
3952	3952
3953	3953
3954	3954
3955	3955
396	1460
396	1812
396	2020
396	3263
396	396
3964	3964
3966	3966
3975	3975
3977	3977
398	2061
398	3601
399	399
3991	3991
3994	3994
3995	3995
3998	3998
40	1175
40	1220
40	1424
40	1821
40	201
40	2307
40	2811
40	3973
40	40
40	902
402	1081
402	1221
402	1312
402	2010
402	2655
402	402
402	410
402	937
403	2565
404	1069
404	3831
404	404
405	1749
405	3103
407	3861
407	407
408	1175
408	1543
408	1704
408	1948
408	2027
408	2149
408	2298
408	2316
408	2467
408	2515
408	2518
408	2749
408	2762
408	2898
408	3179
408	3424
408	3591
408	3593
408	3633
408	408
408	449
408	713
408	843
408	866
408	996
410	1694
410	1933
410	1958
410	2150
410	3034
410	3257
410	937
411	411
413	1428
413	497
413	579
413	666
414	2466
414	2657
414	3904
414	414
414	422
416	2473
416	434
416	497
417	3701
417	3880
419	1893
419	2914
420	3530
420	3932
420	420
422	2466
425	1583
426	807
427	2657
427	3398
427	427
428	1146
428	2185
43	1519
43	1747
43	2415
43	2718
43	3234
43	3342
43	345
43	3750
431	431
434	1885
434	2473
434	2736
434	3434
434	497
434	579
434	610
434	666
435	1325
435	2686
435	3222
444	2391
444	2469
444	3023
444	444
444	719
446	446
449	1318
449	2041
449	2209
449	2225
449	2359
449	2547
449	2762
449	3015
449	3226
449	3270
449	3593
449	3710
449	3884
449	449
449	621
449	631
449	996
452	1490
452	2528
452	2776
452	2783
452	3290
452	3546
452	778
452	865
453	1880
453	3116
453	3327
454	1698
454	3904
456	1180
456	2559
456	3497
456	456
458	2408
458	458
461	1369
461	2027
461	3559
461	461
461	589
461	880
462	2059
462	2262
463	2163
463	2381
463	2557
463	463
464	3568
464	765
469	3057
47	1895
47	3049
47	3404
470	3964
470	809
471	2166
471	796
472	600
475	2844
475	475
475	755
476	2170
476	3445
476	794
476	845
482	482
483	483
486	486
487	1211
487	3179
487	487
49	1702
49	49
49	634
490	2475
490	3089
490	490
492	1079
492	1289
492	1316
492	1365
492	3212
492	3975
492	492
492	758
494	1108
494	1129
494	1676
494	1716
494	2041
494	2370
494	2884
494	3015
494	3270
494	3393
494	654
497	1428
497	1885
497	2473
497	2541
497	2560
497	2736
497	2895
497	666
503	1063
503	2866
503	503
503	842
503	917
504	2728
505	2653
505	2712
505	2739
505	2811
505	3595
505	505
506	1160
506	1500
506	1647
506	1712
506	2128
506	2322
506	506
506	564
508	1064
508	2100
508	2392
508	3278
508	3534
508	3966
508	508
509	2569
509	2667
509	3649
509	509
509	954
51	1449
51	1550
51	1555
51	1610
51	1717
51	2690
51	3189
51	3497
51	3523
51	354
51	51
51	668
510	2885
515	2721
515	3964
515	3982
515	515
515	551
515	809
515	924
518	3234
518	3497
52	52
520	520
520	808
521	1205
521	2214
521	3711
521	521
522	1079
522	1278
522	1815
522	2260
523	523
523	534
524	1061
524	524
528	528
528	706
529	1007
529	1088
529	2476
529	3391
529	3490
529	3881
529	3971
529	776
53	53
530	1472
530	1706
530	2776
530	3367
530	3931
530	730
532	1927
532	1964
532	2347
533	1548
533	533
535	1685
535	2262
535	535
535	799
539	3682
539	539
540	2057
540	540
541	2776
541	2962
541	2969
541	3698
541	3939
545	545
545	726
546	3235
549	549
55	2369
55	2721
55	357
55	515
55	767
550	550
551	3964
552	1052
552	1344
552	2000
552	2449
552	2876
552	3257
552	3350
552	3640
552	552
552	569
552	848
552	888
552	927
552	998
553	1129
553	2403
553	3058
553	3124
553	3504
553	553
553	713
553	941
56	1472
56	975
561	1595
561	744
561	765
561	853
562	3950
562	562
564	564
565	1582
565	2538
565	2673
565	565
566	566
567	567
568	568
568	758
569	1135
569	1622
569	1734
569	1931
569	2000
569	2602
569	2838
569	2876
569	3118
569	3491
569	569
569	848
569	888
569	942
569	998
57	2588
57	285
57	2902
57	57
57	809
571	1402
571	3634
571	571
571	969
573	573
576	2994
579	666
58	2426
58	521
58	677
580	3632
580	580
582	1477
582	2298
582	582
583	1267
583	1733
583	2442
584	1007
584	1569
585	585
585	998
586	1024
586	1142
586	2714
586	586
589	1369
589	2027
590	2491
590	864
591	1216
591	2209
591	2248
591	3152
591	3928
592	1241
592	2538
594	2459
596	3758
596	596
596	616
599	3437
599	599
6	1757
6	948
603	2437
604	604
605	2423
605	3821
605	605
605	965
607	607
61	109
61	2669
610	2110
610	610
616	1821
616	2177
616	2493
616	616
618	3505
618	618
618	803
621	3884
622	1404
622	1940
622	3042
622	3342
622	985
627	1386
627	2318
630	630
631	2000
631	2559
631	2790
631	3491
631	631
631	668
631	749
632	2813
632	632
634	3557
634	634
634	889
638	2109
638	2807
638	638
641	2905
65	2240
65	2756
65	3263
65	396
65	65
65	671
650	3362
654	2029
654	3877
654	797
656	656
661	2838
661	3879
661	942
661	978
666	1428
666	1885
666	3115
668	1608
668	1950
668	1962
668	3536
668	3723
668	668
67	1248
67	2018
67	2295
67	3769
67	384
67	436
67	67
67	745
671	3051
671	3417
671	3707
671	671
673	673
675	3581
677	2426
679	3904
68	2477
68	3125
685	1569
685	685
687	1344
687	2000
687	2150
687	3257
687	687
687	729
689	3697
689	689
689	728
69	1361
69	2142
69	2227
69	2603
69	3183
69	3383
69	69
69	880
690	1564
690	2656
690	3894
690	690
690	919
692	692
693	1257
693	1680
693	1710
693	1808
693	1864
693	1948
693	2178
693	2229
693	2262
693	2311
693	2391
693	2479
693	2529
693	2585
693	2748
693	3152
693	3212
693	3226
693	3229
693	3245
693	3285
693	3559
693	3588
693	3644
693	3696
693	3968
693	693
693	758
693	965
694	1485
694	2900
694	3408
694	694
695	2838
695	942
698	1954
698	698
7	427
7	7
70	127
70	1893
70	2383
70	3471
70	3478
70	70
701	1247
701	2668
701	3324
704	776
705	705
706	706
707	3814
707	707
708	1716
708	708
71	1720
71	425
71	639
71	71
711	1712
711	2128
711	2849
712	712
713	1994
713	2200
713	2653
713	2734
713	3179
713	3595
713	3651
713	3904
713	713
713	777
713	953
717	2249
717	2622
719	3928
719	719
721	1444
721	1908
721	2004
721	3096
721	3188
721	721
722	2316
723	1992
723	2342
723	3369
723	3600
724	724
725	725
727	1919
727	2113
727	2762
727	727
728	2471
728	2649
728	3170
728	728
729	1344
729	2449
729	3350
729	3813
729	729
730	1490
730	2776
730	2802
730	3439
730	3546
730	3697
730	730
733	733
734	2409
738	738
739	1075
739	1243
74	3101
741	1139
741	1993
741	741
748	748
749	2328
749	3213
749	3538
749	3735
749	749
75	1348
75	1363
75	1939
75	2415
75	242
75	2436
75	2688
75	3232
75	458
75	75
75	757
75	802
750	750
754	3071
754	754
755	3721
757	2899
757	3910
758	1003
758	1057
758	1143
758	1289
758	1303
758	1327
758	1411
758	1508
758	1521
758	1808
758	1864
758	1948
758	2235
758	2372
758	2616
758	3117
758	3212
758	3229
758	3651
758	3838
758	3888
758	3968
758	758
758	861
761	1993
761	2981
764	764
765	1180
765	1289
765	1595
765	2330
765	2371
765	3262
765	3568
765	765
766	2578
766	3237
766	766
77	1680
77	77
772	2688
772	772
773	1724
773	2593
774	1607
774	1973
774	3103
776	1106
776	3391
776	3777
776	3971
776	776
777	1925
777	2075
777	777
778	1276
778	1303
778	1895
778	2678
778	2783
778	3547
779	779
780	1248
780	2295
781	781
784	784
785	3323
787	787
791	791
792	1534
792	1659
792	2276
792	3038
792	3298
792	3525
792	3851
792	3872
792	3878
792	792
794	1893
794	2170
794	794
796	1843
796	2045
797	3379
797	797
799	1522
799	1724
799	1812
799	1950
799	2142
799	2553
799	2678
799	2718
799	3183
799	3383
799	3685
799	799
802	1064
802	1104
802	1155
802	1217
802	1939
802	2513
802	802
803	1173
803	3108
803	3505
803	803
804	804
806	3474
806	806
807	1622
807	2058
807	2100
807	807
808	1020
808	1971
808	3405
808	808
809	3964
809	809
81	3746
81	81
810	1828
811	3257
814	1186
814	2406
814	3463
814	814
819	819
820	820
821	2218
823	3165
824	824
825	2486
825	3240
825	3695
825	825
827	827
828	3782
83	1190
83	2632
83	2659
831	831
836	1544
84	2419
84	358
84	84
841	1424
841	1821
841	2763
841	2806
841	3234
841	3750
841	841
842	2866
842	3625
843	1341
843	2071
843	2391
843	2734
843	3064
843	3776
843	843
845	1131
845	1430
845	3006
845	3445
845	3490
845	845
846	2229
846	2262
846	3977
846	846
85	1026
85	2211
852	2762
852	3424
853	1694
853	2174
853	3672
853	853
858	1706
858	3350
858	858
858	916
86	3932
86	86
861	3968
864	2449
864	2491
865	865
866	1152
866	1417
866	1747
866	2041
866	2234
866	2811
866	3710
866	3923
866	866
866	996
87	654
87	87
870	1341
870	1716
870	2003
870	2057
870	2327
870	2632
870	3393
870	870
873	3358
874	874
877	1332
878	2437
880	3559
881	881
882	882
884	2519
884	884
886	3141
886	3220
886	3837
886	3955
886	886
888	3137
888	3699
893	1613
893	3524
893	893
894	2492
894	2587
896	1815
896	896
897	1092
897	3704
898	1541
898	898
899	1356
899	3869
90	2492
90	2546
90	621
90	90
900	2606
900	900
902	1108
902	1175
902	1424
902	1437
902	1655
902	1821
902	902
905	1009
905	1287
905	2820
905	905
905	968
91	471
91	91
913	1680
913	1980
913	2001
913	2630
913	2711
913	2955
913	3416
913	3497
913	913
914	1180
916	1267
916	3131
916	3744
919	3964
919	919
92	1018
92	1582
92	1973
92	361
92	565
92	92
924	2802
924	3328
925	1389
927	1259
929	1157
929	1622
930	1467
930	3976
930	930
930	947
931	1304
931	2212
931	931
933	2678
933	933
936	2122
936	3179
936	3393
937	2020
937	2900
937	937
939	1120
939	2208
939	2418
939	2483
939	3130
939	3655
939	939
94	94
940	1414
940	1542
940	1653
940	1712
940	1793
940	1824
940	2073
940	2752
940	2811
940	3597
940	3807
940	3866
940	940
942	2838
942	942
943	1937
946	946
947	1467
948	1357
948	1753
948	1757
948	2167
948	2199
948	2450
948	2746
948	2920
948	2968
948	3982
948	948
949	1543
949	2762
95	3565
95	3941
95	3955
95	95
951	1361
951	1449
951	1593
951	2209
951	2391
951	3928
951	3981
951	951
953	2007
953	2184
953	2235
953	2401
953	2529
953	3595
953	3696
953	953
954	2569
954	954
957	2388
957	2705
957	3423
957	3818
965	1411
965	1881
965	1948
965	2071
965	2208
965	3682
968	2820
972	972
973	3279
975	1472
975	2450
975	2928
975	975
978	2335
978	3781
978	978
98	98
980	1580
984	2214
985	1940
985	2527
985	985
986	2798
986	986
988	988
991	1583
991	2561
993	1390
993	2786
993	993
996	1318
996	1880
996	1918
996	2041
996	2113
996	2703
996	2762
996	3541
996	997
998	1586
998	1622
998	1728
998	1784
998	1933
