#Nodes	4000
#Edges	7899
0	2781
1	496
1	856
10	10
10	1080
10	11
10	1336
10	1373
10	141
10	1491
10	154
10	2047
10	2051
10	2096
10	220
10	2233
10	2493
10	2624
10	2709
10	2963
10	3165
10	3187
10	3359
10	349
10	3560
10	3676
10	3691
10	37
10	3847
10	3936
10	75
10	757
10	823
10	837
10	962
1000	1000
1000	1765
1003	1003
1003	1327
1004	1004
1004	1096
1005	1005
1005	1554
1005	2904
1006	1567
1007	1007
1007	1569
1007	1715
1007	2023
1007	2227
1007	2376
1007	2399
1007	2544
1007	2577
1007	2595
1007	2689
1007	3911
1008	1470
1008	1490
1008	1494
1008	2776
1008	3188
1009	2493
1010	3721
1011	1011
1011	2320
1011	2836
1013	1440
1014	1014
1014	1017
1015	2209
1015	2248
1015	3413
1018	1018
1018	1645
1018	1716
1018	2542
1018	2570
1018	3439
1018	3494
1020	1020
1020	1246
1020	2262
1020	2853
1020	2953
1021	1021
1021	1786
1021	3213
1022	2879
1022	2946
1022	3109
1022	3158
1022	3696
1022	3886
1022	3913
1023	1023
1023	1097
1023	1123
1023	3242
1023	3512
1026	1026
1026	2211
1026	3156
1029	1123
1029	1860
1029	3512
103	103
103	1191
103	1348
103	2116
103	2258
103	2593
103	3005
103	773
1030	1030
1030	2866
1031	1031
1031	1216
1031	2316
1031	2364
1032	1032
1032	1126
1032	1556
1032	2400
1033	1033
1033	1524
1033	3166
1033	3213
1036	1036
1036	1084
1036	1856
1037	1037
1037	1984
1037	2149
1037	2811
1037	3591
1038	1038
1038	1805
1039	2374
1039	3589
104	104
1041	1041
1041	2110
1041	3231
1041	3419
1041	3519
1041	3853
1042	1482
1043	1740
1043	3821
1046	1046
1046	1092
1046	1181
1046	1280
1046	1344
1046	1486
1046	1490
1046	1622
1046	2353
1046	2559
1046	2925
1046	2961
1046	2995
1046	2996
1046	3024
1046	3257
1046	3396
1046	3500
1046	3736
1046	3903
1047	2293
1048	1048
1048	2856
1048	2942
105	1190
105	1240
105	1732
105	2697
105	3678
105	423
105	431
105	915
1051	1051
1051	3364
1055	1055
1055	2476
1055	2521
1056	1056
1057	1057
1057	1171
1057	1414
1057	1626
1057	2071
1057	2383
1057	3651
1057	3776
1057	3881
1059	1059
1059	2083
1059	2197
1059	2664
106	106
106	1079
106	192
106	2235
106	225
106	2626
106	2710
106	3070
106	341
106	3491
106	356
106	3735
1060	1060
1060	1184
1060	1625
1060	1712
1060	1893
1060	2170
1060	2344
1060	2486
1060	2554
1060	2838
1060	3955
1063	2112
1063	3817
1064	1064
1064	2437
1064	3114
1067	1067
1067	1290
1067	1913
1067	2565
1067	2677
1068	1068
1069	1069
1069	2488
1069	2770
1069	3812
107	107
107	1497
107	2460
107	2861
107	2931
107	3221
107	369
107	3701
107	442
107	483
107	774
1070	1070
1070	1543
1070	1596
1070	1992
1070	2513
1070	2718
1073	1647
1073	3600
1074	1261
1074	1635
1075	1075
1075	1490
1075	1532
1075	2171
1075	2776
1075	3880
1077	1077
1077	1291
1077	1809
1077	2034
1077	2989
1077	3014
1078	1078
1078	1405
1078	2603
1079	1079
1079	2982
1079	3170
1079	3735
1079	3857
1079	3975
108	108
108	1361
108	1369
108	1655
108	2248
108	2481
108	3131
108	3387
108	3566
108	3735
108	3744
108	3874
108	3931
108	414
108	864
108	916
108	927
108	957
1080	1080
1080	1259
1080	1431
1080	2711
1080	2736
1080	2968
1080	3340
1080	3676
1081	1300
1081	1522
1081	3034
1081	3097
1081	3484
1083	1209
1083	1445
1083	2057
1083	2632
1083	3151
1085	1085
1085	1295
1085	1314
1085	1500
1085	2838
1085	3444
1085	3751
1085	3967
1086	1828
1087	1087
1087	1318
1088	2344
1088	3292
1089	2490
109	1588
1090	1617
1090	2312
1090	2429
1090	2510
1090	2995
1092	1092
1092	1180
1092	1565
1092	1698
1092	2353
1092	3736
1094	1094
1094	3450
1095	1095
1097	1123
1098	1098
1098	1596
1098	2303
1098	2468
1098	3034
1098	3466
1099	2468
1099	2770
1099	3037
1099	3406
1099	3504
11	11
11	1168
11	1336
11	1347
11	1795
11	1962
11	2233
11	2346
11	2493
11	2963
11	3253
11	3352
11	3536
11	3691
11	37
11	3745
11	3904
11	3936
11	678
11	802
11	807
11	837
11	985
110	110
110	3512
1101	3466
1102	3777
1103	1103
1104	1104
1104	2900
1104	3750
1105	1725
1106	3224
1108	1368
1108	1462
1108	2886
1108	2892
1108	3559
111	1689
111	2529
111	3881
1112	1112
1112	2034
1112	2309
1112	3811
1114	1114
1114	2325
1114	2821
1114	2973
1114	3583
1115	1115
1115	1359
1115	3195
1117	1117
1118	3426
112	1509
112	199
112	2961
112	345
112	3497
112	458
1121	1404
1121	2943
1123	1123
1123	1845
1123	3242
1123	3512
1124	1124
1124	1752
1124	1897
1124	2449
1124	3595
1126	2400
1129	3754
113	113
113	3344
1130	2802
1130	3209
1133	2122
1133	2298
1134	1134
1134	2827
1138	1138
1138	3991
114	114
114	1361
114	1830
114	193
114	292
114	622
1141	1141
1143	1143
1143	2772
1143	3749
1144	1144
1144	1490
1144	1956
1144	2776
1145	2974
1146	1146
1146	1294
1146	2185
1146	2690
1148	1148
1148	1341
1148	1468
1148	1732
1148	1773
1148	2298
1148	3481
1148	3741
1148	3853
115	1394
115	1690
1150	2330
1150	2755
1151	2375
1153	1153
1155	1155
1155	1371
1155	1457
1155	1628
1155	1992
1155	2020
1155	2695
1155	2834
1155	3157
1155	3403
1159	1159
116	2639
1161	1161
1161	3851
1162	1162
1163	1819
1163	2514
1163	2809
1163	3624
1165	1165
1167	1167
1167	1174
1167	2134
1167	2642
1168	1168
1168	1969
1168	3250
1168	3745
1171	1171
1171	1626
1171	1856
1171	1893
1171	3276
1171	3779
1172	1172
1172	1712
1172	2885
1172	3699
1173	1173
1174	1174
1174	1302
1176	1176
1177	1177
1178	1178
1178	1533
1178	1914
1178	2049
1178	2273
1178	2304
1178	3024
1178	3430
1178	3483
1178	3884
1178	3923
1178	3958
1179	3140
1181	1181
1181	1280
1181	3203
1181	3903
1182	2648
1183	1183
1183	3673
1184	1184
1184	1430
1184	3372
1184	3912
1185	2823
1187	1187
1187	1269
1187	2701
1187	3877
1188	1188
1188	3994
1189	1361
1189	1369
1189	1680
1189	1689
1189	2449
1189	3213
1190	1190
1190	1338
1190	1341
1190	1468
1190	1773
1190	1814
1190	1924
1190	2122
1190	2298
1190	2403
1190	2632
1190	3015
1190	3279
1190	3899
1191	1191
1191	1558
1191	1979
1192	2895
1193	2712
1193	2776
1193	2921
1194	1194
1194	1261
1194	1514
1194	1956
1194	2661
1194	3697
1196	1196
1196	1369
1196	2388
1196	3189
1198	1765
1198	1935
1199	2144
1199	3095
12	12
12	233
12	2578
12	3777
12	3904
12	719
12	952
120	120
120	1307
120	1341
120	1482
120	1600
120	1677
120	1932
120	2221
120	3068
120	3103
120	3253
120	3370
120	3561
120	855
1201	1201
1202	3879
1203	1450
1203	1810
1203	2391
1204	1204
1204	2325
1204	2821
1205	1205
1205	1231
1205	1729
1205	2611
1205	2716
1205	3588
1207	1207
1207	3497
1207	3936
1208	1208
1208	2518
1208	3657
1209	1209
1209	3151
121	121
1212	2640
1212	2708
1212	3762
1214	3484
1217	1348
1217	2630
1217	2675
1217	3348
1217	3380
1217	3891
1217	3897
1218	1218
1219	1219
122	1232
122	237
1220	2205
1221	1221
1221	2938
1223	1223
1223	1250
1223	3644
1223	3654
1225	1225
1225	2192
1226	1226
1226	2736
1226	3616
1226	3915
1228	1228
1229	1821
1229	2781
123	1019
123	1072
123	123
123	2871
123	3827
123	913
1230	1811
1231	1231
1232	1591
1233	1233
1236	1948
1236	3174
1236	3462
1237	1237
1237	2663
1237	3929
1238	1238
1238	1316
1238	1826
1239	1239
1239	3825
124	1079
124	1193
124	124
124	1731
124	2229
124	225
124	2529
124	3470
124	3532
124	3650
124	3667
124	3696
124	3735
124	3838
124	3928
124	403
124	713
1240	3975
1241	1305
1241	2538
1242	2161
1243	1243
1243	3931
1244	2586
1245	1245
1245	1455
1246	2262
1246	2953
1248	1248
1248	1486
1248	2292
1248	3361
1248	3769
1248	3870
1249	1249
1249	1798
125	125
125	1411
125	1606
125	1848
125	3120
125	3194
1250	1289
1250	1785
1250	3644
1252	1743
1253	1369
1253	2647
1253	3634
1254	2525
1254	3232
1255	1570
1255	3925
1256	2529
1256	3735
1257	1375
1258	3412
126	2645
126	2880
126	2992
126	3007
126	3417
126	392
126	484
126	626
1261	1514
1261	2957
1263	1969
1263	2026
1264	3188
1267	1267
1268	1268
1268	2829
1269	1269
1269	3877
127	1435
127	2675
1271	1271
1271	2540
1271	2601
1271	2668
1271	3517
1271	3878
1272	2649
1272	3170
1273	2473
1273	2541
1273	2560
1274	1274
1274	1500
1274	3389
1274	3947
1277	1277
1277	1304
1277	2413
1277	2623
1278	1934
1278	1972
1278	2220
1278	2916
1278	3728
1279	3166
1280	1667
1280	2622
1280	2630
1280	2890
1281	1281
1281	2635
1281	3686
1283	1341
1283	2057
1283	3435
1284	1284
1284	2130
1284	2506
1284	2592
1284	2830
1284	3100
1287	1287
1289	1289
1289	2413
1289	3558
1289	3644
1289	3975
129	2278
129	3990
129	756
129	810
1290	1290
1290	2565
1290	2677
1291	1809
1292	1379
1292	1704
1292	2013
1292	3918
1293	1293
1293	1356
1294	2185
1295	1295
1295	1362
1295	1795
1296	2423
1298	1298
1298	1600
13	13
13	1936
13	1999
13	2393
1300	1522
1300	1815
1301	1301
1302	1302
1303	3547
1304	1304
1304	2541
1304	3196
1304	3226
1304	3642
1305	1305
1305	1341
1305	1888
1305	2185
1305	2306
1305	2538
1305	3121
1305	3270
1305	3974
1306	1306
1306	1455
1306	1770
1306	2110
1306	2327
1306	2777
1306	2803
1306	3325
1306	3418
1306	3889
1307	1680
1307	2353
1307	3118
1308	1308
1308	1537
1308	1676
1308	2620
1309	1309
131	1118
131	131
131	1483
131	1505
131	3528
131	366
1310	1310
1310	1893
1311	3993
1312	3051
1313	1313
1314	1314
1314	1502
1314	1662
1314	2500
1314	3024
1315	1315
1315	3985
1316	1826
1319	2045
1319	2250
1319	3677
1320	1320
1320	2949
1321	3939
1322	2690
1325	1325
1325	2355
1325	2882
1326	1326
1326	1860
1326	2617
1327	2274
133	1046
133	1048
133	133
133	1342
133	1809
133	1872
133	1943
133	2604
133	2765
133	3004
133	3815
133	3976
133	685
133	930
1331	2283
1332	1332
1332	1828
1333	1712
1333	2554
1334	1412
1334	3904
1335	1335
1335	2134
1335	2642
1338	2057
1339	1339
1339	1727
1339	2364
134	134
134	2061
134	3587
134	3714
1341	1341
1341	1468
1341	1646
1341	1742
1341	2057
1341	2377
1341	2403
1341	2654
1341	2933
1341	3015
1341	3151
1341	3435
1341	3680
1341	3853
1343	1441
1343	1525
1343	1565
1343	1775
1343	2080
1343	3527
1344	1344
1344	2054
1344	2141
1344	2294
1344	2363
1344	2449
1344	2530
1344	2630
1344	2996
1344	3257
1344	3571
1344	3790
1345	1345
1346	3965
1347	1347
1347	1581
1347	2493
1348	1348
1348	1491
1348	1596
1348	1935
1348	3750
1348	3891
1349	1349
1349	3361
1349	3657
1349	3842
135	1944
1351	1351
1351	1412
1351	2066
1351	3299
1352	1352
1352	1564
1353	1353
1353	2250
1353	3677
1354	2979
1355	2223
1355	3504
1357	1757
1357	1845
1357	2092
1357	3446
1357	3512
1357	3582
1359	3195
1359	3625
1360	1360
1360	2029
1360	2184
1360	2678
1360	3070
1360	3494
1361	1361
1361	1368
1361	1565
1361	2435
1361	2790
1361	2892
1361	3344
1361	3881
1365	1365
1365	1388
1365	2145
1365	3212
1365	3320
1367	1367
1367	2239
1368	1368
1368	1561
1368	1628
1368	2373
1368	2892
1368	3257
1369	1369
1369	1680
1369	2248
1369	2341
1369	3367
137	137
137	1912
137	2174
1372	1372
1372	1883
1373	1373
1373	2532
1373	2624
1374	1876
1374	2376
1375	1444
1375	2004
1375	3764
1375	3783
1376	1376
1376	3159
1377	1377
1377	2729
1379	2013
1380	2364
1380	3084
1380	3398
1380	3566
1381	1381
1381	2129
1383	1383
1385	1385
1385	1683
1385	3308
1386	1386
1386	2318
1386	3105
1386	3613
1386	3679
1389	1389
1389	3462
1389	3566
1389	3595
139	2843
1390	2543
1391	1391
1392	1392
1393	3032
1393	3249
1394	1394
1394	1650
1394	1690
1394	2184
1394	2262
1395	1395
1396	2148
1397	1397
1397	1601
1397	3089
1397	3460
1397	3557
1397	3688
1398	1466
1398	2424
1399	1399
140	1191
140	140
140	166
140	191
140	2015
140	2456
140	2557
140	3101
140	3147
140	463
140	761
1400	1400
1401	1401
1401	2871
1401	2893
1401	3257
1402	3593
1402	3769
1403	1670
1403	2887
1404	1404
1404	1450
1404	2117
1404	3015
1406	2959
1407	2124
1409	3400
141	1080
141	1343
141	141
141	3676
141	927
1410	1611
1410	2427
1410	3269
1411	1411
1411	3226
1411	3908
1412	1412
1412	1968
1412	2317
1412	2548
1412	2578
1412	3065
1412	3168
1412	3527
1412	3713
1412	3904
1414	1569
1414	2071
1414	2550
1414	3022
1415	1415
1418	1418
1418	1579
1418	2917
1419	2314
1420	1420
1421	3723
1423	1423
1424	1424
1424	1437
1424	2558
1424	2926
1425	1425
1425	1804
1425	2452
1425	2547
1425	2897
1425	3043
1426	1426
1426	1749
1426	2848
1426	3504
1426	3728
1426	3817
1428	2036
1429	1429
143	1037
143	143
143	198
143	2700
143	362
143	728
1430	1430
1430	1471
1430	3511
1431	1431
1431	1886
1431	1953
1431	2381
1431	2688
1431	3407
1432	1800
1432	2206
1432	3155
1433	2412
1434	3384
1435	1435
1435	3479
1436	1436
1436	3326
1436	3527
1436	3736
1437	2926
1438	1519
1438	1596
1438	2415
1438	2824
1438	2980
1438	3750
1439	2555
144	1365
144	144
144	2372
144	2502
144	2616
144	3329
144	758
1441	1441
1441	1565
1441	3480
1443	1443
1444	1444
1444	1908
1444	2004
1444	3360
1445	1646
1445	3680
1446	1446
1447	1447
1447	3039
1447	3408
1449	1449
1449	1769
1449	2184
1449	3484
145	1214
145	1309
145	145
1450	1450
1450	1666
1450	2084
1450	2553
1450	3042
1450	3388
1451	3234
1452	1743
1452	2666
1454	1973
1454	2179
1454	2776
1454	3006
1454	3504
1454	3948
1455	1770
1457	1457
1457	1522
1457	1610
1457	1717
1457	1833
1457	1913
1457	1991
1457	2123
1457	2678
1457	2718
1457	2780
1457	3305
1457	3499
146	3236
146	3929
146	849
1460	3121
1463	2196
1463	2411
1464	1464
1464	2869
1466	1466
1466	2424
1466	2885
1466	3232
1466	3654
1468	1468
1468	1732
1468	1773
1468	1814
1468	2122
1468	2403
1468	2632
1468	3466
1468	3741
1469	2795
147	1000
147	1198
147	147
147	1515
147	1724
147	1765
147	1833
147	1935
147	2258
147	2691
147	2793
147	2806
147	3110
147	3380
147	3750
147	3798
147	3978
147	402
147	535
147	772
1470	1470
1470	1490
1470	1494
1470	2607
1471	1471
1471	2407
1471	2927
1471	3511
1472	1472
1472	2570
1472	3316
1472	3443
1472	3585
1476	1882
1476	2130
1476	3598
1477	1477
1477	2513
1477	2518
1479	2951
148	148
148	151
148	2020
148	3033
148	902
1482	1482
1482	1667
1482	1796
1482	2234
1482	3561
1483	3971
1484	1484
1484	3178
1484	3589
1484	3875
1485	2900
1485	3380
1486	1486
1486	1767
1486	2848
1486	3508
1486	3870
1487	1487
1488	1488
1489	2248
1489	3941
149	2164
149	674
1490	1490
1490	1494
1490	1497
1490	1973
1490	2090
1490	2093
1490	2757
1490	2776
1490	2878
1490	2971
1490	3033
1490	3157
1490	3546
1490	3854
1491	1491
1491	3380
1493	1493
1493	2870
1494	2208
1494	2971
1495	1495
1495	2332
1495	3198
1496	1496
1496	1524
1496	2138
1496	2681
1497	1497
1497	2482
1497	2536
1497	2776
1498	1498
1498	2923
150	3846
1500	1500
1500	1975
1500	2259
1500	3389
1500	3947
1502	1502
1503	1503
1503	3425
1504	1504
1506	1506
1508	1508
1509	1789
1509	2415
151	1370
151	151
151	167
151	2781
151	3805
1510	1510
1510	2943
1510	3783
1510	3930
1511	2266
1511	3217
1512	3654
1514	2661
1515	1515
1515	1935
1515	2258
1515	3380
1515	3798
1515	3891
1515	3959
1516	2486
1516	3500
1516	3605
1517	1517
1518	1518
1519	1519
1519	1810
1519	2415
1519	2956
1519	3494
1522	1522
1522	1761
1522	1815
1522	1886
1522	2381
1522	2688
1522	3051
1522	3097
1522	3920
1523	1523
1523	2218
1523	2500
1523	2540
1523	3872
1524	1524
1524	2041
1524	2681
1525	1525
1528	2620
1529	1823
1529	2784
153	332
153	3621
153	3738
153	540
153	770
153	945
153	969
1536	1622
1536	1712
1537	2438
1538	2193
154	154
154	216
154	3626
154	3862
154	776
1540	1540
1540	2467
1540	2579
1540	2726
1540	2837
1540	3125
1540	3332
1540	3613
1541	1541
1541	1664
1541	1782
1541	1966
1541	2345
1541	3240
1541	3531
1541	3695
1543	1543
1543	1654
1543	1824
1543	2155
1543	2302
1543	2333
1543	2486
1543	3423
1543	3835
1543	3918
1545	1545
1545	3306
1548	1548
1548	3581
1549	1549
1549	3136
1549	3531
1549	3657
155	1055
155	1079
155	1090
155	1264
155	155
155	1617
155	1662
155	193
155	1995
155	2521
155	2576
155	266
155	2736
155	2886
155	2975
155	2982
155	3024
155	3031
155	3137
155	3188
155	3571
155	3644
155	3742
155	3761
155	3857
155	3860
155	3870
155	3975
155	842
1552	1552
1552	3630
1554	1554
1554	1795
1554	1893
1554	2325
1554	2445
1554	2522
1554	2767
1554	2821
1554	2973
1554	3088
1554	3243
1557	1557
1558	2806
1558	3034
1559	2588
1559	2771
1559	3464
156	2302
156	2533
156	296
156	3321
1562	1562
1562	2055
1562	2119
1562	2218
1562	2248
1563	2516
1564	1564
1565	1565
1565	1811
1565	2080
1565	3662
1565	3704
1566	3235
1567	1567
1567	2191
1567	2830
1569	1569
1569	1693
1569	2071
1571	1571
1571	1886
1571	2683
1571	2995
1571	3385
1571	3728
1572	1572
1572	2037
1572	2405
1572	2545
1574	1574
1575	1743
1576	1576
1576	1980
1576	2227
1576	2372
1576	3143
1576	3451
1576	3792
1576	3923
1577	1577
1577	2353
1577	2820
1578	1875
1578	2055
1578	3520
1578	3953
1579	1579
1579	1772
1579	2092
1579	2917
1579	3582
1579	3716
158	1410
158	1496
158	158
158	1815
158	2138
158	2427
158	2681
158	3236
158	444
158	515
158	562
158	797
158	849
158	854
1580	2975
1581	1886
1581	3497
1581	3731
1581	3865
1583	1583
1583	2216
1583	3869
1584	1584
1584	1804
1584	3144
1585	3686
1586	1586
1586	2559
1587	1587
1588	1588
1588	1709
1588	1757
1588	2015
1588	2458
1588	3101
1589	2402
1589	3114
1589	3243
1590	2052
1590	3213
1591	1792
1591	3234
1591	3964
1592	1592
1592	2701
1592	3268
1592	3662
1596	1716
1596	1805
1596	2303
1596	2718
1596	3034
1596	3750
1596	3768
1597	1597
1597	2196
1597	2625
1597	3011
1597	3606
1599	1599
1599	1834
1599	2729
16	1145
16	16
16	196
16	2974
16	758
1600	1600
1600	3214
1601	1601
1601	1788
1601	2370
1601	3070
1601	3458
1602	3206
1603	1603
1605	1947
1605	3979
1606	1606
1607	1958
1608	1608
1608	1893
1608	2033
1608	2238
1608	2310
1608	2514
1608	2620
1608	2661
1608	2805
1608	2995
1608	3156
1608	3697
1608	3832
1609	2346
1609	2528
1610	1610
1610	1717
1610	1865
1610	1991
1610	2367
1610	2528
1610	2776
1610	2826
1610	3157
1610	3322
1610	3335
1610	3484
1610	3521
1610	3784
1610	3817
1610	3891
1611	1611
1612	1612
1612	2736
1612	2834
1612	3122
1613	1613
1613	1697
1613	3817
1616	1616
1616	2020
1616	2113
1616	3278
1616	3349
1616	3368
1616	3753
1619	1619
162	1046
162	162
162	1856
162	419
1620	2456
1621	2510
1621	2927
1621	3523
1622	1622
1622	1679
1622	1728
1622	1933
1622	2150
1622	2227
1622	2454
1622	2467
1622	3188
1622	3709
1622	3729
1622	3956
1622	3988
1623	1623
1624	1624
1624	2607
1625	1625
1625	1772
1625	1998
1625	2822
1625	3445
1626	1626
1626	2071
1626	2603
1628	1628
1628	1992
1628	3600
1628	3828
1629	1629
1630	1630
1630	1971
1630	3126
1631	1631
1631	3567
1632	1829
1633	1633
1633	3001
1634	1903
1634	2018
1634	2167
1634	2221
1634	2466
1634	2500
1634	2921
1634	3701
1635	1635
1635	2518
1635	2563
1635	2632
1636	1916
1636	2492
1636	2611
1637	1637
1637	2768
1639	3832
164	1357
164	1500
164	1588
164	164
164	1753
164	1757
164	1975
164	2015
164	2083
164	2171
164	2196
164	2458
164	2664
164	2774
164	2859
164	3087
164	3101
164	3188
164	3389
164	502
164	721
164	836
1640	1729
1640	2716
1642	1642
1642	3354
1643	1700
1644	1644
1645	1645
1646	2437
1646	3853
1648	1648
1648	2901
1648	3872
1649	1649
165	1481
165	1580
165	165
165	1821
165	2779
165	809
165	841
1651	2662
1652	3353
1653	1653
1653	2603
1654	1654
1654	1880
1654	2302
1654	2891
1654	3189
1654	3423
1655	1655
1655	1764
1655	3033
1655	3245
1655	3343
1657	1657
1658	1658
1658	1821
1658	1880
1658	2438
1658	2660
1658	3327
1659	1659
1659	2614
1659	2961
166	1624
166	166
166	2043
166	2163
166	321
1661	1661
1662	3872
1664	3530
1664	3932
1665	2111
1665	2333
1665	2763
1665	3003
1665	3047
1665	3058
1666	3042
1668	2596
1668	3218
1668	3712
167	167
167	2504
167	3023
167	3486
167	3536
167	997
1670	1839
1670	2144
1670	2887
1673	2776
1674	2126
1675	2449
1676	1676
1676	2259
1676	2486
1676	2995
1677	1677
1677	2573
1677	3635
1677	3732
1678	1678
1678	1886
1678	2381
1678	2688
1678	3532
1679	3988
168	168
168	3297
168	3964
1680	1680
1680	1815
1680	1893
1680	2213
1680	2330
1680	2415
1680	2449
1680	2523
1680	2755
1680	2892
1680	3023
1680	3360
1680	3367
1680	3571
1681	1681
1681	1985
1682	1682
1682	3018
1685	1685
1685	2628
1685	3855
1685	3893
1686	1686
1686	1716
1686	1742
1686	1851
1686	2062
1686	3536
1686	3549
1687	1752
1687	2449
1689	2871
1689	2899
1689	3392
169	1540
169	3613
1691	1691
1691	2927
1695	1695
1695	2344
1698	2353
1698	2616
17	1223
17	3654
17	375
17	722
170	1491
170	170
170	1940
170	1987
170	226
170	2323
170	2476
170	281
170	397
170	681
1701	1975
1706	1706
1706	2132
1706	2167
1706	2221
1706	3860
1706	3985
1708	1708
1709	1757
1709	2458
1709	3205
171	1007
171	1442
171	1560
171	171
171	2023
171	2227
171	2229
171	2425
171	2439
171	266
171	280
171	2908
171	682
1710	1948
1710	3285
1712	1712
1712	1893
1712	2486
1712	2554
1712	3154
1713	1713
1713	2661
1713	3439
1714	2671
1715	2628
1715	3437
1716	1716
1716	1918
1716	2156
1716	2306
1716	2415
1716	2422
1716	2542
1716	2690
1716	2824
1716	2884
1716	3383
1716	3541
1716	3549
1716	3634
1716	3710
1719	1719
1719	2775
172	1680
172	172
172	2054
172	2300
172	2416
172	2454
172	2531
172	2726
172	2924
172	456
172	512
172	746
1720	1720
1722	2344
1723	1723
1723	2842
1723	2981
1723	3821
1724	1724
1724	2990
1725	1916
1725	2409
1725	2611
1727	1727
1727	2364
1729	1729
1729	1872
1729	1916
1729	2611
1729	2716
1729	3471
1729	3776
173	173
173	2509
173	3961
173	866
1730	1730
1734	1734
1734	1748
1734	2616
1736	3234
1740	1852
1740	2998
1742	2057
1742	2632
1742	3064
1742	3519
1743	1743
1743	3357
1744	1980
1744	2330
1744	2634
1746	2808
1746	2829
1746	2882
1746	3158
1746	3172
1746	3222
1746	3696
1746	3823
1747	2669
1747	2978
1749	3103
175	175
175	1810
175	2198
175	2790
175	2962
175	3454
175	569
175	629
1751	1751
1751	2968
1752	1987
1752	1992
1753	1757
1754	1754
1754	1821
1754	2369
1754	3302
1755	1755
1755	2108
1755	3504
1757	1757
1757	1845
1757	2458
1757	2859
1757	3446
1757	3512
1757	3535
1757	3582
1759	1759
1759	3856
1760	1760
1760	2836
1761	2718
1762	1762
1762	1906
1763	1763
1763	2476
1764	3245
1765	1765
1765	1935
1765	2653
1765	2900
1765	3110
1765	3380
1765	3798
1767	1767
1769	3484
1769	3667
177	1463
177	177
177	2411
177	2946
177	3109
177	3158
177	3696
1770	1770
1771	1771
1771	1948
1771	2150
1771	2262
1771	2439
1771	3386
1771	3437
1772	2822
1773	2074
1773	2533
1774	1774
1774	3516
1775	1775
178	1759
178	178
1780	1780
1780	2015
1780	3101
1781	1781
1782	1934
1783	1783
1783	2139
1785	3644
1788	2370
1789	3497
179	1344
179	1586
179	179
179	2141
179	2150
179	2175
179	2235
179	2330
179	2363
179	2449
179	2530
179	2559
179	2743
179	2755
179	2846
179	2885
179	2961
179	3188
179	3257
179	328
179	356
179	3805
179	3813
179	384
179	552
179	729
179	859
1790	1790
1792	1792
1792	1833
1792	2415
1792	3763
1792	3781
1794	1794
1795	1795
1795	2113
1795	2445
1795	2532
1795	2753
1796	1796
1796	2429
1796	2486
1796	2701
1796	3244
1798	1839
1798	3012
180	1284
180	180
180	1973
180	2842
1800	2206
1801	1801
1801	3590
1802	2517
1803	1803
1803	2075
1803	3391
1804	2633
1804	3043
1804	3553
1805	3891
1806	1806
1806	3744
1806	3985
1807	1807
1807	2020
1807	3034
1808	1808
1808	2007
1808	3109
1808	3696
1809	1809
1809	1872
1809	2034
1809	2604
1809	2611
1810	1810
1810	2628
1810	2681
1810	2790
1810	3232
1810	3534
1810	3878
1811	2330
1811	3708
1814	2298
1815	1886
1815	2381
1815	2688
1815	3213
1816	1816
1816	3839
1819	1819
1819	2019
1819	2597
1819	3212
1819	3624
182	1471
182	1634
182	1748
182	182
182	2407
182	2466
182	2688
182	763
1821	1821
1821	3722
1821	3964
1822	1822
1822	2151
1822	3238
1822	3770
1824	1824
1824	2072
1824	2679
1824	2762
1825	1825
1825	2946
1825	3542
1827	1827
1827	1921
1827	1956
1827	2356
1827	2857
1827	2860
183	1696
183	3006
1830	3845
1830	3904
1832	1832
1832	2217
1833	1833
1833	2762
1833	3515
1833	3750
1837	1837
1837	2926
1837	3331
1838	1838
1838	1853
1839	1839
1839	2887
1839	3860
184	1796
184	184
184	2580
184	352
184	550
1842	2202
1843	1843
1843	3954
1844	1844
1844	3282
1845	3512
1846	1846
1848	3759
1848	3863
1849	3662
1849	3704
185	2351
185	331
1851	1851
1851	2289
1852	2208
1852	2971
1852	3130
1852	3615
1852	3648
1852	3999
1853	1853
1854	1854
1856	1856
1856	1899
1856	2253
1856	2276
1856	2767
1856	2999
1856	3372
1856	3832
1856	3890
1857	1857
1860	2617
1860	3512
1862	1862
1862	2443
1866	1866
1866	2497
1866	3030
1868	1868
1868	2419
1868	2497
1868	3192
1868	3463
1871	3878
1872	1872
1872	2499
1872	2611
1873	1979
1874	2424
1874	2602
1874	3118
1875	2055
1875	3520
1876	1876
1879	1880
1879	1950
1879	2353
188	188
188	2827
188	3085
1880	1880
1880	1994
1880	2113
1880	2302
1880	2438
1880	3278
1880	3327
1880	3423
1880	3941
1881	1881
1881	3558
1881	3889
1884	1884
1884	1939
1886	2381
1886	2688
1886	3097
1886	3214
1886	3307
1886	3354
1886	3954
1887	1887
1888	2475
1890	2806
1892	2507
1893	1893
1893	2485
1893	2486
1893	2497
1893	2622
1895	2785
1895	3244
1898	1898
19	19
19	2435
19	2585
19	2739
19	3513
19	505
190	1557
190	954
1901	1971
1901	2678
1901	3532
1903	1903
1903	2018
1903	3222
1905	2272
1906	1935
1908	2004
191	1494
191	1852
191	191
191	2130
191	2208
191	2361
191	2365
191	2483
191	280
191	2971
191	3130
191	3615
191	3655
191	3752
191	3753
191	739
191	796
191	939
1912	1912
1914	1914
1914	3651
1914	3881
1916	2611
1917	1917
1917	2208
1917	3428
1918	3710
1919	2486
1919	3932
192	1390
192	1848
192	1880
192	192
192	2337
192	3593
1924	1924
1924	2632
1924	2970
1924	3899
1929	3791
193	193
193	2177
193	242
193	299
193	679
1931	1931
1931	2112
1931	3822
1932	3253
1933	1933
1933	3817
1934	1934
1934	2995
1934	3342
1934	3728
1935	1935
1935	2653
1935	2691
1935	3380
1935	3798
1935	3891
1936	1936
1936	2393
1939	1939
1939	2346
1939	2493
1939	3231
1939	3691
194	1475
194	194
194	2020
194	2302
194	2376
194	2891
194	2934
194	3128
194	3423
194	3771
194	3949
194	879
1943	1943
1943	2765
1943	3004
1943	3976
1944	2011
1945	1945
1948	1948
1948	2007
1948	2416
1948	2515
1948	2585
1948	2636
1948	2756
1948	3285
1948	3462
1948	3471
1948	3513
1949	2047
1950	3159
1950	3398
1951	2558
1952	3166
1955	1955
1955	3468
1956	1956
1956	2857
1957	2807
1958	1958
1959	1959
1959	3480
1959	3580
196	1145
196	196
196	2964
1960	1960
1960	2147
1963	1963
1963	3724
1963	3884
1964	3967
1966	1966
1966	3178
1966	3869
1967	1967
1967	2315
1967	2913
1967	3479
1968	1968
1968	3527
1968	3579
1969	2021
1969	2026
197	197
197	2725
1971	3126
1971	3475
1972	1972
1972	2790
1972	3073
1972	3454
1972	3728
1973	1973
1973	1993
1973	2015
1973	2776
1973	3226
1973	3948
1974	3418
1975	2259
1975	2413
1978	2555
1978	3558
1979	1979
1979	2020
1979	2079
1979	2159
1979	2574
1979	2675
198	1037
198	198
198	1984
198	2149
198	3341
198	978
198	999
1980	1980
1980	2634
1980	2874
1980	3281
1980	3350
1980	3491
1980	3602
1980	3824
1980	3923
1980	3938
1983	1983
1984	2149
199	199
199	3350
199	3376
199	3403
199	3484
199	458
199	760
1991	1991
1991	3258
1991	3305
1992	2369
1992	2513
1993	1993
1993	2271
1994	2653
1995	2424
1995	2668
1995	3166
1995	3592
1995	3761
1997	2871
1998	1998
1998	3445
1999	1999
1999	2775
1999	3981
20	1092
20	20
20	2759
20	2765
200	1257
200	1995
200	2242
200	266
200	3744
2002	2002
2003	2057
2004	2113
2007	2007
2007	2200
2007	2585
2007	2756
2007	2767
2008	2008
2008	2638
2009	3002
2009	3283
201	201
201	3952
2010	2010
2010	2011
2012	2432
2015	3101
2016	2016
2017	2017
2017	2499
2017	3784
2019	2762
2020	2020
2020	2302
2020	2582
2020	2891
2020	3051
2020	3128
2021	2021
2021	2369
2022	2022
2023	2023
2023	2176
2023	2229
2026	2026
2028	2028
2028	2877
2029	2029
2029	2184
2029	3318
2029	3470
2029	3715
2029	3838
203	1504
203	1856
203	1878
203	203
203	2276
203	2745
203	2838
203	3028
203	3890
203	3951
2030	2030
2030	3312
2031	2031
2031	2434
2031	2476
2031	3391
2031	3882
2034	2034
2035	2035
2037	2037
2037	2405
2037	2545
2039	2039
2039	2904
2039	2999
2039	3431
204	2112
204	3726
2048	2302
2049	3430
205	1261
205	2661
205	3635
205	3697
205	3732
205	380
205	686
2051	2927
2051	3187
2051	3396
2051	3602
2051	3870
2053	2544
2053	2577
2053	3771
2054	2054
2054	2150
2054	2235
2054	2248
2054	2363
2054	2369
2054	2991
2054	3009
2054	3184
2054	3257
2054	3501
2055	2087
2055	3953
2057	2057
2057	2632
2057	2712
2057	3015
2057	3023
2057	3064
2057	3435
2057	3680
2059	2059
2059	2825
206	1227
206	206
2060	2060
2060	2097
2060	2162
2060	2729
2060	2929
2060	3034
2060	3214
2063	3225
2064	3504
2066	2066
2067	2067
2067	2993
2068	2068
2068	2099
2068	3485
2069	3205
207	1098
207	1595
207	2468
207	2792
207	943
2071	3263
2071	3576
2071	3651
2073	2385
2073	2752
2073	3321
2074	2074
2074	3741
2075	2075
2075	3070
2079	2079
2079	2303
2079	2574
208	208
2080	2080
2080	2680
2081	2081
2082	2082
2083	2664
2084	2084
2084	2739
2086	2086
2087	2087
2087	2871
2087	3529
2087	3953
2090	2090
2090	2093
2091	2091
2091	2255
2091	3297
2091	3754
2092	2092
2092	3070
2092	3284
2092	3582
2096	2096
2096	2174
2096	3560
2097	2929
2098	2098
2098	2233
2098	3408
2099	3485
21	1143
21	1490
21	1785
21	1848
21	1955
21	21
21	217
21	2575
21	2600
21	2769
21	2772
21	2885
21	313
21	3188
21	3229
21	3387
21	3468
21	3644
21	3863
21	452
21	513
21	758
21	885
2100	2100
2101	2216
2101	3481
2102	2102
2104	2244
2104	3060
2104	3593
2104	3941
2106	2386
2107	2961
2108	2108
2108	3428
2108	3482
2108	3504
2109	2109
2110	2110
2110	2803
2110	2895
2110	2935
2110	3215
2110	3270
2110	3889
2111	2204
2112	2112
2112	3293
2112	3726
2113	2113
2113	2164
2113	2359
2113	2410
2113	2415
2113	2601
2113	2676
2113	2681
2113	2995
2113	3278
2113	3338
2113	3377
2113	3499
2113	3750
2113	3941
2115	2115
2115	2536
2116	2116
2116	2593
2116	3005
2119	2353
2119	2701
212	1038
212	1805
212	2011
212	212
212	3086
212	3241
212	3305
212	3380
212	365
212	3959
212	535
212	772
2120	2788
2121	2121
2124	2124
2127	2127
2127	2502
2128	2128
2128	3146
213	213
213	3276
2130	2130
2130	2208
2130	2757
2130	2971
2130	3130
2130	3219
2130	3411
2130	3615
2131	3843
2131	3904
2132	2132
2132	2497
2132	3871
2133	2646
2135	2135
2136	2432
2138	2681
2141	2530
2141	3257
2141	3805
2142	3183
2143	2845
2144	2856
2144	2887
2144	3095
2145	2145
2149	2149
2149	3591
215	3184
2150	2150
2150	2227
2150	2330
2150	2449
2150	2530
2150	3392
2150	3813
2151	3238
2155	2573
2156	2156
2156	2415
2156	2542
2156	2633
2156	3019
2156	3034
2159	2159
2159	2544
216	1347
216	216
216	2369
216	2968
216	3062
2162	2162
2162	2736
2162	3214
2163	2163
2164	2676
2164	3234
2167	2221
2168	2168
2168	3049
217	1143
217	1462
217	217
217	3559
2170	2170
2170	2220
2170	3104
2172	2172
2173	2413
2174	3257
2176	2176
2178	2995
2178	3285
2179	2850
2179	2909
218	1852
218	3999
2180	3662
2180	3968
2182	2182
2182	2437
2183	3300
2184	2184
2186	2674
2186	2698
2186	2910
2186	2939
2187	2187
2187	2444
2188	2188
2189	2189
219	1022
219	219
219	2611
219	3109
219	3158
219	3696
2191	2830
2194	2194
2195	2904
2195	2999
2195	3986
2196	2411
2196	2625
2196	2774
2197	2664
220	1141
220	1431
220	2026
220	220
220	2278
220	242
220	2728
220	3165
220	3904
220	413
220	776
220	823
2203	2203
2204	2204
2204	3504
2205	2205
2205	2711
2205	2736
2206	3155
2208	2971
2208	3130
2208	3615
2208	3648
2209	2209
2209	2248
2209	2257
2209	3657
2211	2211
2211	2253
2211	3156
2215	2215
2215	3566
2216	2216
2216	2245
2216	2309
2216	3481
2216	3621
2217	2217
2218	2218
2218	2242
2218	2668
2218	3872
2219	2219
222	237
2220	2220
2220	3196
2220	3728
2221	2776
2221	3635
2222	2928
2223	2223
2226	2226
2226	3199
2226	3773
2227	2227
2227	2262
2227	2391
2227	2439
2227	2577
2227	2595
2227	3232
2227	3391
2227	3451
2227	3532
2227	3709
2227	3772
2227	3879
2229	2229
2229	2425
2229	2439
2229	2935
2229	3158
2229	3386
2229	3462
2229	3532
2229	3650
2229	3667
2229	3674
2229	3696
2229	3928
223	3372
2231	2231
2232	2330
2232	2559
2234	3245
2235	3206
2235	3515
2235	3952
2237	2237
2237	2687
2237	3426
2237	3429
2239	2239
224	1905
224	2272
2240	2842
2240	3007
2240	3417
2241	2241
2244	3660
2245	2245
2246	2724
2246	2863
2247	2250
2248	2248
2248	2257
2248	2353
2248	2991
2248	3152
2248	3166
2248	3213
2248	3657
2248	3696
2249	3558
225	1193
225	1289
225	1562
225	1659
225	1875
225	2055
225	2087
225	2119
225	2218
225	225
225	2413
225	2653
225	273
225	2961
225	3874
225	3953
225	927
2250	2250
2250	3294
2250	3677
2252	2252
2252	3564
2254	2254
2254	3569
2257	3881
2259	2486
2259	2706
226	1070
226	1596
226	226
226	3065
226	3299
226	400
2260	2289
2261	2261
2262	2262
2262	2853
2262	2953
2265	2705
2265	2795
2266	2266
2266	3066
2266	3217
2266	3571
2268	2268
2268	3760
2268	3906
227	1281
227	1519
227	2150
227	2156
227	2900
227	3484
2271	2271
2273	2273
2273	2415
2273	3253
2273	3268
2273	3278
2273	3483
2275	2275
2276	2276
2279	2279
2279	2934
228	1098
228	1628
228	1635
228	2100
228	515
2280	2280
2282	3268
2283	2283
2283	3783
2283	3930
2285	2285
2288	3087
2289	3191
2293	2293
2296	2296
2296	2667
2298	2298
2298	2403
2298	3179
2299	2299
2299	2362
230	1835
2300	2300
2300	2531
2300	2726
2302	2302
2302	2533
2302	2798
2302	2891
2302	2934
2302	3189
2302	3423
2302	3771
2302	3852
2303	2675
2303	3034
2303	3768
2304	3884
2306	2447
2306	2972
2306	3228
2306	3270
2308	2308
231	742
2310	2310
2310	2514
2310	3697
2311	2311
2311	3899
2313	2313
2313	2401
2315	2913
2316	2316
2318	3105
232	1629
2320	2320
2320	2938
2321	2321
2321	2421
2321	2801
2321	2815
2321	2937
2321	3188
2321	3817
2321	3830
2323	2323
2325	2325
2325	2821
2325	2973
2326	2326
2327	3889
2329	2329
233	1436
233	233
233	3777
2330	2330
2330	2530
2330	2755
2330	3350
2330	3644
2330	3805
2334	2334
2338	2338
2341	2341
2341	2510
2341	3053
2341	3252
2342	2342
2343	2343
2344	2344
2344	3921
2346	2493
2346	2528
2346	3691
235	235
2351	2636
2353	2353
2353	2472
2353	2555
2353	3736
2354	2937
2355	2355
2355	2808
2356	2860
2359	2359
2359	3015
2359	3058
2359	3338
2359	3379
2359	3499
2359	3634
2359	3876
236	1395
236	236
236	3575
2361	2361
2361	3130
2363	3257
2364	2364
2364	3239
2366	2379
2366	2465
2366	3706
2368	3113
2369	2369
2369	3126
237	1114
237	1232
237	1295
237	1591
237	1795
237	1919
237	2113
237	237
237	2410
237	2435
237	2445
237	2486
237	2552
237	2558
237	271
237	2753
237	2762
237	3278
237	3377
237	518
237	678
237	840
237	866
237	897
237	941
237	953
237	957
2372	2372
2372	3164
2372	3852
2374	2374
2375	2375
2376	2376
2376	2399
2376	2414
2376	2748
2376	2891
2376	3771
2376	3907
2379	2465
2381	2381
2382	2382
2382	3800
2383	3776
2385	2385
2385	2913
2385	3341
2387	2387
2387	2505
2387	3481
2387	3769
2388	2647
2388	3841
239	1486
239	2848
239	620
2391	2391
2391	3772
2393	2393
2397	2397
2399	2399
24	1172
24	1516
24	1536
24	1712
24	2259
24	24
24	2486
24	2706
24	3288
24	3398
24	3605
24	422
24	427
24	506
240	1023
240	1494
240	2208
240	240
240	2971
240	3130
240	3615
240	742
2400	2400
2402	2402
2402	3114
2402	3243
2403	2403
2407	2407
2409	3604
2410	2701
2410	2934
2410	3377
2410	3593
2412	3056
2413	3270
2413	3835
2415	2415
2415	2422
2415	2675
2415	2824
2415	3023
2415	3253
2415	3494
2416	2416
2416	2776
2416	2790
2416	3070
2416	3467
2417	2417
2419	2419
242	2278
242	242
242	299
242	3497
242	865
2420	2694
2421	2421
2421	2815
2421	3188
2422	2980
2422	3383
2423	2423
2424	3654
2425	2425
2425	2950
2427	2427
2429	2429
2429	2778
2429	3370
243	1214
243	1522
243	1610
243	1724
243	243
243	2794
243	2806
243	2990
243	3097
243	3484
243	3753
243	3920
243	3978
243	402
243	587
243	760
243	772
243	773
2430	2430
2431	2431
2431	3865
2432	2432
2432	3691
2434	3391
2435	2435
2435	2585
2435	2973
2435	3513
2437	2437
2437	2469
2437	2690
2437	3114
2437	3933
2438	2438
2438	2898
2439	2439
2439	3532
244	244
2441	2441
2446	2446
2446	2725
2447	3270
2448	2448
2448	3181
2449	2449
2449	2454
2449	2530
2449	2995
2449	2996
2449	3392
2449	3728
245	245
2450	3914
2452	3503
2453	2453
2453	2694
2453	2852
2453	3316
2454	2454
2454	3360
2455	2455
2455	2958
2459	2459
2463	2694
2463	3675
2464	3027
2465	2465
2465	2629
2465	3869
2467	2467
2467	3430
2468	2468
2468	3504
2469	3933
247	2259
247	247
247	2486
247	3156
247	3366
247	3932
247	3955
247	918
2471	3139
2471	3464
2472	2472
2472	3066
2473	2473
2473	2736
2474	2474
2474	2524
2474	3253
2475	2475
2475	2814
2475	3089
2476	2476
2476	2570
2476	2880
2476	3213
2476	3318
2476	3529
2477	3797
248	1079
248	1874
248	2424
248	248
248	2602
248	3118
248	3226
248	3451
248	3735
248	522
248	523
248	569
248	882
2481	2481
2482	2482
2482	2514
2482	2757
2485	2622
2486	2486
2486	3156
2486	3240
2486	3605
2486	3695
2486	3832
2486	3955
2487	2487
2489	2573
2489	3186
249	1311
249	1450
249	1528
249	2130
249	2412
249	249
249	3221
249	369
249	3993
249	541
249	763
249	866
2490	2667
2490	3649
2492	2492
2492	2927
2492	3831
2493	2493
2493	2963
2493	3023
2493	3178
2493	3691
2493	3847
2493	3995
2495	2495
2496	2496
2496	2881
2496	3304
2497	2497
2497	2585
2497	3030
2497	3390
2497	3463
2497	3558
2498	3946
2499	2499
2499	2645
2499	2902
2499	3020
2499	3066
2499	3521
2499	3577
25	144
25	1462
25	1712
25	1850
25	193
25	2519
25	2963
25	3063
25	3288
25	3607
25	3936
2500	2500
2503	2503
2506	2506
2506	2592
2506	3100
2506	3603
251	2476
2510	2510
2510	2676
2510	3332
2510	3552
2511	2511
2514	2514
2514	2538
2514	2661
2514	3697
2515	2640
2515	2641
2518	2518
2518	3633
2519	3075
252	2858
2522	3088
2526	2526
2528	2528
2529	2529
2529	2682
2530	3257
2530	3350
2532	2957
2533	3189
2534	3776
2536	2536
2536	2757
2536	2816
2536	2928
2536	3931
2537	2537
2537	3541
2538	2546
2538	2661
2538	2928
2538	3689
2538	3697
2538	3974
2539	2981
2539	3698
2539	3821
254	1780
254	2015
254	2229
254	254
254	3101
2541	2560
2541	3196
2544	2577
2544	2912
2544	3771
2548	3161
2548	3904
2549	2549
255	1519
255	1678
255	2260
255	2391
255	255
255	3981
255	505
255	693
255	951
2554	2788
2555	2555
2555	3756
2556	2556
2559	2559
2559	2630
2559	2871
2559	2961
2559	3322
2559	3495
256	1023
256	2022
256	2381
256	2648
256	2840
256	3021
256	597
2560	2736
2560	2895
2561	3638
2562	2562
2562	3461
2566	2566
2570	2570
2572	2572
2573	2573
2573	3186
2575	2575
2575	3746
2577	2891
2577	3771
2578	2578
2579	2885
258	258
258	3166
258	3491
2580	3491
2581	2581
2581	3237
2582	3247
2585	2585
2585	2679
2585	3513
2586	3874
2588	2956
259	259
259	3566
2592	3100
2593	2655
2595	2595
2595	3013
2597	2597
2598	3776
2599	2599
26	1723
26	26
26	2981
26	463
260	607
2600	2817
2600	2907
2600	3229
2600	3468
2600	3592
2600	3749
2601	3878
2603	2603
2604	3588
2604	3979
2606	2606
2608	2608
2609	2609
2609	2927
2609	3602
2610	2610
2611	2611
2611	3471
2611	3696
2614	2614
2614	2689
2616	2616
2616	3653
2617	2617
2617	2859
2620	2620
2620	2692
2622	3167
2623	3754
2623	3853
2625	2625
2628	3855
2628	3893
263	1963
263	2848
2630	2630
2630	2678
2630	2916
2630	3257
2630	3571
2632	2632
2635	2635
2636	2636
2637	2637
2639	2639
2639	3755
2640	2640
2640	2708
2640	3762
2642	2642
2643	2643
2643	2775
2643	3019
2643	3339
2645	2645
2645	2880
2645	3577
2645	3707
2646	3410
2647	2647
2647	2902
2647	3141
2647	3378
2647	3955
2648	2648
2649	3170
265	3402
2653	2713
2654	2654
2656	2656
2656	3894
2657	3512
266	1090
266	1196
266	1257
266	1264
266	1314
266	1375
266	1389
266	1617
266	1662
266	2429
266	2510
266	2576
266	266
266	2975
266	3024
266	3188
266	347
266	3483
266	3717
266	589
266	991
2661	2928
2661	3697
2663	3929
2666	2666
2666	3916
2667	2667
2667	3649
2668	3324
2669	2978
267	1490
267	1562
267	1934
267	1955
267	2119
267	267
267	2776
267	3342
267	3854
267	552
2670	2883
2671	2671
2673	3974
2675	2675
2675	3006
2675	3034
2675	3214
2675	3698
2675	3731
2677	2677
2677	3034
2677	3214
2677	3593
2678	2780
2678	3807
2679	2739
2679	3513
268	1381
2680	2680
2681	2898
2681	3878
2683	2683
2683	3232
2683	3385
2684	2684
2684	3029
2688	2688
2688	3469
2688	3920
269	1396
269	2148
269	2481
269	2612
269	3044
269	3075
269	458
269	865
2690	2690
2694	2852
2695	2695
2695	3647
2696	3612
2697	2697
2698	2910
270	1021
270	1152
270	1918
270	2041
270	2388
270	2415
270	270
270	2703
270	2925
270	332
270	3371
270	3435
270	3651
270	866
270	996
270	997
2701	2701
2702	2702
2702	3489
2702	3652
2704	2704
2705	3015
271	1223
271	313
271	3654
271	678
271	840
271	866
2711	2736
2712	2995
2714	3861
2718	2718
2718	3499
2718	3750
272	522
2720	2720
2721	2721
2722	2722
2725	2725
2726	3613
2726	3654
2726	3792
2729	2729
273	1289
273	2653
273	317
273	976
2733	2733
2736	3122
2736	3189
2736	3616
2736	3694
2736	3742
2737	2737
2739	2739
274	274
2741	2741
2741	2800
2742	2742
2743	2743
2743	3805
2744	3250
2745	2745
2746	2746
2746	2920
2746	2968
2746	3527
2747	2747
2748	3907
2749	2749
2749	3321
275	1884
275	1939
275	275
275	2927
2751	2751
2753	2753
2753	3356
2756	3226
2757	2757
2757	3479
2759	2759
276	2069
276	595
2760	2760
2761	2761
2761	3323
2762	2762
2762	3455
2763	3218
2765	2765
2765	3004
2765	3795
2765	3976
2767	3595
2769	2769
277	277
2770	3037
2770	3406
2770	3504
2771	3015
2771	3464
2771	3587
2775	3019
2775	3603
2776	2776
2776	2876
2776	3157
2776	3546
2776	3698
2776	3854
2777	3889
278	278
2781	2781
2783	2783
2783	3606
2784	2784
2785	2785
2786	3625
279	3328
2790	2790
2790	3454
2790	3602
2791	2791
2791	3011
2794	3484
2795	3606
2795	3700
2798	2798
2798	3061
2798	3750
2799	3688
280	1238
280	1476
280	1826
280	2483
280	280
280	492
2802	2802
2803	3179
2804	2804
2806	3214
2808	2829
2808	2882
2808	3222
2810	3235
2811	3141
2811	3918
2812	3097
2813	2813
2813	3198
2814	3089
2817	3749
2819	2819
282	2072
282	2898
282	333
282	3735
282	3934
282	727
2820	3166
2820	3254
2821	2904
2821	2973
2821	3372
2823	2823
2823	3049
2823	3404
2824	2824
2824	3034
2826	3305
2827	2827
2829	2882
2829	3222
2830	2830
2832	2832
2838	2838
2838	3154
2839	2839
284	1587
284	2080
284	2680
284	284
2840	2867
2840	3021
2841	2841
2841	3931
2842	2842
2842	2981
2844	3867
2848	2848
2848	3728
285	1577
285	1893
285	1951
285	1995
285	2019
285	2295
285	2324
285	2558
285	285
285	3061
285	3317
285	3332
285	3722
285	436
285	550
2850	2850
2852	2852
2854	3026
2855	2855
2856	3095
2857	3879
286	2784
286	619
2860	2860
2860	3046
2865	2865
2866	2866
2866	2932
2866	2966
2866	3175
2866	3353
2866	3459
2866	3529
2866	3625
2866	3728
2866	3863
2867	3021
2867	3172
2869	2892
2869	2943
2869	3930
287	2375
2871	2871
2871	3120
2871	3881
2874	3322
2874	3491
2876	2876
2878	2878
288	2045
288	3294
288	761
2880	3777
2884	3191
2885	2885
2885	3188
2886	2892
2887	2956
289	1540
289	1858
289	2837
289	3125
289	387
289	558
289	993
2890	2890
2891	3128
2891	3771
2895	2895
2895	3215
2896	2896
2898	2898
2898	3061
2898	3774
2898	3878
2898	3934
29	119
29	1758
29	1829
29	2365
29	29
29	3587
29	483
290	1670
290	2144
290	2887
2900	2900
2900	3380
2901	3872
2903	3928
2904	2904
2905	2905
2906	3979
2907	2907
2907	2995
2908	2908
2908	2981
291	291
291	724
2918	2918
2918	3594
292	3599
292	622
292	643
2921	2921
2923	2923
2925	2925
2925	3371
2926	2926
2927	2927
2927	3268
2927	3385
2927	3387
2927	3849
2927	3949
2928	2928
2928	3439
2928	3697
293	1472
293	3309
293	3443
2934	3961
2935	2935
2935	3270
2935	3419
2935	3532
2937	2937
2938	2938
2938	3305
2938	3351
2940	2940
2940	3638
2943	3783
2943	3930
2945	2945
2945	3562
2946	3542
2946	3696
2947	2947
2947	3973
2948	3593
2949	3497
295	1625
295	2822
2952	2952
2956	3849
2957	3020
2959	2959
296	1608
296	296
296	3316
296	377
296	3832
296	661
2960	2960
2960	3076
2960	3318
2963	3063
2963	3352
2963	3691
2963	3847
2963	3936
2968	2968
297	2424
297	297
297	3817
297	512
2971	2971
2971	3130
2971	3615
2973	2973
2975	2975
2975	3618
2975	3701
2976	3169
2977	3143
2977	3923
2979	2979
298	1670
298	2008
298	2270
298	2638
298	2887
298	298
298	820
2980	2980
2981	2981
2981	3698
2981	3821
2982	2982
2982	3857
2983	2983
2984	3714
2987	2987
2988	2988
299	1421
299	1581
299	3723
299	3865
299	616
2993	2993
2994	2994
2995	2995
2995	3141
2995	3220
2995	3347
2995	3360
2995	3500
2995	3595
2995	3728
2995	3955
2996	2996
2998	2998
3	2106
3	2386
3	3
300	300
300	3039
300	850
3000	3728
3002	3283
3004	3004
3004	3976
3006	3006
3006	3593
3007	3051
3009	3009
301	1659
3012	3012
3013	3013
3013	3081
3015	3015
3015	3151
3015	3680
3017	3904
3018	3350
3018	3491
3019	3019
302	1046
302	1143
302	1652
302	1776
302	1948
302	2273
302	2363
302	2498
302	2769
302	2772
302	313
302	3229
302	3257
302	381
302	384
302	3946
302	675
3020	3020
3020	3061
3020	3754
3023	3023
3023	3151
3023	3691
3028	3028
3028	3890
3029	3697
3029	3785
303	2252
303	303
303	3564
303	689
3031	3137
3031	3870
3032	3249
3033	3033
3033	3189
3033	3501
3033	3518
3034	3214
3034	3380
3034	3891
3035	3035
3037	3406
3037	3504
3038	3038
3038	3702
3038	3716
3038	3851
3039	3131
3039	3566
304	1088
304	1283
304	304
304	870
304	936
3042	3042
3043	3043
3044	3075
3046	3046
3047	3047
3047	3058
3048	3048
3049	3404
305	1674
305	2126
305	424
3050	3050
3051	3051
3051	3569
3052	3243
3052	3727
3054	3431
3055	3055
3058	3058
3059	3059
306	306
3060	3060
3060	3941
3065	3777
3068	3068
3068	3370
3069	3069
307	1887
307	352
307	809
3070	3070
3070	3491
3070	3608
3071	3071
3071	3077
3075	3075
3075	3545
3076	3171
308	1560
308	2635
308	308
308	3558
308	3927
3081	3081
3082	3082
3084	3084
3084	3118
3087	3087
3087	3512
3089	3688
309	1339
309	1727
309	2180
309	2364
309	360
309	3662
309	3968
3094	3198
3095	3095
3097	3484
3098	3378
3098	3552
31	2579
31	2871
310	2052
310	3430
3102	3102
3103	3103
3103	3717
3106	3133
3108	3108
3109	3109
3109	3696
311	311
311	629
3111	3111
3112	3112
3113	3659
3114	3114
3116	3696
312	2376
312	2399
312	2652
312	312
312	338
312	634
3120	3120
3120	3226
3121	3974
3122	3122
3123	3123
3125	3816
3126	3126
3126	3232
3126	3532
3126	3927
3127	3127
3129	3129
313	2054
313	3212
313	746
3130	3202
3130	3265
3130	3615
3131	3552
3136	3657
3139	3139
314	314
314	3390
3140	3140
3140	3743
3141	3141
3141	3220
3141	3955
3142	3689
3143	3143
3143	3923
3144	3144
3145	3883
3149	3149
315	1573
315	315
3151	3738
3152	3461
3152	3667
3156	3156
3158	3696
3159	3159
3159	3612
316	1369
316	1972
316	2697
316	316
3161	3161
3166	3166
3166	3177
3166	3254
3166	3484
3166	3985
317	1209
317	2653
317	556
3170	3170
3170	3735
3173	3173
3178	3178
3178	3910
3179	3179
3179	3544
3180	3180
3183	3183
3187	3187
3187	3281
3188	3188
3188	3665
3189	3189
3189	3238
3189	3289
319	2629
319	2724
319	319
319	334
3192	3463
3196	3196
3198	3198
3198	3598
32	32
32	383
32	566
320	1118
320	1948
320	2120
320	366
3201	3201
3202	3202
3204	3204
3204	3873
3206	3606
3206	3952
3208	3506
321	2043
321	3752
3210	3210
3211	3211
3213	3213
3213	3477
3214	3214
3214	3825
3214	3895
3217	3217
3218	3985
322	1691
322	2758
322	322
322	501
3222	3222
3226	3226
3226	3282
3227	3227
3227	3796
3228	3519
3228	3697
3228	3713
3231	3231
3231	3270
3231	3419
3232	3232
3232	3715
3235	3235
3236	3236
3238	3446
324	324
3243	3243
3243	3727
3245	3338
3245	3458
3246	3246
3247	3686
3249	3249
3249	3337
3249	3641
325	2186
325	2719
3250	3250
3250	3273
3250	3704
3251	3251
3253	3253
3253	3278
3255	3255
3255	3273
3255	3723
3256	3256
3257	3728
3257	3790
3257	3805
3259	3259
326	326
3265	3265
3265	3615
3265	3648
3268	3353
327	2189
327	2808
327	2829
327	2882
327	3222
327	3250
327	327
3270	3419
3272	3614
3273	3562
3273	3723
3274	3274
3275	3820
3276	3276
3276	3372
3276	3779
3277	3978
3278	3278
3278	3595
3279	3678
328	2846
328	328
328	3805
3281	3281
3282	3282
3282	3310
3282	3771
3282	3872
3283	3283
3283	3370
3285	3285
3287	3287
3289	3289
329	2869
329	329
329	362
3290	3290
3292	3292
3293	3896
3296	3296
3297	3297
3297	3964
3300	3300
3303	3875
3304	3304
3305	3342
331	1039
331	1419
331	1484
331	1587
331	1674
331	1734
331	1797
331	2186
331	2314
331	2351
331	2368
331	2374
331	2698
331	2726
331	2905
331	2910
331	3113
331	331
331	3589
331	3659
331	3834
331	3960
331	748
331	891
3318	3318
332	1223
332	1242
332	1341
332	1349
332	1486
332	1698
332	1767
332	2057
332	2113
332	2161
332	2388
332	2616
332	2632
332	2848
332	3213
332	3257
332	3278
332	332
332	3377
332	3378
332	3435
332	3508
332	352
332	3654
332	375
332	3841
332	449
332	620
332	895
332	969
3321	3321
3321	3781
3322	3322
3322	3335
3322	3491
3324	3964
3325	3928
3329	3329
333	1511
333	1946
333	2266
333	2298
333	2499
333	3024
333	3066
333	3217
333	333
333	3481
333	3929
3332	3769
3333	3523
3334	3334
3335	3817
3337	3337
3339	3339
3339	3873
3340	3340
3344	3344
335	1254
3350	3350
3350	3491
3350	3623
3352	3352
3352	3834
3352	3936
3353	3353
3354	3959
3355	3355
3358	3358
3361	3449
3366	3530
3366	3932
3367	3367
337	1628
337	3600
337	374
3370	3370
3372	3372
3375	3379
3378	3378
3379	3499
338	2652
3380	3380
3380	3750
3380	3798
3380	3891
3380	3959
3384	3384
3385	3452
3389	3947
339	1196
339	1315
339	3869
3391	3391
3392	3881
3395	3395
3396	3938
34	2561
340	1361
340	340
340	3536
340	355
340	3697
340	3995
3404	3866
3405	3405
3406	3504
3407	3407
3409	3409
3410	3801
3411	3615
3414	3414
3415	3415
3415	3486
3418	3889
3420	3420
3421	3603
3423	3423
3426	3429
3427	3427
343	1359
343	343
343	996
3430	3958
3433	3433
3433	3961
3439	3439
3440	3940
3441	3441
3446	3446
3447	3447
3449	3449
345	1188
345	1509
345	1596
345	1873
345	2079
345	2116
345	2273
345	2303
345	2718
345	2961
345	345
345	3483
345	3497
345	3768
345	3891
345	400
345	458
3451	3709
3455	3455
3459	3459
346	2188
346	346
346	555
3463	3463
3465	3465
3466	3466
3467	3756
3468	3468
3468	3749
347	1053
347	3415
347	3717
3470	3470
3470	3735
3470	3838
3471	3868
348	2394
3480	3480
3480	3718
3486	3486
3486	3854
3486	3881
3487	3487
3489	3489
349	349
349	969
3490	3875
3491	3602
3495	3495
3495	3562
3497	3497
3499	3499
3499	3647
3499	3961
35	1063
35	35
35	523
350	1610
350	1763
350	1936
350	2906
350	3441
350	3979
3500	3500
3500	3605
3502	3502
3503	3503
3504	3504
3504	3541
3504	3722
3504	3801
3505	3505
3507	3507
351	3496
351	351
3510	3510
3515	3515
3515	3533
3515	3951
3516	3516
3518	3518
3519	3519
352	1704
352	2218
352	2242
352	419
352	691
352	895
352	925
3521	3577
3522	3522
3522	3587
3522	3714
3523	3523
3527	3900
3529	3728
353	2539
353	3821
3530	3932
3531	3531
3531	3657
3532	3532
3533	3533
3533	3698
3535	3535
3536	3536
3536	3875
3537	3537
3541	3541
3541	3710
3542	3542
3545	3545
3545	3666
355	1181
355	355
355	616
3552	3730
3552	3996
3557	3557
3558	3558
3558	3674
356	1754
356	1895
356	2021
356	2054
356	2141
356	2150
356	2175
356	2235
356	2363
356	2369
356	2424
356	2530
356	2626
356	2885
356	2996
356	3257
356	3350
356	3491
356	356
356	374
356	3805
356	381
356	3813
356	452
356	552
356	663
356	729
356	744
356	746
356	821
356	859
356	868
3562	3562
357	1060
357	1171
357	2344
3570	3570
3573	3573
3579	3579
358	358
3582	3582
3587	3587
3588	3588
3589	3589
359	1271
359	1390
359	359
3592	3592
3595	3595
3595	3838
360	1339
360	1727
360	2364
360	360
3600	3828
3607	3607
361	1582
361	3439
361	565
3611	3611
3612	3612
3612	3625
3614	3614
3617	3617
3618	3618
3618	3701
3619	3619
362	2101
362	2113
362	3189
362	362
362	3697
362	3904
362	582
362	855
3622	3792
3625	3625
3626	3626
363	3142
363	363
363	3689
3632	3632
3635	3732
3636	3636
3637	3637
3641	3641
3642	3642
3644	3644
3644	3811
365	3241
365	365
365	518
3650	3650
3651	3881
3653	3653
3655	3655
3657	3657
3657	3742
3657	3801
3658	3658
3659	3659
366	1118
366	1505
366	2377
366	366
3662	3704
3667	3772
3668	3668
3668	3670
3669	3669
367	1165
367	1734
367	2481
367	3178
367	3317
367	367
367	549
367	688
3674	3674
3677	3677
368	1365
368	1388
368	368
3680	3680
3680	3853
3686	3707
369	2931
369	3221
369	377
369	774
3693	3809
3696	3696
3696	3801
3696	3913
3697	3697
3698	3698
3698	3939
37	2474
37	37
370	3206
3700	3700
3702	3702
3702	3716
3703	3703
3704	3704
3705	3705
371	1155
371	3494
371	396
3710	3710
3714	3714
3715	3838
3716	3716
3717	3717
3719	3719
3722	3722
3722	3964
3728	3728
373	1190
373	1338
373	1468
373	1773
373	2122
373	3279
373	373
373	945
3730	3996
3731	3865
3732	3732
3733	3733
3735	3735
374	1155
374	1628
374	2100
374	878
3744	3744
3746	3746
3749	3749
3749	3844
375	3624
375	3654
375	986
3751	3967
3752	3752
3757	3757
3758	3802
3758	3810
3759	3759
3760	3760
3762	3762
3763	3781
3764	3764
377	1075
377	1532
377	2228
377	377
377	739
3770	3770
3772	3772
3774	3774
3777	3777
378	430
3782	3782
3783	3783
3783	3930
3784	3784
3788	3788
3797	3797
38	1074
380	3934
380	637
3805	3805
3809	3809
381	1490
381	1895
381	1948
381	2330
381	2600
381	2646
381	3496
381	381
381	685
3817	3817
3818	3818
3818	3973
382	1589
382	2537
382	382
3821	3821
3822	3860
3824	3824
3829	3868
383	1397
383	2859
383	383
3831	3831
3833	3833
3834	3834
3835	3835
384	1021
384	1046
384	1389
384	1571
384	1659
384	1719
384	1786
384	1971
384	2087
384	2180
384	2232
384	2330
384	2364
384	2449
384	2559
384	2580
384	2595
384	2630
384	2755
384	2780
384	2874
384	2893
384	2898
384	2961
384	3013
384	3016
384	3070
384	3350
384	3353
384	3385
384	3475
384	3491
384	3495
384	3672
384	3737
384	384
384	3859
384	395
384	415
384	458
384	503
384	552
384	559
384	763
384	780
384	823
384	835
384	864
3842	3957
3843	3904
3845	3845
385	1204
385	1457
385	1913
385	2019
385	2353
385	2821
385	3117
385	3120
385	3515
385	3565
385	385
385	518
385	572
385	713
385	829
3850	3850
3860	3985
3862	3862
3863	3863
3868	3868
3869	3869
387	1344
387	1540
387	1832
387	1858
387	2364
387	2387
387	2449
387	2454
387	2726
387	2876
387	2941
387	2996
387	3571
387	3859
387	765
387	925
387	993
3870	3870
3872	3872
3872	3905
3873	3873
3875	3875
3876	3876
3878	3878
3880	3880
3881	3881
3884	3884
3885	3885
3889	3889
389	2595
389	3013
389	389
3890	3890
3891	3891
3894	3894
3895	3895
3898	3987
390	2302
390	3189
390	588
390	909
3901	3901
3903	3952
3904	3904
391	2402
391	3545
391	3666
391	581
3912	3912
3915	3915
3922	3922
3929	3929
393	1237
393	1605
393	1627
393	1854
393	3291
393	3929
393	393
393	987
3931	3931
3933	3933
3934	3934
3941	3941
3942	3942
395	1519
395	1571
395	1848
395	2011
395	3759
395	395
395	535
3952	3952
3954	3954
3958	3958
3959	3959
396	1121
396	1155
396	1371
396	1386
396	1404
396	1519
396	1761
396	2020
396	2318
396	2645
396	2891
396	3105
396	3128
396	3247
396	3403
396	3707
396	3753
396	396
3960	3960
3961	3961
3964	3964
3966	3966
3968	3968
397	397
397	617
397	681
3970	3970
3971	3971
3972	3972
3974	3974
398	398
398	872
3980	3980
3981	3981
3982	3982
3985	3985
399	399
3997	3997
3999	3999
4	4
4	857
40	1220
40	1764
40	1821
40	2510
40	2975
40	3033
40	3245
40	3501
40	40
40	571
400	1438
400	1596
400	3891
400	400
401	2140
402	1300
402	1421
402	1724
402	2021
402	2369
402	2688
402	3978
402	402
402	772
402	773
403	1657
403	1676
403	2113
403	3820
403	3879
403	403
404	1069
404	1943
404	2488
404	2492
404	3812
404	3831
404	404
404	678
404	809
404	895
404	941
406	1875
406	406
407	1030
407	2221
407	2714
407	2866
407	2876
407	3861
407	407
408	2681
408	2898
408	3537
408	3878
408	408
408	506
408	518
408	996
409	1822
409	3163
409	409
41	3680
410	2623
410	410
411	2230
411	2599
411	411
412	1546
413	1473
413	2728
414	2466
414	3664
414	414
415	1143
415	2817
415	3749
415	3859
415	765
416	1289
416	1411
416	3923
417	1090
417	1112
417	1523
417	1648
417	2309
417	2996
417	3872
417	417
418	1189
418	1361
418	1628
418	2180
418	2892
418	3301
418	3662
418	3704
418	3971
418	418
418	778
418	864
419	1046
419	1486
419	1704
419	2041
419	419
419	501
42	3836
42	855
420	3530
420	3932
420	420
421	1501
422	1634
422	2466
422	422
422	427
422	897
423	423
424	1674
424	2351
425	1583
425	425
427	2259
427	506
428	1146
428	2185
43	1121
43	1348
43	1404
43	1438
43	1519
43	1596
43	1833
43	2415
43	243
43	3214
43	3750
43	3891
43	43
43	535
43	932
430	1470
430	3238
430	430
431	1101
432	432
433	1155
433	1761
433	2020
433	2304
433	2340
433	3376
433	3686
433	433
433	446
433	452
433	476
433	694
434	434
434	579
435	1341
435	2792
435	3222
435	435
436	1502
436	2051
436	2324
436	3332
436	3449
436	709
436	916
438	3926
438	438
439	1284
439	2191
439	2830
439	774
44	1217
44	147
44	1558
44	1634
44	182
44	1886
44	2381
44	2422
44	2688
44	3214
44	3469
44	3743
44	3920
44	44
44	446
44	476
44	587
44	694
44	773
44	955
440	3314
441	441
442	2861
443	1452
443	1601
443	1788
443	2370
443	3070
443	3519
444	2435
444	454
444	993
445	3593
445	3857
446	1103
446	2476
446	3163
446	3519
446	3696
446	3713
446	446
446	476
448	1900
449	1129
449	1197
449	1862
449	2110
449	2144
449	2641
449	2703
449	2935
449	3537
449	3556
449	449
449	531
449	577
449	631
449	924
449	996
449	997
45	2565
45	2677
45	3657
45	45
450	2144
450	3095
450	450
452	1271
452	1523
452	1648
452	2304
452	2540
452	2885
452	3228
452	3571
452	452
452	476
452	513
452	767
454	1948
454	3285
454	993
455	2541
457	1083
457	2525
457	2558
457	3231
457	3373
457	3460
457	3715
457	457
457	680
457	870
457	936
457	957
458	1396
458	1509
458	2493
458	3124
458	3497
458	458
458	865
459	1569
459	2071
459	3696
459	459
46	241
46	46
460	1332
460	1419
460	1763
460	2314
460	832
461	1369
461	2390
461	557
463	1296
463	1329
463	1993
463	2361
463	2557
463	463
463	761
464	1012
464	1052
464	1760
464	2429
464	2540
464	2594
464	464
464	848
464	868
465	3360
466	1007
466	1125
466	2176
466	2376
467	2585
467	3513
467	467
468	2765
468	468
469	1275
469	1809
469	2417
469	2495
469	3057
469	469
469	657
469	924
47	47
470	1346
470	2335
470	3423
470	3965
470	470
473	3188
474	474
477	1856
477	2276
477	3548
477	477
478	1587
478	2054
478	2162
479	3675
479	3700
479	479
48	109
48	1588
48	1747
48	3887
48	48
480	1438
480	2042
480	2824
480	3348
480	3940
480	480
480	694
480	793
480	974
483	1829
483	3587
483	483
484	1489
484	2046
484	2257
484	2365
484	2927
484	3007
484	3177
484	3849
484	626
485	930
486	1301
486	1927
487	608
489	2702
489	3251
489	489
489	507
49	1702
49	595
490	1305
490	2475
490	2994
490	3121
490	3974
490	490
491	2558
491	2895
491	3215
491	866
491	957
492	1238
492	1316
492	1512
492	1826
492	1881
492	2995
492	3558
492	3674
492	3696
492	492
494	1041
494	1646
494	1769
494	1948
494	2110
494	2413
494	2515
494	3395
494	3853
494	577
494	654
494	693
494	843
495	1616
495	2618
495	3349
495	495
496	496
496	849
496	856
498	1197
498	2160
498	2310
498	2514
498	2673
498	2802
498	2935
498	3328
498	3516
498	498
498	652
498	728
498	924
5	2390
5	461
5	5
5	557
500	500
501	1155
501	1628
501	2758
502	1021
502	1029
502	1123
502	1357
502	1500
502	1860
502	2187
502	2479
502	2657
502	3242
502	3389
502	3512
502	502
503	1483
503	1510
503	1526
503	2150
503	2429
503	2507
503	2866
503	3268
503	3353
503	3813
503	552
503	644
503	827
504	3742
505	1449
505	1769
505	2084
505	2585
505	2712
505	2739
505	3549
505	3772
505	505
505	740
505	843
506	1018
506	1069
506	1160
506	1633
506	1647
506	1712
506	2259
506	2488
506	2894
506	3001
506	3812
506	3836
506	506
506	855
506	999
507	507
508	1628
508	2100
508	3686
508	508
508	950
509	2078
509	2296
509	2667
51	1050
51	2155
51	2184
51	2360
51	2573
51	2624
51	337
51	3530
51	420
51	51
51	724
51	777
51	832
51	888
511	2684
512	3817
513	1092
513	1143
513	1482
513	1678
513	1952
513	2175
513	2232
513	2248
513	2353
513	2559
513	2995
513	3188
513	3228
513	3536
513	3665
513	3728
513	3749
513	513
513	522
513	791
513	988
515	1098
515	1956
515	2468
515	2721
515	2913
515	3057
515	3802
515	3982
515	515
515	945
515	948
516	2268
516	3906
516	516
517	3402
517	517
518	1591
518	1736
518	1948
518	2518
518	3234
518	3241
518	518
518	553
518	999
520	3261
520	520
520	808
521	3199
521	521
522	1007
522	1046
522	1486
522	1874
522	1880
522	2376
522	2424
522	2602
522	3118
522	3455
522	522
522	523
523	3022
523	3120
523	3455
523	523
523	526
523	595
523	638
523	758
524	928
525	525
529	2949
53	1046
53	1326
53	1486
53	1845
53	1860
53	2288
53	2893
53	3087
53	3512
53	384
53	53
53	808
530	1272
530	1497
530	2536
530	2768
530	530
531	3943
535	1020
535	1038
535	1519
535	1805
535	1824
535	1935
535	1991
535	2011
535	2029
535	2320
535	2740
535	2951
535	3055
535	3086
535	3397
535	3408
535	3753
535	3798
535	535
535	760
535	974
536	1351
536	1412
536	1478
536	2066
536	678
536	907
537	537
538	538
539	1882
539	872
54	396
540	1148
540	1341
540	3738
540	540
541	1311
541	1321
541	1673
541	2539
541	3698
541	3939
541	3993
541	541
545	1968
545	2423
545	2784
545	3197
545	3527
545	619
546	2251
546	2312
546	2647
546	3621
546	546
546	770
547	547
549	3131
549	3586
549	726
55	332
55	3435
550	1221
550	1264
550	1486
550	1695
550	1887
550	1958
550	1995
550	2244
550	2737
550	3515
550	3660
550	3805
550	620
550	732
550	758
552	1021
552	1046
552	1124
552	1280
552	1606
552	1680
552	1719
552	1752
552	1893
552	1980
552	2044
552	2054
552	2141
552	2150
552	2175
552	2235
552	2415
552	2449
552	2523
552	2559
552	2616
552	2630
552	2916
552	3016
552	3206
552	3322
552	3335
552	3353
552	3392
552	3475
552	3495
552	3571
552	3813
552	552
552	708
552	746
552	993
553	1037
553	1665
553	1984
553	2149
553	2302
553	2333
553	2499
553	2537
553	3058
553	3317
553	3427
553	553
553	621
553	678
553	941
554	3543
555	2188
556	1658
556	556
558	558
559	1021
559	1811
559	3350
559	663
56	3298
56	56
56	836
560	2957
560	560
560	975
562	1994
562	2167
562	2221
562	562
562	854
563	563
565	1713
565	3439
565	565
566	2447
566	2903
566	566
567	1572
567	1890
567	2037
567	2130
567	2545
567	2757
567	567
567	982
568	2526
569	1463
569	1810
569	2411
569	2416
569	2790
569	3039
569	3335
569	569
569	983
57	1045
57	2150
570	1222
571	1657
571	1942
571	1981
571	2601
571	3033
571	3347
571	3750
571	571
572	2091
572	3297
572	678
572	829
572	941
573	2458
573	573
574	1412
574	1671
574	2047
574	574
574	839
575	575
576	2960
576	3149
576	3179
576	3306
577	1305
577	1445
577	2020
577	2182
577	2344
577	2347
577	2437
577	2469
577	2529
577	2690
577	3556
577	3680
577	3933
577	577
577	598
577	654
577	843
579	1473
579	3179
579	3542
579	579
58	1455
58	3201
58	58
580	580
581	1114
581	3545
581	3833
581	593
582	1148
582	1477
582	2298
582	2533
582	2798
582	582
584	1007
584	1048
584	1125
584	1943
584	2376
584	2942
584	3272
584	3614
584	584
586	1024
587	1081
587	1307
587	1522
587	1610
587	1815
587	1886
587	2812
587	2819
587	3097
587	3484
587	3765
587	587
588	2279
588	630
588	909
589	3641
589	589
590	2491
590	2930
590	590
591	1009
591	2595
591	3013
591	3704
592	1241
592	1305
592	1742
592	2057
592	2538
592	3974
592	592
593	1463
593	1970
593	2411
593	2710
593	593
593	993
595	1411
595	1702
595	3094
595	3198
595	595
596	2926
596	3758
596	3810
596	596
598	2437
598	2469
598	3933
598	598
599	2683
6	2532
6	6
60	175
60	1810
60	1972
60	210
60	2380
60	2790
60	3454
60	60
60	601
600	2476
600	600
601	3454
602	602
604	2769
604	638
606	2126
606	606
607	2186
607	2674
607	607
608	1480
609	3407
609	3623
609	609
61	109
61	1543
61	1934
61	2284
61	2474
61	2729
61	61
610	1976
610	678
614	3827
617	1183
617	2883
617	617
617	737
618	3368
618	3505
618	803
619	1431
619	1943
619	1971
619	2784
619	3407
619	619
62	1002
62	2145
620	1046
620	1248
620	1486
620	2292
620	3508
620	3870
622	622
623	2522
623	3052
623	3243
623	3727
624	1403
624	2372
625	1526
625	2273
625	625
626	2087
626	3132
628	1609
628	2528
628	731
629	1290
629	1512
629	1548
629	2677
629	2981
629	3084
629	3147
629	3350
629	3571
629	629
629	663
63	1080
63	1259
63	1343
63	141
63	3527
63	63
631	1042
631	1256
631	1361
631	1482
631	1667
631	1961
631	2052
631	2229
631	2529
631	2580
631	2682
631	2790
631	3226
631	3651
631	3881
631	631
631	749
632	1579
632	2813
632	2917
632	632
633	1257
633	633
636	2388
636	3781
636	829
637	3029
637	3785
637	637
638	1957
638	2109
638	2807
638	2979
638	3622
638	638
64	3042
64	830
640	3106
640	3133
641	2992
642	1340
644	644
645	1456
645	645
646	2434
646	3380
646	3391
646	646
646	878
647	1444
647	1576
647	3160
647	647
649	2213
649	2767
649	649
649	701
65	3247
65	65
651	2376
651	2479
652	2536
652	2538
652	2546
652	2673
652	2913
652	3421
652	3974
652	652
652	895
653	1394
654	1306
654	2110
654	2347
654	2553
654	654
655	1085
655	1094
655	1899
655	655
656	656
657	1275
657	1326
657	1860
657	657
658	3293
658	3335
658	3817
658	658
658	729
659	2394
660	3829
661	1472
661	2453
661	2852
661	3316
661	661
661	953
662	662
663	2544
663	3018
663	3350
664	2387
664	2505
664	664
665	1486
665	1621
665	2198
665	2510
665	2848
665	3523
665	665
666	2895
666	666
669	1959
67	108
67	1090
67	1152
67	1248
67	1369
67	1486
67	1543
67	1995
67	2041
67	2292
67	2295
67	2429
67	270
67	285
67	2925
67	332
67	3367
67	3371
67	419
67	67
67	949
670	670
671	3707
671	671
671	760
672	2591
672	672
673	673
674	2113
674	2164
674	2647
674	3774
675	2498
675	2769
676	1107
676	676
677	2132
678	1795
678	1824
678	1976
678	2113
678	2493
678	2532
678	2552
678	2756
678	2902
678	3020
678	3377
678	3691
678	678
678	693
678	809
678	840
678	866
678	941
678	957
679	1037
679	1379
679	1470
679	1543
679	2811
679	3754
679	3918
679	878
68	1670
68	3817
68	3896
68	658
68	68
680	3373
681	2323
681	681
682	1689
682	2939
682	682
683	1681
683	1738
683	1985
683	683
684	1635
684	2792
684	2933
684	684
685	1995
685	2133
685	2577
685	2646
685	2765
685	3318
685	3410
685	3771
685	685
687	1344
687	3024
688	1393
688	1670
688	2887
688	3032
688	3249
688	688
689	1236
689	3620
689	3644
689	689
69	593
69	993
690	1700
690	3696
690	690
691	2212
691	2690
691	3378
692	692
693	1769
693	1795
693	1948
693	2229
693	2515
693	2653
693	3128
693	3231
693	3285
694	1217
694	2422
694	2740
694	3891
695	1639
695	2838
695	695
696	1751
696	2366
696	2379
696	3706
696	3944
696	696
697	3107
697	3886
698	1954
7	151
7	3243
7	3398
7	7
70	3478
70	70
701	1562
701	1608
701	2119
701	2218
701	2242
701	2497
701	2668
701	2767
701	3030
701	849
701	876
701	925
702	3992
704	1061
704	1286
704	1328
705	1430
705	1471
705	3511
705	705
706	1706
706	2132
707	3248
707	3814
707	707
708	2210
708	2395
708	2449
708	708
709	1314
709	1441
709	1502
709	2952
71	2155
71	2573
710	710
710	733
711	1109
711	2128
711	3146
711	725
712	2683
712	3385
712	3793
712	712
713	1913
713	2243
713	3098
713	3378
713	3667
713	713
714	896
715	2799
716	1597
716	1823
718	1319
718	2045
718	2250
718	2422
718	3383
718	3677
718	718
719	1771
719	1803
719	2227
719	3391
719	3667
719	3709
719	3772
719	797
719	951
72	2522
72	2757
72	3243
72	72
720	1843
720	2250
720	720
721	1122
721	2774
721	721
722	1271
722	2313
722	2401
722	2668
722	2783
722	3654
722	3850
722	3884
724	2449
724	724
724	777
724	888
725	1109
725	1184
725	2128
725	725
727	3338
727	732
728	1144
728	1559
728	1774
728	2471
728	2771
728	3170
728	3464
728	3516
728	3735
728	728
729	1244
729	2141
729	2330
729	3805
729	848
731	2528
732	1887
734	1105
735	735
735	873
736	1482
736	3156
736	3561
736	736
737	1183
737	737
738	738
739	1075
739	1243
739	1490
739	1532
739	3515
739	3533
739	739
739	804
739	993
74	1201
74	1607
74	1757
74	1780
74	2015
74	254
74	2992
74	3101
74	568
74	733
74	74
74	897
740	2712
740	740
741	741
742	742
743	2319
744	1022
744	1257
744	1375
744	1564
744	1810
744	2054
744	2150
744	2369
744	765
745	3031
745	3137
745	745
746	1189
746	2054
746	2330
746	2755
747	2017
747	3784
748	1260
748	1478
748	2127
748	3129
748	3834
748	748
749	1163
749	1361
749	3507
749	3624
749	749
75	1320
75	147
75	1491
75	1614
75	170
75	1783
75	193
75	2139
75	2364
75	3201
75	3519
75	478
75	75
750	1706
750	2167
750	2221
750	2817
750	750
751	2597
753	753
755	755
756	3990
756	756
756	810
757	1414
757	1729
757	2047
757	2071
757	3776
758	1079
758	1785
758	1864
758	1879
758	1880
758	1916
758	1934
758	1948
758	2529
758	2611
758	2616
758	3226
758	3229
758	3282
758	3342
758	3592
758	3644
758	3653
758	3735
758	758
758	837
758	885
758	993
76	76
760	1324
760	1449
760	2391
760	3484
760	3772
760	760
761	1620
761	1973
761	1993
761	2045
761	2191
761	2456
761	2460
761	2487
761	2557
761	3147
761	3948
761	761
761	796
763	1471
764	1808
764	2256
764	764
765	1680
765	2096
765	2174
765	2364
765	2454
765	2630
765	2941
765	3571
765	3859
765	765
766	2578
769	2079
769	2490
769	2812
769	3743
769	3755
77	1482
77	2020
77	2071
77	2531
77	2622
77	2726
77	2824
77	2871
77	3132
77	3177
77	3651
77	484
77	626
77	671
77	77
770	2216
770	2309
770	3621
771	1783
771	1794
771	2139
771	771
772	1000
772	2688
772	3891
772	773
772	844
773	1239
773	2116
773	2258
773	2593
773	2655
773	2688
773	3214
773	3277
773	3380
773	3484
773	3825
773	3978
773	773
774	1567
774	1607
774	2365
774	2760
774	774
774	796
777	888
778	1064
778	778
779	2265
78	124
78	1731
78	3152
78	3667
780	1278
780	1541
780	1782
780	1934
780	1975
780	2345
780	2559
780	2848
780	2866
780	2932
780	2995
780	3000
780	3728
780	3910
780	780
780	887
781	781
782	1258
782	1754
782	2641
782	2721
782	2852
782	863
782	948
783	1903
783	2018
783	2372
784	1368
784	1561
784	1680
784	1815
785	1305
785	1397
785	3688
785	785
786	2580
786	2790
786	2874
786	3491
786	3497
786	3728
786	786
786	914
788	979
789	1173
79	3990
79	756
79	762
79	79
79	810
790	1333
790	2259
790	2486
790	2788
790	3955
790	849
791	1167
791	1972
791	791
792	1161
792	1333
792	1625
792	1838
792	2077
792	2554
792	2581
792	2788
792	3237
792	3445
792	3455
792	3851
792	792
792	849
793	3940
793	793
796	2365
796	2931
796	3752
797	1304
797	1355
797	1716
797	1824
797	1918
797	2122
797	2223
797	2541
797	2896
797	3196
797	3236
797	3338
797	3541
797	3647
797	3710
797	3964
797	797
797	840
799	1070
799	1098
799	1308
799	1522
799	1537
799	1596
799	1603
799	1761
799	1807
799	3686
799	866
8	1956
8	2301
8	2857
8	3020
8	8
80	1254
80	2375
80	2643
80	446
80	80
800	1499
800	800
801	1085
801	3398
801	849
802	1451
802	1581
802	1886
802	1932
802	2113
802	2513
802	3122
802	3253
802	3278
802	3377
802	3865
802	3932
802	802
802	814
802	864
803	2063
803	2975
803	3225
803	3289
803	3505
803	3701
803	3979
803	803
804	1075
804	1305
804	2483
804	2538
804	804
804	993
805	1211
805	1341
805	1473
806	3474
807	1622
807	2098
807	2233
807	2518
807	2695
807	807
808	3261
809	1054
809	1098
809	1821
809	2879
809	2927
809	3722
809	3802
809	3964
809	3982
809	809
809	941
81	1203
81	1519
81	2262
81	2575
81	2683
81	3126
81	3232
81	3494
81	3746
81	81
81	951
811	2337
811	2517
811	3178
811	3817
811	811
811	848
812	1069
812	2488
812	2770
812	3037
812	3406
812	3504
812	3812
813	813
814	2073
814	2385
814	2515
814	3341
814	3852
814	814
814	964
815	3263
815	815
816	2138
817	2016
817	2866
818	1879
818	818
819	1014
819	1017
819	819
82	2383
820	1331
820	1670
820	1979
820	2079
820	2283
820	2574
820	2678
820	2887
820	2956
820	3783
820	3930
820	820
821	2150
821	2218
821	2424
821	3353
821	3813
821	821
822	822
822	951
823	1935
823	2438
823	2559
823	2898
823	2961
823	3165
824	824
825	1541
825	1893
825	2485
825	2486
825	3240
825	3695
825	918
827	1483
827	1526
827	3971
827	827
828	3782
829	1457
829	1833
829	2091
829	2220
829	2235
829	2678
829	2780
829	3297
829	3367
829	3515
829	829
829	949
83	1190
83	1468
83	1814
83	1924
83	2659
83	83
83	945
830	3042
830	830
832	1086
832	1332
832	2229
832	3532
832	3928
832	846
834	3597
834	834
835	1955
835	2220
835	2372
835	2421
835	2559
835	2885
835	3188
835	3665
836	1059
836	1075
836	1357
836	1579
836	1757
836	1772
836	2083
836	2092
836	2171
836	2197
836	2279
836	2288
836	2664
836	2859
836	3087
836	3166
836	3582
836	836
836	910
836	934
836	948
838	2610
838	3846
838	838
839	1001
839	1671
839	3904
839	888
84	2663
84	3583
84	3883
84	3929
840	1716
840	3541
840	3710
841	1481
842	1046
842	1662
842	1995
842	2927
842	2995
842	3602
842	858
843	1769
843	2391
843	3556
843	3772
843	3912
843	843
843	845
843	951
845	1144
845	1184
845	1430
845	1819
845	2128
845	2217
845	2907
845	3079
845	3372
845	3559
845	3720
845	3948
845	845
845	917
846	2184
846	2229
846	2262
846	2529
846	3532
846	3928
846	846
847	2156
847	974
848	1052
848	1157
848	1189
848	1344
848	1680
848	2060
848	2150
848	2162
848	2330
848	2454
848	2755
848	2999
848	3214
848	3257
848	3408
848	3805
848	848
849	1085
849	1295
849	1333
849	1500
849	2259
849	2486
849	2788
849	3236
849	3955
849	849
85	1026
85	2211
85	2429
85	2486
85	2514
85	3156
85	3370
85	85
850	2937
850	3039
850	850
852	1833
852	3754
854	1880
854	1994
854	854
855	1069
855	1422
855	2488
855	2622
855	2976
855	3812
855	855
858	1444
858	1701
858	2004
858	2282
858	3218
858	3332
858	3367
858	3985
858	858
859	1344
859	2054
859	2363
859	3257
86	1583
86	425
86	528
861	1309
861	2486
861	3033
862	2132
862	2993
862	3871
863	863
864	1021
864	1189
864	1361
864	1421
864	1680
864	1811
864	2120
864	2180
864	2449
864	2892
864	3131
864	3491
864	3745
864	3985
864	864
865	1396
865	865
866	1308
866	1537
866	1676
866	2359
866	2438
866	2558
866	2681
866	2898
866	3378
866	3499
866	3964
866	866
866	957
868	2017
868	2150
868	3784
868	868
869	869
87	1088
87	1888
87	2922
87	785
87	87
870	1686
870	3683
870	3853
871	3355
872	1930
872	872
873	2224
873	2757
873	873
874	874
875	875
876	1195
876	1407
876	1987
876	876
877	3426
877	877
878	1628
878	2434
878	3391
879	879
88	2113
88	3377
88	986
880	880
882	1504
882	882
883	883
885	2866
885	3229
885	3664
885	3747
885	885
886	3084
887	2866
888	1671
888	2262
888	3282
888	3484
888	3869
888	3904
888	888
89	3493
891	1039
891	1287
891	1587
891	891
893	1613
893	1697
893	3524
894	1346
894	2587
895	2673
895	3375
895	3379
895	3831
895	895
897	3103
897	3282
897	3860
897	897
898	1338
899	2465
9	1517
9	9
90	90
902	1424
902	1437
903	1115
903	3195
903	903
905	905
906	2331
908	2622
910	2092
910	2279
910	910
911	1937
913	1592
914	2559
914	2790
914	3344
914	914
915	1341
915	1468
915	1923
915	2298
915	2403
915	915
915	945
916	1248
916	1349
916	2309
916	2647
916	2712
916	2739
916	2871
916	3131
916	3361
916	3657
916	3842
916	3870
916	3957
916	916
917	1462
917	3547
917	3559
917	917
918	1796
918	1919
918	2259
918	2486
918	3240
918	3605
918	3695
918	918
92	3421
92	3714
92	845
921	2630
921	3842
921	921
922	1950
922	2921
922	3159
922	3455
922	922
923	1442
923	2960
923	3076
924	1130
924	1197
924	1885
924	2160
924	2417
924	2802
924	2935
924	3328
924	3532
924	924
925	1075
925	1540
925	2218
925	2242
925	2668
925	3504
925	3722
925	3964
925	925
925	993
926	1025
926	1705
926	946
927	1080
927	1259
927	1562
927	1590
927	2220
927	2235
927	2927
927	3213
927	3849
927	3874
927	993
928	2096
929	1255
929	929
93	1223
93	155
93	1785
93	2330
93	3644
93	465
93	689
93	93
930	1593
930	2765
930	3004
930	3976
930	930
932	1680
932	1716
932	2415
932	2422
932	932
933	3840
933	933
934	2092
935	1872
936	2293
937	3075
937	937
938	2954
939	1120
939	3655
939	939
94	1037
94	1071
94	1190
94	2260
94	2453
94	2852
94	3316
94	3420
94	822
94	94
94	951
941	1488
941	2499
941	2558
941	3020
941	3754
941	941
942	2111
942	2838
943	3956
945	1098
945	1190
945	1468
945	1746
945	1773
945	1814
945	2057
945	2298
945	2403
945	2533
945	2808
945	3003
945	3172
945	945
946	946
948	1200
948	1210
948	1253
948	1258
948	1757
948	2077
948	2199
948	2275
948	2288
948	3087
948	3412
948	3607
948	948
948	963
949	1112
949	3367
949	3744
949	3801
949	949
95	1076
95	1913
95	3117
95	3565
95	385
95	829
95	95
95	978
951	1449
951	1519
951	1769
951	1931
951	2112
951	2227
951	2229
951	2260
951	2289
951	2391
951	3484
951	3822
951	3885
951	3893
951	3981
951	951
953	2191
953	2600
953	2907
953	3895
953	3950
953	953
954	2667
954	955
955	1557
955	1880
957	1890
957	1951
957	2558
957	3131
957	957
958	2273
958	2879
958	3353
958	958
96	2792
96	435
961	1059
961	1922
961	2622
962	962
963	1210
963	2077
963	963
964	1948
964	2515
965	1411
965	2544
965	2595
965	3013
965	3181
965	3410
965	965
967	1511
967	2266
967	3217
967	967
968	2820
968	968
969	969
97	107
97	2981
97	539
97	97
971	971
974	1794
975	975
976	1935
976	2486
976	2653
976	2995
976	3141
976	3220
976	3955
977	977
978	1958
978	978
979	979
98	3912
98	98
981	1811
983	1829
983	983
985	1458
985	1459
985	1464
985	1543
985	1988
985	2155
985	2527
985	2573
985	2627
985	985
986	2033
986	3515
988	1046
988	1486
988	2925
988	3518
988	3756
988	988
989	2747
99	1090
99	1257
99	1264
99	1314
99	1389
99	155
99	2576
99	266
99	2982
99	3024
99	479
99	99
990	3265
990	3648
991	1315
991	1502
991	2701
991	2975
991	991
993	1075
993	1135
993	1360
993	1540
993	1659
993	1848
993	1864
993	2029
993	2235
993	2726
993	2786
993	2871
993	2961
993	3125
993	3350
993	3383
993	3838
993	993
994	1099
994	1355
994	2064
994	2108
994	2223
994	2468
994	2770
994	3504
994	994
995	1171
995	1310
995	1554
995	1680
995	1866
995	1893
995	2435
995	2497
995	3030
995	3054
995	3276
995	3431
995	995
996	1359
996	1451
996	2703
996	3338
996	3499
996	996
996	997
997	1604
999	1276
999	1671
999	2167
999	2614
999	2914
999	3781
999	999
