#Nodes	4000
#Edges	6072
1	1
1	496
1	856
10	10
10	1045
10	11
10	1614
10	170
10	1980
10	216
10	220
10	2474
10	2524
10	2559
10	2566
10	2630
10	2790
10	2894
10	2987
10	3165
10	3350
10	3491
10	3602
10	3880
10	478
10	552
10	57
10	631
10	724
10	75
10	757
10	823
10	962
10	993
1000	1000
1000	1765
1001	1671
1001	3882
1003	1003
1003	1327
1004	1004
1004	1096
1004	3565
1005	3372
1006	1125
1006	2399
1007	1007
1007	2227
1007	2577
1007	2689
1008	1008
1008	1470
1008	1490
1008	1517
1009	1009
1009	2493
1009	2820
1010	3721
1011	1011
1011	2072
1011	2422
1011	3750
1012	1012
1014	1014
1015	1015
1015	1709
1015	2459
1015	3205
1015	3413
1018	1018
1018	1357
1018	1430
1018	1647
1018	1716
1018	1757
1018	1827
1018	1845
1018	2036
1018	2542
1018	2632
1018	3512
102	495
1020	1020
1020	2853
1021	1021
1021	1933
1021	3120
1021	3817
1022	1948
1022	3382
1022	3696
1023	1097
1023	1123
1024	1484
1026	1026
1026	2211
1026	3156
1026	3202
1028	1181
103	2116
103	2938
1030	1030
1030	1187
1030	1314
1030	1502
1030	2218
1030	2500
1030	2855
1030	3024
1030	3872
1031	1031
1031	2952
1032	1032
1032	1556
1032	2400
1033	1033
1033	3177
1034	1034
1037	2811
1038	2191
1039	1039
1039	2374
104	104
1041	2003
1046	1046
1046	1092
1046	1196
1046	1344
1046	1457
1046	1490
1046	1617
1046	2162
1046	2276
1046	2353
1046	2925
1046	3188
1046	3257
1046	3612
1046	3723
1046	3736
1047	3089
1048	1048
1048	1329
1048	1723
1048	2942
1048	2981
105	3678
105	915
105	945
1050	1050
1052	1052
1052	2162
1053	2242
1053	3103
1055	1055
1055	2521
1056	1056
1057	1057
1057	1340
1057	2071
1057	2383
1057	2479
1057	2585
1057	3651
1057	3776
1059	2083
1059	2664
106	106
106	125
106	1562
106	1600
106	1848
106	192
106	1952
106	2055
106	2087
106	225
106	2916
106	3152
106	3228
106	3529
106	3593
106	3908
106	3953
106	513
106	927
1060	1060
1060	2170
1060	2904
1060	3141
1061	1328
1062	1062
1062	2448
1062	3181
1063	3817
1063	3956
1064	1064
1064	1856
1064	3114
1064	3243
1065	1432
1065	1800
1065	2206
1065	3155
1069	1658
1069	2770
107	107
107	2460
107	2931
107	369
1070	1070
1070	1207
1070	1361
1070	1368
1070	1561
1070	2679
1070	3936
1073	1073
1073	3287
1073	3600
1073	3828
1075	1075
1075	1143
1075	1490
1075	2052
1075	2248
1075	2625
1075	2776
1075	3268
1078	1078
1078	1327
1078	1405
1078	2603
1079	1079
1079	1289
1079	1316
1079	1948
1079	3212
1079	3975
108	1112
108	2649
108	3131
108	3170
108	3735
108	3744
108	3774
108	414
108	672
108	864
108	916
108	927
1080	1080
1080	2711
1080	3340
1080	3676
1081	1081
1081	1217
1081	3897
1083	2057
1084	1171
1084	1893
1084	2402
1084	3114
1084	3276
1084	3372
1085	1085
1086	1404
1087	2000
1087	2461
1087	2630
1087	2885
1087	3228
1088	1277
1088	1322
1088	1742
1088	1888
1088	3151
1088	3435
1088	3875
1089	2490
109	109
109	1861
109	2060
109	2669
1090	1090
1091	1091
1091	2211
1091	3156
1091	3500
1092	1092
1092	1180
1092	2353
1092	3228
1092	3736
1094	1271
1094	1899
1095	1095
1097	1123
1098	1308
1098	1477
1098	2388
1098	2468
1099	1099
1099	2770
1099	3037
1099	3406
1099	3504
11	1080
11	11
11	1336
11	1680
11	1795
11	1962
11	2098
11	2415
11	2493
11	3422
11	3536
11	3691
11	3745
11	616
110	2657
110	924
1100	1369
1102	1102
1103	1103
1103	3975
1104	1104
1104	1217
1104	1911
1104	3750
1105	1105
1106	1106
1106	3224
1108	1108
1108	3245
111	1079
111	1915
111	2529
111	3975
111	693
1110	2225
1110	2602
1110	3118
1112	1112
1112	1369
1112	1380
1112	2009
1112	2309
1112	2384
1112	3084
1112	3131
1112	3827
1114	2325
1114	2821
1114	2854
1114	3744
1115	1115
1115	1406
1115	2176
1115	2229
1115	3195
1117	1117
1117	2954
112	1509
112	199
112	458
1120	1120
1120	2208
1123	1123
1123	2310
1123	2592
1123	2657
1123	3242
1123	3512
1125	1125
1125	3272
1130	1130
1130	2802
1131	1184
1131	2182
1131	3968
1132	1433
1132	2382
1132	2412
1132	3800
1133	2403
1134	2827
1135	1135
1135	1893
1138	3991
1139	1139
1139	1735
114	1830
114	622
1141	1628
1141	3600
1141	3828
1142	1142
1143	1143
1143	1269
1143	1289
1143	1369
1143	2376
1143	3468
1143	3749
1144	1144
1144	2776
1146	2185
1146	2690
1146	3754
1148	1341
1148	2298
1149	2657
115	341
1152	1152
1152	2041
1152	3541
1152	3710
1153	1153
1155	1155
1155	1519
1155	1747
1155	2415
1155	2513
1155	2675
1155	2756
1155	3034
1155	3263
1156	1431
1156	1953
1157	1157
1157	1255
1157	1570
1157	3817
1157	3925
1159	1159
1159	2553
1160	1647
1160	1922
1161	1161
1164	1164
1164	1271
1164	2312
1165	1165
1165	2476
1165	2548
1166	1166
1168	1168
1168	1939
1168	1969
1168	3231
1168	3875
1171	1171
1171	2904
1171	3276
1171	3372
1173	1173
1173	3505
1173	3804
1175	2781
1175	2811
1177	1177
1178	1178
1178	1533
1178	3923
1179	3107
1180	2353
1180	3736
1181	2464
1182	1182
1182	2648
1183	1183
1183	3673
1184	1184
1184	1378
1184	1407
1184	1430
1184	1471
1184	2904
1184	3006
1184	3465
1188	1188
1188	3994
1190	1190
1190	1468
1190	1635
1190	1742
1190	2057
1190	2298
1190	2311
1190	2533
1190	2632
1190	3899
1191	1191
1192	1192
1192	1716
1192	3270
1192	3393
1193	1405
1193	3667
1194	1194
1194	1514
1196	1196
1196	1457
1196	2054
1196	2341
1196	2510
1196	3252
12	3777
12	776
120	1053
120	120
120	1482
120	1486
120	1893
120	2251
120	2696
120	2762
120	2790
120	3068
120	3370
120	3491
120	3561
120	3602
120	3612
120	3621
120	3717
120	546
120	786
120	906
120	914
1201	1201
1203	1203
1203	1450
1203	1519
1203	1810
1203	1963
1203	2084
1203	3232
1204	2325
1204	3145
1205	1205
1205	3588
1208	1208
121	121
1211	1341
1211	3683
1213	1613
1213	1697
1214	1214
1214	3484
1216	1754
1216	2248
1217	1217
1217	1911
1217	3034
1217	3750
1217	3895
1217	3897
122	3781
1220	2711
1221	1221
1221	2938
1223	3644
1225	2192
1226	1226
1226	2736
1226	3616
123	3827
1230	1811
1230	2709
1230	3708
1234	1234
1237	2663
1237	3929
1238	1316
1239	1239
1239	1546
124	1193
124	124
124	1288
124	1405
124	1406
124	209
124	2229
124	3650
124	3667
1240	1240
1240	2057
1240	2632
1241	1241
1241	2538
1241	2661
1242	2898
1242	3499
1244	1244
1244	1641
1247	2982
1248	1248
1248	1277
1248	1486
1248	2292
1248	2413
1248	3769
1249	1249
1250	1250
1250	1785
1250	3644
1253	1253
1253	1369
1253	2027
1253	2647
1254	2525
1255	1570
1255	2975
1257	1426
1257	1622
126	2142
126	2645
126	3405
1263	1969
1263	2162
1265	1265
1265	1948
1265	2515
1265	2640
1265	2708
1265	3762
1266	2975
1269	1289
1269	1875
1269	2055
1269	3953
127	1005
127	127
127	2904
127	3735
1271	1271
1271	1899
1271	3450
1271	3517
1272	1706
1273	1289
1273	1304
1273	1768
1273	2473
1273	2541
1273	2560
1273	2736
1273	3694
1274	1500
1274	1975
1275	1275
1277	1283
1277	2413
1277	2611
1277	2705
1277	3270
1277	3853
128	128
128	2557
128	463
1280	1340
1280	2622
1280	2630
1280	3452
1281	2635
1283	2705
1283	3435
1283	3853
1286	1286
1286	2665
1286	3515
1286	3951
1287	1287
1288	1405
1288	1414
1288	2071
1288	3022
1288	3651
1289	1289
1289	1768
1289	1948
1289	2413
1289	3212
1289	3644
1289	3749
129	129
129	1828
129	220
129	810
1290	1290
1290	2677
1290	3657
1292	1379
1292	1704
1292	1819
1292	2013
1292	2808
1292	3918
1294	1294
1294	1470
1294	2185
1294	2736
1295	1295
1295	1362
1295	1795
1296	2365
1297	1297
1297	2457
1298	1298
1300	1300
1301	1301
1303	3547
1303	3709
1304	1304
1304	3196
1304	3642
1306	3889
1307	1680
1307	1815
1308	1308
1308	1537
1308	3423
1309	1935
1309	2128
131	1118
131	131
131	2227
131	3009
131	3528
131	366
1311	3368
1312	2010
1313	1313
1314	3024
1316	1316
1316	1826
1316	1978
1316	3975
1319	2675
1319	3034
1319	3677
1320	2949
1320	3497
1325	1325
1325	3222
1326	1326
1326	1632
1326	1860
1326	2617
1326	2657
1327	2603
1328	1328
1329	1329
1329	2908
133	1205
133	133
133	1342
133	1569
133	176
133	2260
133	2338
133	3004
133	3815
133	522
133	523
133	685
1332	1332
1332	3834
1334	3904
1335	1856
1335	2642
1339	2364
134	1930
1341	1341
1341	1893
1341	2057
1341	2377
1341	2403
1341	2654
1342	1342
1342	3019
1343	1343
1344	1344
1344	1470
1344	2000
1344	2363
1344	2630
1344	3257
1344	3790
1344	3967
1347	1680
1347	3641
1348	1348
1348	1558
1348	1656
1348	1805
1348	2116
1348	3034
1348	3214
1348	3380
1348	3750
1348	3815
1348	3891
1348	3978
1348	3982
1349	1982
135	135
135	1805
135	2155
135	3891
135	985
1350	1743
1350	3357
1351	1351
1351	2066
1352	1352
1352	1564
1352	2128
1352	3819
1353	2250
1357	1357
1357	1757
1357	1845
1357	2657
1357	3512
1357	3525
1360	1360
1360	2098
1360	3494
1361	1361
1361	1368
1361	1404
1361	2227
1361	2449
1361	3772
1361	3834
1361	3875
1361	3995
1363	1449
1363	1765
1363	2645
1363	2900
1363	3408
1363	3484
1365	1365
1365	3320
1367	1367
1367	2239
1368	1561
1368	1677
1368	2573
1369	1369
1369	1490
1369	1494
1369	2058
137	137
137	1912
1372	1372
1372	1883
1373	2532
1373	2624
1374	1374
1374	2007
1374	2200
1374	2739
1375	1918
1376	1975
1377	1377
1378	1378
1378	2463
1379	2013
1380	2364
1381	2987
1385	3308
1386	1386
1386	2318
1386	3105
1386	3679
1389	1389
1389	2372
1391	1391
1392	3787
1394	2184
1396	1396
1397	1397
1397	3089
1397	3557
1397	3688
1398	1398
1398	1466
1398	2876
1398	3709
14	191
14	2090
14	2093
14	2483
14	256
14	2648
14	3130
140	140
140	2015
140	3101
140	463
1402	1402
1404	1565
1404	1811
1404	1893
1404	2449
1404	3337
1404	3662
1404	3704
1405	1405
1405	3480
1406	1406
1406	1666
1406	2229
1406	2529
1406	2959
1407	1407
1407	3945
141	1343
1410	1906
1410	2781
1410	3033
1410	3501
1411	1411
1411	2534
1411	3908
1412	1412
1412	3065
1412	3713
1412	3904
1414	3022
1414	3597
1415	1415
1416	1416
1418	1418
1420	1420
1422	1422
1422	3533
1422	3663
1424	1424
1424	1437
1424	1754
1424	2558
1425	1425
1425	1804
1425	2452
1425	3043
1426	3497
1429	1429
143	143
143	2700
143	3029
143	897
1430	1430
1430	1471
1430	3202
1430	3439
1430	3465
1430	3908
1431	1431
1431	1968
1431	2968
1431	3407
1432	1432
1432	1800
1432	2206
1432	3155
1433	1433
1433	2412
1434	1434
1434	2792
1434	3466
1436	1436
1436	2987
1436	3249
1436	3527
1436	3736
1437	2926
1438	1848
1438	2415
1438	2422
1438	2548
1438	2980
1438	3433
1438	3759
1439	1439
1439	1567
1439	1607
1439	2568
1439	2760
144	144
144	2616
144	3329
144	758
1443	1443
1444	1444
1444	1908
1444	2004
1445	1445
1445	2110
1445	3151
1445	3270
1446	1446
1446	1632
1447	1447
1447	3408
1449	1769
1449	3070
1449	3484
1449	3772
145	1309
145	145
145	1610
145	1717
145	3157
1450	1450
1450	2084
1451	3234
1452	1452
1452	1743
1454	1454
1454	1973
1454	2776
1454	3948
1455	1455
1455	1770
1457	1457
1457	1610
1457	1717
1457	1833
1457	2678
1457	3189
1460	3121
1460	3393
1462	1998
1462	2634
1462	2996
1462	3140
1464	1464
1466	3481
1468	1468
1468	1732
1468	2298
1468	2762
1468	3297
1469	1469
1469	2795
1469	3293
1469	3903
147	1000
147	1935
147	3646
1470	1470
1470	1490
1470	1494
1470	1497
1470	1624
1470	2163
1470	2426
1470	2776
1470	3423
1470	3546
1471	2927
1471	3511
1472	1472
1472	2128
1472	2694
1472	3068
1472	3370
1472	3443
1472	3585
1473	1473
1475	2559
1475	3964
1476	2130
1476	2240
1476	2365
1476	3598
1476	3615
1477	1827
1477	2298
1477	2518
1477	3281
1482	2302
1482	2570
1482	3189
1482	3561
1483	1711
1483	3206
1484	1484
1486	1824
1486	2244
1486	2295
1486	2515
1486	2762
1486	2848
1486	3508
1486	3583
1487	1487
1488	1488
1488	1787
1490	1490
1490	1494
1490	1497
1490	2714
1490	2757
1490	2776
1490	2878
1490	3546
1492	1798
1492	1839
1493	1493
1493	2870
1494	2361
1494	2426
1494	2971
1495	1495
1495	2332
1495	3489
1496	1496
1496	2681
1496	3033
1497	2776
1498	2923
1499	1893
1499	2622
1499	3360
1499	3941
15	1051
15	15
15	270
15	3364
15	3668
150	150
150	2130
150	3615
150	3846
1500	1500
1500	1975
1500	2259
1500	3389
1502	1502
1502	2579
1503	3425
1506	1506
1507	1507
1507	2273
1508	1508
1508	2477
1508	3012
1509	3281
151	151
151	167
151	2415
151	3023
151	3151
151	616
151	810
1512	1512
1512	1811
1515	1911
1515	2116
1515	2436
1515	3299
1515	3521
1515	3959
1519	1519
1519	1678
1519	1810
1519	2156
1519	2422
1519	2718
1519	2798
1519	3403
1522	1522
1522	1724
1522	1761
1522	2718
1523	1523
1523	2218
1523	2500
1527	1527
1529	1823
1529	2784
153	153
153	2632
153	332
153	770
153	945
1536	1712
1538	1538
1538	2193
1538	3090
1538	3611
154	154
154	3626
154	3794
154	3862
1540	2467
1541	1541
1541	1664
1541	1966
1541	2102
1541	2345
1541	3932
1543	1543
1543	2113
1543	2627
1543	3189
1543	3347
1543	3377
1543	3710
1543	3750
1543	3982
1548	3581
1549	1549
1549	2677
1549	3531
1549	3657
155	1247
155	1248
155	1486
155	155
155	1617
155	1662
155	2242
155	2244
155	2292
155	266
155	2982
155	3031
155	3188
155	3260
155	3508
155	3583
155	3805
155	3870
155	497
155	550
155	842
1550	1678
1550	2635
1550	2718
1552	3630
1553	1553
1554	2522
1554	3088
1555	1583
1555	1778
1557	1557
1558	1558
1558	1656
1558	2806
1558	3214
1558	3380
1558	3646
1558	3891
1559	1559
1559	1665
1559	2588
1559	2661
1559	3929
1560	1560
1560	1971
1560	3927
1561	1561
1561	3257
1563	1563
1563	2121
1563	2516
1563	2862
1564	2057
1564	2632
1564	3064
1565	1565
1565	1775
1567	1567
1567	2555
1569	3604
157	2112
157	2283
1572	1572
1572	2037
1572	2405
1574	1574
1576	1576
1576	1785
1576	2300
1576	3923
1577	1577
1577	3486
1578	1875
1578	2055
1578	3520
1578	3953
1579	1579
1579	1718
1579	1772
1579	2396
1579	2917
1579	3038
158	1410
158	1496
158	1499
158	1512
158	158
158	3306
158	352
158	3975
158	562
158	758
158	800
158	854
1580	3241
1583	1583
1583	2736
1583	3033
1583	3367
1583	3501
1583	3518
1583	3841
1584	2679
1584	3342
1587	1587
1587	2680
1588	1588
1588	1757
159	159
1592	2701
1592	3662
1593	1593
1593	2860
1595	1595
1597	1597
1599	1747
1599	1861
1599	2060
1599	2669
1599	2729
160	194
160	296
160	3633
1600	1600
1600	2916
1601	1601
1601	3458
1602	1751
1604	1855
1604	3458
1606	1606
1607	2992
1608	1893
1608	2138
1608	2514
1608	2805
1609	2528
1610	1610
1610	1717
1610	3157
1613	1697
1613	1989
1613	3524
1617	1706
1617	2242
1617	2925
1617	3031
162	2622
162	419
1620	2456
1622	1622
1622	1728
1622	1933
1622	2227
1622	2514
1622	3451
1622	3709
1622	3988
1625	2128
1625	2822
1626	1626
1628	3600
1630	1630
1630	1971
1631	1631
1632	1632
1634	2466
1635	1635
1635	1742
1635	2122
1635	2298
1635	2327
1635	2563
1635	2632
1635	3179
1638	1638
164	1357
164	1588
164	164
164	1753
164	1757
164	1845
164	3446
164	3512
164	530
164	948
1640	2338
1640	3815
1643	1643
1644	1644
1648	2265
1648	3613
1649	1649
165	165
165	2779
165	797
165	841
1651	1916
1651	2662
1653	2603
1654	1880
1654	1908
1654	2302
1654	3423
1655	1655
1655	1764
1655	3245
1655	3789
1656	3891
1658	1658
1658	1821
1658	2660
1658	2935
1658	3270
1659	1659
1659	3593
166	166
166	321
166	3752
166	3831
1661	1661
1664	3366
1664	3500
1664	3530
1664	3932
1665	1665
1665	3929
1668	1668
1668	2025
1668	2596
1668	3712
1669	2790
1669	2909
1669	3491
1669	3602
167	167
167	2330
167	2755
167	3490
167	3536
167	3995
1670	2887
1670	2939
1674	1674
1675	1675
1677	1677
1677	3100
1677	3732
1677	3778
1678	1747
1678	1805
1678	2718
1678	3532
168	168
168	1792
168	1824
168	1833
168	2020
168	2435
168	2762
168	3763
168	995
1680	1680
1680	1811
1680	1893
1680	2330
1680	2415
1680	3350
1681	1681
1681	1985
1682	3018
1684	2094
1685	1685
1685	3855
1686	1686
1686	1742
1687	1752
1687	2707
1692	1947
1694	1796
1694	3860
1696	3370
1697	1989
1698	2630
17	17
17	1815
17	2401
17	3654
17	722
170	170
170	1940
170	2194
170	2323
170	2493
170	622
170	681
1701	2091
1704	1704
1706	2167
1706	3860
1709	1709
1709	3205
1709	3413
171	171
171	2023
171	2229
171	3532
171	3928
171	846
1710	1710
1710	3285
1712	3154
1716	1716
1716	1918
1716	2003
1716	2306
1716	2447
1716	2542
1716	2736
1716	2884
1716	2935
1716	3270
1716	3393
1716	3541
1716	3634
1716	3710
1718	1879
1718	2396
1718	3716
172	1622
172	1680
172	172
172	179
172	3360
172	3445
172	384
172	456
1720	1720
1720	2444
1720	2527
1722	2608
1723	1723
1723	2842
1723	2981
1723	3084
1724	1724
1724	1886
1724	2990
1724	3685
1725	1725
1725	1916
1725	2409
1725	2492
1725	2662
1727	2364
1728	1933
1729	1729
1729	2383
1729	2534
1729	2585
1729	2611
1729	3776
173	173
173	1795
173	2113
173	2335
173	237
173	2558
173	3377
173	452
173	678
173	866
173	957
1730	1730
1732	2122
1732	2533
1733	1733
1734	1734
1734	1905
1734	1966
1734	2272
1734	3879
1734	3969
1736	3234
1736	3750
1740	1740
1742	2632
1742	3519
1743	1743
1743	2656
1743	3357
1743	3894
1744	1982
1746	1746
1746	3696
1746	3823
1747	2669
1747	2679
1747	2718
1747	3034
1747	3234
1747	3484
1749	3103
175	1669
175	175
175	2198
175	2790
175	3454
175	629
1752	1752
1752	1992
1753	1753
1753	1757
1754	1754
1754	3302
1757	1757
1757	1845
1757	2664
1757	3446
1757	3512
1758	1758
1759	1759
1759	3050
1759	3386
1759	3856
176	2338
1761	3748
1762	1906
1762	1935
1762	3026
1763	1828
1764	3245
1765	1805
1765	1935
1765	2653
1765	2900
1765	3380
1769	1769
1769	2632
177	1463
177	177
177	3109
1770	1770
1772	1772
1772	2822
1778	1778
1778	3638
1780	1780
1780	2015
1780	3101
1782	1782
1782	1934
1782	3342
1782	3728
1783	2139
1785	3644
1786	1786
1787	2426
1789	2598
1789	3094
179	1622
179	2054
179	2235
179	2330
179	2449
179	2530
179	2755
179	2885
179	3188
179	3350
179	3360
179	3445
179	356
179	3805
179	384
179	452
179	552
179	729
179	746
1795	1795
1798	1798
1798	1839
180	1488
180	1973
180	2015
180	3101
180	3948
180	941
1800	2206
1801	3997
1802	2517
1804	1804
1804	2633
1804	3043
1804	3553
1805	1805
1805	1935
1805	2740
1805	3090
1805	3891
1806	1806
1806	3378
1808	1808
1808	2007
1808	2200
1808	3212
181	1608
181	2302
181	2514
181	2805
181	296
1811	2709
1811	3654
1812	1812
1812	2688
1815	1815
1815	2372
1815	3654
1818	1818
1818	3884
1819	1819
1819	2597
1819	3832
182	1634
182	1748
182	182
182	2097
182	2449
182	2466
182	2688
182	3183
182	3574
182	3774
1821	1821
1821	2359
1821	2806
1821	3379
1822	1822
1822	2151
1822	3238
1822	3446
1823	2433
1824	1824
1824	2256
1824	3485
1828	1828
1828	2059
1829	1829
183	183
183	2904
1830	1830
1830	3904
1832	1832
1833	2762
1833	3515
1837	2926
1838	1838
1841	2003
1841	2110
1841	3070
1841	3270
1843	1843
1845	1845
1845	2664
1846	2428
1846	3048
1849	1849
1849	2449
1849	2491
1849	3337
1849	3662
1849	3704
1851	2858
1852	1852
1852	2971
1853	1853
1854	1854
1855	1855
1856	1856
1856	2745
1856	3052
1856	3243
1857	1857
1857	3807
1857	3834
186	186
1860	2617
1861	1861
1861	2060
1861	2929
1862	2443
1866	1866
1866	3030
1868	1935
1868	2356
1869	3076
1869	3171
1872	1872
1872	1881
1872	2611
1872	3081
1874	2602
1874	3118
1875	2055
1875	3217
1875	3520
1876	1876
1879	1879
1879	1905
1879	1950
1879	3757
188	188
188	3085
1880	1880
1880	1908
1880	2169
1880	2438
1880	3327
1881	1881
1881	2611
1881	3558
1881	3696
1884	1884
1886	1886
1886	3214
1887	1887
1888	1888
1888	3889
189	654
1892	3358
1893	1893
1893	2331
1893	2622
1893	2805
1893	3154
1893	3714
1893	3941
1894	1894
1898	1898
1898	2866
1899	3450
1903	2018
1904	2376
1905	2272
1908	2004
1908	2020
1908	2302
1908	3327
1908	3423
191	1023
191	1120
191	1494
191	191
191	2130
191	2208
191	2361
191	2365
191	240
191	2418
191	2483
191	2648
191	2971
191	3130
191	3411
191	3615
191	3648
191	796
1911	1911
1911	3034
1911	3183
1915	1915
1915	3881
1916	2662
1917	1917
1918	2113
1918	2811
1918	3541
1918	3710
1918	3783
1918	3930
1919	2036
1919	2486
1919	3734
1924	3121
1924	3899
193	1462
1930	2130
1931	1931
1931	2283
1933	1933
1934	1934
1934	2022
1934	3342
1934	3728
1935	1935
1935	2200
1935	2653
1935	2740
1935	2900
1935	3380
1936	1936
1936	2393
1936	3505
194	194
194	2020
194	2302
194	2376
194	3128
194	3423
1940	1940
1940	2194
1941	1941
1941	2987
1942	2601
1948	1948
1948	2057
1948	2268
1948	2383
1948	2413
1948	2515
1948	2611
1948	2632
1948	2712
1948	3229
1948	3471
1948	3650
1948	3760
1948	3818
1951	2280
1951	2385
1951	2546
1951	3057
1951	3341
1952	3166
1953	3407
1955	1955
1955	3468
1955	3854
1956	1956
1958	1958
1958	3058
1958	3124
1959	1959
1959	3580
1959	3662
196	196
196	2964
1960	1960
1960	2147
1962	1962
1962	2112
1962	3012
1963	1963
1963	3023
1963	3724
1966	1966
1966	2337
1966	2548
1966	2756
1966	3178
1967	2315
1967	2913
1969	2523
197	1579
197	2396
1971	1971
1973	1973
1973	1993
1973	3226
1973	3948
1975	2259
1975	2413
1978	2524
1978	2544
1978	2577
1978	3735
1979	2017
1979	3539
1980	2711
1980	3132
1980	3281
1980	3491
1983	3094
199	1509
199	199
199	2017
199	2156
199	2916
199	3350
199	3403
199	3784
199	433
199	458
199	747
1991	1991
1991	3258
1991	3305
1993	1993
1993	2271
1996	1996
1998	1998
1999	1999
1999	2775
2	2
20	20
2000	2000
2000	2559
2000	3257
2002	3900
2003	2803
2003	3070
2003	3270
2004	2302
2004	3143
2004	3423
2007	2200
2007	3111
2008	2008
2008	2270
2009	3002
2009	3283
2009	3372
201	2419
201	316
2013	3045
2014	2014
2015	2015
2015	3101
2016	2016
2016	2407
2018	2216
2018	2309
2018	3481
2018	3621
202	3504
2020	2020
2020	2306
2020	2307
2020	2445
2020	3128
2020	3973
2022	2022
2022	2814
2023	2023
2023	2176
2023	2229
2023	3152
2025	2025
2029	2029
2029	2267
2029	2780
2029	3470
2029	3715
2029	3838
203	1504
203	1856
203	203
203	2745
203	3242
203	3890
203	3943
203	3951
203	741
2034	2034
2034	2113
2036	2036
2036	2542
2037	2037
2037	2405
2037	2545
2039	2039
2041	2518
2041	2681
2046	2046
2046	2143
2046	2845
205	1559
205	205
205	3697
2054	2150
2054	2369
2055	2055
2055	3953
2057	2057
2057	2632
2057	3435
2059	2059
2059	2825
206	1227
206	1621
206	206
2060	2060
2060	2929
2063	3225
2067	2993
2068	2099
2069	2069
207	1098
207	1434
207	207
207	2355
207	2468
207	2888
207	327
207	3466
2070	3512
2071	2383
2071	3081
2071	3651
2073	2073
2073	2529
2073	2752
2073	3145
2074	2074
2074	3741
2075	2075
2075	2678
2075	2930
2075	3070
2075	3904
2076	2280
2078	2667
2079	2079
2079	2836
2079	3954
208	208
2080	2680
2083	2664
2084	2712
2084	2739
2086	2086
2087	2087
2087	2328
209	1406
209	209
209	2229
209	3462
209	830
2090	2090
2090	2093
2090	2787
2091	2586
2092	2092
2092	3284
2093	2787
2096	2096
2096	2174
2096	3560
2097	2097
2097	3742
2097	3985
21	1143
21	1490
21	21
21	2769
21	313
21	3468
21	3593
21	851
21	888
2100	2100
2100	2493
2100	2879
2100	3253
2102	2345
2102	2421
2102	3188
2104	2104
2107	2107
2109	2109
2109	3652
2112	2321
2113	2164
2113	2676
2113	3338
2113	3377
2113	3710
2113	3750
2113	3878
2115	2536
2115	3439
2116	3959
2119	2119
2119	2795
212	1038
212	2011
212	212
212	3086
212	3241
212	365
212	3959
2120	2120
2120	2259
2120	2310
2120	2788
2120	3078
2122	2122
2122	2279
2122	2298
2122	2695
2122	3046
2124	2124
2124	2749
2127	2502
2128	2128
2128	2634
2128	2677
2128	2822
2128	2849
2128	3443
2128	3657
2128	3828
2129	2129
213	1352
213	213
213	3138
213	703
2130	2130
2130	2191
2130	2757
2130	3219
2130	3615
2135	2135
2137	2137
2138	2138
214	1288
214	214
214	248
214	2602
214	3118
2142	2142
2142	2655
2142	3183
2142	3383
2144	3224
2146	2146
2148	3562
2149	2149
2149	3591
2150	2227
2150	2330
2151	2151
2151	3238
2153	2153
2153	3439
2153	3601
2153	3687
2155	2155
2155	2627
2155	2868
2156	2156
2156	2679
2156	3403
216	1431
216	2968
2162	2736
2163	2163
2163	3655
2164	2676
2164	3189
2167	2221
2167	2450
2169	2934
217	217
2171	3668
2172	2172
2172	3289
2174	2174
2177	3723
2179	2179
2179	2909
218	398
218	872
2180	2180
2182	2182
2182	2437
2184	2391
2185	2185
2186	2186
2186	2698
2186	2910
2187	2187
2188	2188
2191	2191
2191	2365
2191	3615
2191	3821
2194	2194
2195	2195
2195	3986
22	1214
22	1754
22	2474
22	972
220	1001
220	1141
220	1400
220	1671
220	2026
220	2177
220	220
220	242
220	2728
220	2880
220	299
220	3165
220	3497
220	3904
220	552
220	666
220	704
220	823
220	878
2200	2200
2200	2225
2200	2653
2203	2203
2203	2330
2205	2711
2205	2736
2206	3155
2207	2429
2208	2208
2208	2418
2208	3130
2208	3752
2209	2209
2209	2248
2209	2257
2209	2529
2209	2781
2211	2211
2211	2253
2211	3156
2211	3500
2216	2216
2216	3481
222	2073
222	2752
2223	2995
2225	2248
2225	2653
2225	3497
2226	2226
2227	2227
2227	2229
2227	2262
2227	2439
2227	3437
2227	3451
2227	3709
2227	3807
2229	2229
2229	3462
2229	3696
2229	3772
2229	3797
2229	3928
223	1005
2231	2231
2232	2232
2232	2330
2232	2755
2235	3515
2236	2236
2237	2237
2237	2687
2237	3426
2237	3429
224	1734
224	1879
224	1905
224	224
224	2272
224	3039
224	3095
224	3969
2240	2240
2240	2382
2240	2422
2240	3051
2240	3383
2240	3417
2240	3750
2242	2893
2242	2975
2242	3103
2244	3583
2245	2245
2246	2246
2246	2724
2246	3112
2248	2248
2248	2257
2248	3131
2248	3152
2248	3177
2248	3696
2248	3849
225	1269
225	1289
225	1490
225	2055
225	2195
225	2225
225	2248
225	225
225	2443
225	273
225	2776
225	2927
225	3152
225	3387
225	3863
225	3884
225	3953
2253	3545
2256	3172
2257	2449
2257	3881
2259	2259
2259	2306
2259	2486
2259	2788
2259	3154
2259	3955
226	1098
226	1308
226	1537
226	3768
226	799
226	866
2262	2853
2262	2953
2262	3232
2262	3437
2265	2265
2265	2795
2265	3606
2266	3066
2268	2268
2268	2508
2268	2800
2268	3760
2270	2270
2271	2271
2273	2273
2273	3268
2276	2276
2276	2925
2277	2277
2279	2279
2279	2934
228	1098
228	1477
228	228
228	2298
228	2468
228	281
228	373
228	3964
228	3982
228	515
228	582
228	809
228	945
2280	2280
2280	2673
2282	2738
2283	2283
2289	2289
2291	2291
2291	2787
2298	2298
2298	2311
2298	2499
2298	2533
2298	3020
230	230
2300	2300
2301	2902
2302	2302
2302	2533
2302	2854
2302	3189
2302	3423
2306	2344
2306	2370
2306	2447
2306	2972
2307	3973
2308	2308
231	1430
231	231
231	3439
231	705
2310	2310
2310	3512
2310	3697
2311	2311
2311	2736
2311	3899
2315	2315
2315	2913
2317	2880
2318	3105
2319	3548
232	1629
232	3566
232	3953
232	550
2320	2938
2321	2321
2321	2421
2321	2801
2321	3188
2325	2325
2325	2821
2325	2973
2327	2327
2327	3980
2328	2328
2328	3177
2329	2329
2330	2330
2330	2364
2330	2530
2330	2755
2330	2982
2330	3254
2330	3350
2330	3592
2331	2634
2332	2332
2333	2536
2335	3768
2337	2337
2337	3178
2338	2338
2341	2341
2341	3053
2343	2343
2344	2344
2344	2708
2344	3786
2346	2346
2346	2528
235	235
2350	2350
2352	2352
2352	2607
2354	2937
2355	2355
2359	2359
2359	2640
2359	2708
2359	2976
2359	3015
2359	3058
2361	2971
2363	3257
2364	2364
2368	2368
2368	3113
2369	2369
237	1114
237	1295
237	1795
237	2113
237	237
237	3377
237	678
237	897
237	957
2370	2447
2370	2666
2370	3505
2370	3519
2372	2372
2372	2585
2372	3164
2372	3174
2372	3696
2374	2374
2374	3854
2375	2375
2375	3139
2376	2376
2376	2414
2376	2627
2376	2891
2376	3771
2376	3907
2377	2377
2378	2378
238	238
2383	2383
2383	2585
2383	3776
2384	2384
2384	3084
2387	2387
2387	3769
2391	2391
2392	2401
2392	3850
2394	2394
2396	2917
2398	2398
2399	3696
24	1647
24	1712
24	24
24	3288
24	380
24	427
24	506
24	564
24	863
24	963
240	1023
240	1097
240	1123
240	1494
240	1993
240	2971
2403	2403
2407	2407
2409	2409
2413	2413
2415	2415
2415	2756
2415	3023
2415	3299
2415	3784
2416	2416
2418	2751
2418	3130
2419	3188
2419	3449
242	1396
242	2177
242	2278
242	242
242	299
242	3723
242	452
242	823
242	865
2420	2420
2420	2694
2420	2852
2421	3188
2422	2824
2422	3034
2422	3183
2422	3383
2422	3750
2425	2425
2425	3326
2426	2426
2426	2875
2426	2878
2427	2427
2428	2428
2429	2429
243	1596
243	1724
243	2156
243	243
243	2806
243	2987
243	3376
243	3403
243	345
243	3895
243	400
243	433
2432	2662
2432	3109
2432	3696
2434	3391
2436	3825
2437	2437
2437	3545
2437	3933
2439	2477
244	244
2440	3941
2441	2441
2443	2443
2444	2444
2445	2445
2446	2725
2447	3270
2448	3181
2449	2449
2449	2530
2449	2647
2449	2790
2449	2885
2449	3213
2449	3337
2449	3392
2449	3477
2449	3491
2449	3602
2449	3662
2449	3704
245	3902
245	450
2450	3914
2454	2454
2455	2958
2456	3006
2458	2458
2459	2459
2460	2460
2461	3863
2462	2845
2464	2464
2465	3869
2466	2466
2466	3525
2467	3430
2469	2469
2471	2471
2471	3464
2472	2472
2473	2736
2475	2475
2475	3089
2476	2476
2476	2570
2477	2477
2477	3012
2478	2478
2479	3619
248	1087
248	1110
248	1569
248	1815
248	1874
248	2248
248	2260
248	248
248	2602
248	3118
248	3213
248	3451
248	3654
248	522
248	569
2481	2481
2484	2484
2484	3449
2486	2486
2486	3240
2486	3347
2486	3605
2486	3695
2486	3710
2489	3186
249	249
249	3221
249	730
249	866
2490	2667
2491	3337
2493	2493
2493	2698
2493	3023
2493	3178
2493	3691
2493	3995
2496	2881
2497	2497
2499	2499
25	1200
25	1258
25	144
25	1462
25	1757
25	193
25	2199
25	2275
25	2852
25	3607
25	3732
25	3750
25	3982
25	782
25	948
25	975
250	472
2500	2586
2500	3860
2501	3001
2502	2502
2506	3100
2506	3148
2507	2866
2507	3175
2507	3529
251	1165
251	2476
251	251
251	2548
2510	2676
2510	2991
2511	2511
2512	2512
2514	2514
2514	2928
2514	3697
2515	2762
2515	3179
2515	3338
2515	3710
2516	2862
2517	2517
2518	2681
2518	2914
2518	3633
252	1851
252	2858
2521	3380
2521	3391
2523	3404
2526	2526
2528	2528
2529	2529
2529	2682
2529	3015
253	2265
253	2795
253	3606
253	410
2530	3350
2532	2532
2532	2624
2532	2787
2532	2840
2534	2748
2534	3776
2534	3888
2536	2536
2536	3931
2538	2538
2538	2661
2538	2928
2538	3697
2538	3917
254	2015
254	254
254	2842
254	2981
254	3101
254	3687
254	541
2541	2560
2544	2544
2544	2577
255	255
255	3231
255	505
255	693
255	951
2552	2552
2553	3318
2555	2555
2556	2556
2559	3206
256	2648
256	2840
256	3021
256	539
256	597
2562	2562
2562	3461
2563	2563
2563	2839
2568	2568
2568	2760
2568	2830
257	1965
257	257
2570	2570
2570	3561
2573	2573
2575	3268
2575	3746
2575	3849
2578	2578
2578	3349
2579	2898
2579	3499
258	258
2581	2581
2582	3075
2585	3776
2586	2586
2587	3121
2593	2655
2595	2595
2599	2599
26	2981
260	260
260	3524
260	893
2600	3468
2602	2602
2602	3118
2603	2603
2604	2604
2604	2611
2604	2765
2604	3004
2604	3976
2605	2605
2606	2606
2608	2608
2611	2611
2611	3696
2611	3868
2614	2689
2616	2616
2616	3117
2616	3229
2618	2618
262	2169
262	2212
262	262
262	2934
262	3852
2620	2692
2621	2621
2622	2622
2622	2828
2622	3941
2623	2623
2625	2625
2627	2891
2627	3771
2628	2628
2628	3700
2628	3893
2630	2630
2630	2916
2630	3380
2630	3571
2630	3985
2633	3553
2634	2634
2634	3607
2636	2636
2639	2639
2639	3405
2639	3755
264	882
2640	2708
2642	2904
2643	2643
2643	3339
2645	2645
2645	3484
2645	3707
2647	2647
2648	2648
2648	2751
2648	3130
2649	2649
2649	3170
265	1034
265	1567
265	1607
265	265
265	2830
265	774
2651	2740
2654	2654
2655	2675
2655	3183
2655	3677
2656	2656
2656	3894
2657	2657
2657	3427
266	1030
266	1269
266	1617
266	1662
266	266
266	3024
266	3188
2661	2661
2661	3697
2662	3691
2663	3929
2664	2664
2664	3535
2665	3515
2666	3519
2666	3916
2667	2667
2667	3649
2668	2668
2669	2669
2669	2978
267	1562
267	1955
267	2119
267	267
267	3854
2670	2670
2670	2844
2670	3867
2671	2671
2672	2865
2675	2675
2675	2756
2675	3034
2676	2676
2677	2677
2677	3531
2677	3593
2678	2678
2678	2930
2679	2679
2679	2718
2679	2739
2679	3034
2679	3342
2679	3403
2679	3513
2679	3521
2679	3768
268	1789
2681	2898
2682	3700
2683	2683
2687	3429
2688	3920
2689	2784
269	458
269	865
2690	2690
2690	3270
2692	2692
2692	3026
2694	2694
2694	2852
2694	3585
2695	2695
2696	3612
2698	2698
2698	2910
27	27
270	1152
270	1462
270	1524
270	1676
270	2041
270	2054
270	2150
270	2167
270	2235
270	2369
270	2450
270	270
270	2703
270	3166
270	3668
270	3710
270	381
270	449
270	552
270	866
270	996
270	997
2700	3169
2701	2701
2701	3662
2702	2702
2704	2704
2705	3270
2708	2708
2708	2806
2711	2736
2712	2712
2712	2739
2713	2713
2714	2714
2718	2718
2718	3034
272	272
2720	2720
2722	2722
2729	2729
273	1143
273	1269
273	1289
273	1768
273	273
273	3212
273	3644
2736	2736
2736	2948
2736	3122
2736	3179
2736	3694
2736	3710
2736	3899
2739	2739
2739	3034
2739	3513
2739	3595
2739	3768
2740	2740
2740	3380
2740	3826
2740	3891
2741	2741
2746	2746
2746	2920
2748	3888
2749	2749
275	275
2751	2751
2753	2753
2753	3356
2756	2756
2756	3034
2757	3479
276	276
2761	2761
2761	3323
2762	3515
2762	3692
2762	3763
2762	3929
2762	3934
2763	2763
2763	2991
2765	2765
2765	3004
2765	3976
2768	2768
277	2021
2770	2770
2770	3406
2770	3504
2771	3464
2775	2775
2775	3019
2776	2776
2776	2876
2776	3546
278	278
278	3489
2780	3651
2781	2781
2781	3033
2788	3141
2788	3154
2788	3216
2788	3220
2788	3955
279	279
2790	2790
2790	3454
2790	3491
2790	3602
2791	2791
2791	3011
2792	2792
2792	3481
2798	2798
2799	2799
2799	3688
28	790
2800	3906
2801	2801
2802	2802
2804	2804
2806	2806
2806	2907
2806	3532
2806	3646
2808	2808
2808	3918
281	281
2811	2811
2812	3097
2812	3521
2813	2813
2818	3090
2819	2819
2819	3689
282	333
282	3342
2820	2820
2820	3254
2822	2822
2824	2824
2824	3635
2827	2827
2828	2828
2830	2830
2832	2832
2833	2833
2836	2836
2838	2838
2838	3941
2839	2839
284	1587
284	2080
284	2680
284	284
284	591
2840	3021
2840	3172
2841	2841
2842	2842
2842	2981
2842	3687
2842	3800
2843	2843
2843	3617
2845	3854
2848	3456
285	1046
285	1332
285	1819
285	1995
285	2309
285	2597
285	285
285	2925
285	3061
285	3332
285	3499
285	3537
285	3728
285	436
285	845
285	996
2851	3039
2851	3095
2852	2852
2858	3033
2859	2859
2860	2860
2860	3046
2860	3132
2860	3707
2866	2866
2866	3175
2866	3529
2866	3625
2866	3728
2866	3863
2868	2868
2869	2869
2869	2892
2871	2871
2871	3120
2871	3881
2875	2875
2876	3481
2876	3491
2878	2878
2879	2879
2883	3080
2884	3179
2884	3191
2885	2885
2885	3188
2885	3228
2885	3863
2887	3125
2890	2890
2891	2891
2891	3771
2891	3801
2892	2892
2893	2893
2895	3115
2896	2896
2898	2898
2898	3327
2899	2899
2899	3039
2899	3095
2899	3827
2899	3910
29	1034
29	107
29	119
29	1233
29	127
29	1476
29	2384
29	29
29	2931
29	3084
29	369
29	718
29	781
290	290
2900	3380
2901	2901
2902	2902
2904	2904
2904	3006
2905	2905
2907	2907
2907	2913
2909	2909
2914	2914
2914	3665
2916	3484
2918	2918
2918	3594
292	2670
292	2844
292	292
292	3599
292	3867
2925	2925
2927	2927
2927	3268
2927	3387
2928	3697
2935	3270
2935	3532
2936	3229
2936	3693
2938	2938
2939	2939
2939	3095
294	2657
294	2673
294	294
294	498
294	652
294	924
2945	3562
2945	3971
2946	3542
2948	2948
2948	3899
2948	3998
2949	2949
295	1625
2953	2953
2957	3020
2958	3502
296	1012
296	1919
296	2259
296	2486
296	2828
296	296
296	3240
296	3316
296	3500
296	3605
296	3695
296	3832
296	464
296	661
296	825
296	918
2960	2960
2960	3318
2961	2961
2963	2963
2964	2964
2967	3746
297	297
297	3817
297	512
2971	2971
2972	2972
2975	2975
2976	3169
2976	3714
2979	2979
298	2008
298	3249
2983	2983
2983	3592
2987	2987
2987	3249
2989	2989
2989	3479
299	1123
299	2120
299	2177
299	2310
299	616
2991	3883
2992	2992
2992	3081
2993	2993
2995	3722
2996	2996
3	1113
3	2106
3	2386
3	3
3	825
300	300
3001	3310
3001	3865
3002	3283
3004	3004
3004	3815
3004	3976
3006	3006
3012	3012
3013	3081
3015	3875
3018	3350
3019	3019
3019	3577
3019	3597
302	1994
302	2498
302	2769
302	302
302	313
302	3592
302	381
302	562
302	675
302	854
3020	3020
3022	3022
3029	3029
303	1729
303	2252
303	303
303	3914
3033	3033
3033	3207
3033	3275
3033	3501
3034	3034
3034	3768
3035	3035
3035	3567
3037	3504
3038	3038
3039	3095
3039	3827
3039	3910
304	1283
3042	3042
3043	3043
3047	3047
3047	3058
3048	3048
3049	3404
3050	3050
3050	3475
3051	3051
3051	3263
3051	3405
3051	3521
3051	3569
3051	3740
3052	3052
3052	3243
3057	3697
3058	3058
3058	3124
3059	3059
306	306
3060	3060
3061	3541
3061	3995
3062	3062
3065	3713
3065	3834
3068	3068
3068	3370
3068	3585
3069	3069
307	1099
307	3504
3070	3070
3070	3349
3070	3580
3070	3928
3071	3071
3071	3077
3075	3075
3075	3521
3076	3171
308	1007
308	1560
308	2765
308	2784
308	3004
308	308
308	3927
308	3976
3080	3080
3082	3082
3086	3959
3089	3089
3089	3688
309	2180
3090	3440
3090	3611
3095	3095
31	1028
31	3497
31	57
310	2052
310	3206
310	845
3103	3103
3107	3107
3107	3187
3109	3696
3111	3111
3111	3520
3120	3120
3121	3121
3125	3125
3125	3816
3129	3129
313	1622
3131	3744
3140	3743
3141	3220
3141	3955
3142	3142
3143	3183
3144	3144
315	1573
315	315
3154	3154
3156	3156
3156	3500
316	1972
316	2225
316	3141
316	316
316	3220
316	3884
316	621
3166	3166
317	1209
3170	3170
3170	3426
3172	3172
3177	3849
3179	3179
3179	3694
3183	3383
3186	3186
3187	3187
3189	3189
3189	3234
319	2465
319	2629
319	2779
319	319
319	334
3192	3192
3192	3321
3193	3193
3195	3195
3196	3196
3196	3929
3197	3539
3198	3198
3198	3598
32	2370
32	2814
32	566
320	1046
320	2925
320	320
320	3426
320	501
3202	3202
3204	3204
3204	3782
3204	3873
3206	3206
3206	3322
3207	3207
3208	3901
321	2043
321	2607
321	321
3210	3210
3212	3350
3213	3477
3214	3825
3217	3217
322	2758
3221	3221
3222	3222
3224	3224
3225	3804
3228	3228
3229	3268
3231	3419
3231	3715
3232	3232
3232	3385
3234	3347
3236	3236
3240	3695
3243	3243
3243	3933
3245	3245
3245	3818
3249	3249
3249	3736
3250	3250
3253	3253
3254	3254
3255	3273
3255	3723
3257	3257
3257	3728
3257	3790
3257	3967
326	326
3260	3260
3260	3693
3260	3872
3265	3648
3267	3267
3268	3385
3268	3452
327	1325
327	2189
327	2355
327	2936
327	3222
327	327
3270	3393
3270	3680
3273	3273
3273	3723
3276	3651
3277	3277
3277	3891
3277	3978
328	2846
3282	3310
3284	3284
3284	3582
3287	3287
329	1936
329	2029
329	2869
329	329
329	3470
329	350
329	3715
329	3834
3290	3290
3293	3293
3293	3896
3296	3586
3300	3300
3302	3410
3302	3532
3302	3696
3302	3771
3302	3801
331	1039
331	1674
331	1734
331	2368
331	2905
331	3113
331	331
331	3589
331	3659
331	3834
3318	3318
332	2113
332	332
332	3377
332	352
332	768
3321	3321
3321	3781
3322	3491
3325	3928
3327	3423
3328	3488
333	2266
333	3066
333	333
333	903
3337	3337
3338	3338
3338	3710
3339	3339
334	2629
334	334
3344	3344
3348	3380
3349	3349
3349	3519
3350	3350
3350	3623
3350	3799
3353	3353
3354	3891
3355	3355
3360	3879
3365	3365
3366	3366
3367	3367
3368	3368
3368	3606
3369	3369
3369	3886
337	1141
337	1628
337	337
337	3600
3370	3370
3378	3378
3380	3380
3380	3891
3385	3385
3385	3452
3386	3386
339	1655
339	1764
339	3245
339	339
3391	3391
3395	3395
3396	3396
34	151
34	3023
34	3062
340	1088
340	1361
340	1484
340	340
340	3536
340	3875
340	3995
3403	3403
3403	3539
3404	3404
3404	3866
3405	3417
3405	3707
3406	3504
3407	3407
3408	3408
3411	3615
3414	3414
3415	3415
3426	3426
3426	3429
3426	3735
343	1576
343	3207
343	343
3433	3433
3433	3961
3435	3776
3439	3439
3442	3442
3443	3443
3445	3445
3447	3447
3447	3941
345	1011
345	1188
345	1596
345	1724
345	1886
345	2072
345	3234
345	345
345	3685
345	3750
345	400
345	458
3455	3455
3457	3988
346	2188
346	346
346	555
3462	3462
3468	3468
3468	3566
3468	3749
3477	3497
3482	3482
3486	3486
3487	3487
3489	3489
349	1996
349	349
3490	3490
3491	3491
3491	3497
3491	3602
3492	3492
3493	3493
3495	3495
3497	3497
3499	3499
35	1815
35	35
35	3787
35	523
35	741
350	1936
350	2393
3504	3504
3504	3692
3504	3934
3505	3519
351	1347
351	1862
351	2443
351	2790
351	3396
351	351
351	3547
351	3674
351	3728
351	719
351	776
3510	3510
3518	3518
3519	3519
3519	3557
352	1100
352	1369
352	1410
352	1496
352	1611
352	1704
352	2041
352	2681
352	2898
352	3499
352	352
352	3878
352	408
352	461
3520	3520
3521	3577
3522	3522
3522	3587
3523	3523
3527	3527
3527	3900
353	3821
3531	3657
3532	3696
3533	3533
3535	3535
3536	3536
3537	3537
354	1057
354	2003
354	3070
354	3270
354	3651
3541	3710
3542	3542
3545	3933
3548	3548
355	2054
3558	3558
356	2054
356	2150
356	2369
356	2449
356	2530
356	3350
356	3392
356	3491
356	356
356	384
356	552
356	606
356	724
356	729
356	744
356	746
3562	3966
3565	3565
3565	3955
357	1171
357	2344
357	357
3570	3570
3576	3576
3577	3597
3577	3991
358	358
3580	3580
3592	3592
3593	3593
3593	3884
3595	3595
3595	3879
3599	3599
36	3404
360	1030
360	1269
360	1339
360	1727
360	2130
360	2364
360	3615
360	541
3600	3966
3604	3604
3607	3607
361	1582
361	1779
361	3439
361	361
361	565
3611	3611
3612	3612
3615	3615
3618	3618
3619	3619
362	2471
362	2534
3622	3622
3622	3792
3625	3625
3626	3626
3626	3862
3627	3627
363	3142
3630	3630
3632	3632
3632	3821
3633	3633
3638	3638
3644	3644
3648	3648
365	1565
365	3086
365	3241
365	3959
3650	3667
3655	3655
3657	3657
3659	3659
366	1118
366	3650
366	366
366	484
3662	3662
3662	3704
3663	3663
3668	3668
367	1165
367	1734
367	2481
367	2548
367	3317
367	726
3674	3674
3683	3683
369	1120
369	2931
369	3439
369	3655
369	369
369	377
369	774
369	939
3691	3691
3692	3934
3693	3809
3696	3696
3696	3771
3696	3801
3697	3697
3698	3939
3700	3700
3702	3702
3702	3716
3705	3705
3706	3706
371	1155
371	1438
371	1678
371	1716
371	1979
371	2156
371	2415
371	2422
371	2542
371	2675
371	2679
371	2718
371	2756
371	2824
371	3034
371	3299
371	3383
371	3539
371	3784
371	545
3711	3711
3714	3714
3715	3928
372	372
3722	3722
3723	3723
3728	3728
373	1190
373	1341
373	1635
373	2122
373	2359
373	540
373	797
373	866
3732	3732
3732	3982
3735	3735
3743	3743
3744	3744
375	1349
3750	3982
3758	3810
3759	3759
376	2002
3768	3768
377	1532
377	2228
377	377
3770	3770
3771	3801
3772	3928
3777	3777
3778	3778
3783	3783
3783	3930
379	1948
379	3566
3796	3796
38	1074
38	2355
38	327
38	38
38	656
380	1160
380	1647
380	1712
380	1922
380	506
3800	3800
3804	3804
381	1895
381	2372
381	2646
381	3622
381	3792
381	381
381	604
381	638
3817	3817
383	383
3832	3832
3833	3833
3834	3834
3837	3837
3839	3839
384	1021
384	1344
384	1578
384	1622
384	1680
384	1719
384	1815
384	1875
384	1893
384	2000
384	2044
384	2174
384	2235
384	2330
384	2415
384	2559
384	2630
384	2755
384	3143
384	3257
384	3353
384	3445
384	3491
384	3497
384	3520
384	3571
384	3602
384	3654
384	384
384	552
384	746
384	765
384	848
3845	3845
3849	3849
385	1004
385	1196
385	1457
385	1806
385	1913
385	2353
385	2552
385	3098
385	3120
385	3378
385	3565
385	385
385	3941
385	713
3853	3853
3862	3862
3863	3863
3865	3865
3866	3866
3867	3867
3869	3869
387	561
387	765
3870	3870
3873	3873
3875	3992
3880	3880
3881	3881
3889	3889
389	3013
389	389
3891	3978
3904	3904
3906	3906
3915	3915
392	3753
392	392
3924	3924
3928	3928
3929	3929
393	1627
393	2032
393	393
393	764
3930	3930
3933	3933
3934	3934
3936	3936
3941	3941
395	2227
395	3391
395	3772
395	3971
3952	3952
396	1438
396	1678
396	1761
396	2020
396	2156
396	2493
396	2645
396	2718
396	3128
396	3247
396	3403
396	3707
396	396
396	433
3966	3966
397	681
3972	3972
398	2971
3980	3980
3985	3985
3987	3987
399	399
3992	3992
3995	3995
3997	3997
3999	3999
4	2076
4	3831
4	4
4	857
4	895
40	1175
40	1220
40	1410
40	1821
40	1980
40	2205
40	2510
40	2711
40	2736
40	2975
40	3033
40	3501
40	913
400	1596
402	1300
402	2688
402	402
403	3820
403	403
404	1069
404	404
405	1749
405	3103
407	1030
407	3861
407	407
408	1265
408	1604
408	1948
408	2110
408	2298
408	2413
408	2515
408	2641
408	2762
408	2895
408	3015
408	3020
408	3270
408	3537
408	408
408	449
408	494
408	693
408	996
409	1822
409	409
410	1490
410	1701
410	2714
410	503
413	2728
413	504
413	666
416	1289
416	1948
416	416
417	1085
417	1090
417	1314
417	1523
417	1648
417	2500
417	3613
417	417
417	667
418	1361
418	864
419	1152
419	1704
419	1893
419	2041
419	2622
420	1664
420	3530
420	3932
420	420
422	1634
422	2466
422	422
422	897
423	423
425	1555
425	1583
425	1920
425	3841
425	425
425	845
425	991
426	3964
426	809
427	3288
428	1146
428	1294
428	2185
429	1190
429	2057
429	2632
43	1011
43	2422
43	3214
43	3750
430	2151
430	3238
430	430
430	733
431	1773
431	431
431	945
433	1519
433	1678
433	1761
433	2020
433	2156
433	2718
433	3376
433	3577
433	3954
433	433
434	2803
434	434
434	576
434	579
435	2880
44	1348
44	1558
44	2688
44	3097
44	3214
44	694
445	2660
445	886
446	1205
446	3163
446	3696
446	446
449	1229
449	1470
449	1490
449	1631
449	2144
449	2515
449	2641
449	3499
449	3537
449	3567
449	449
449	631
449	996
449	997
45	2565
45	3267
45	45
450	1670
450	2112
450	2851
450	2887
450	3902
450	450
452	1087
452	1186
452	1220
452	1271
452	1430
452	1523
452	1606
452	2372
452	2885
452	3202
452	3465
452	3908
452	478
452	513
452	758
452	865
453	453
454	1075
454	2029
454	2119
454	2185
454	3228
454	3232
454	454
457	1277
457	2705
457	3231
457	3715
457	3776
457	3797
457	457
457	870
457	936
457	957
458	1396
458	2079
458	2273
458	2415
458	3253
458	458
458	769
460	1332
460	460
460	832
461	1369
461	461
461	550
461	557
461	880
463	1787
463	1965
463	2423
463	2557
463	3197
463	463
463	545
464	1012
464	1026
464	1052
464	1719
464	2594
464	464
464	552
464	792
464	848
464	868
467	1022
467	3382
467	467
468	468
469	1056
469	2417
469	469
47	3582
47	47
470	2335
470	3423
470	3965
470	470
471	471
472	2949
472	472
472	529
474	1653
474	474
474	562
474	631
475	2151
477	477
478	3491
478	3571
478	478
48	1599
48	1747
48	3887
480	1935
480	2740
480	3348
480	480
480	694
480	974
482	482
483	1829
483	3439
483	483
484	2046
484	2119
484	2257
484	3849
484	631
486	1342
486	2906
486	486
49	1702
49	3368
49	49
49	634
490	2076
490	2475
490	2587
490	2673
490	2994
490	3121
490	3974
490	490
490	565
490	652
490	895
492	1316
492	1365
492	1512
492	1808
492	2235
492	3212
492	3696
492	492
494	1445
494	1716
494	1769
494	1948
494	2003
494	2110
494	2515
494	2803
494	3680
494	3853
494	494
494	843
495	1616
495	3237
495	3349
495	3368
495	495
495	919
496	646
496	856
497	1294
497	1455
497	2205
497	2711
497	2736
497	3189
497	3694
497	3742
497	866
498	2310
498	652
498	728
498	924
500	500
502	1018
502	2187
502	3512
502	3578
502	3619
502	502
503	1483
503	1526
503	2330
503	2449
503	2755
503	2790
503	2866
503	2916
503	3322
503	3350
503	3491
503	503
503	508
503	552
503	724
503	827
504	1294
504	2728
504	504
504	666
505	1449
505	1769
505	2084
505	2200
505	2739
505	3484
505	3556
505	3772
505	3928
505	843
505	951
506	1018
506	1160
506	1536
506	1633
506	1647
506	1712
506	1922
506	3001
506	506
507	507
508	1168
508	1526
508	2513
508	2824
508	3348
508	3534
508	508
508	827
51	1050
51	1165
51	1361
51	1438
51	1841
51	2314
51	2360
51	2415
51	2690
51	3302
51	3523
51	3772
51	51
51	842
510	1172
510	1959
510	2885
512	2726
512	3817
513	1092
513	2232
513	3228
513	791
515	3802
515	3982
515	515
516	1948
516	2268
518	518
52	1334
52	1412
52	2548
52	3904
520	520
520	591
520	808
521	521
522	1087
522	1569
522	1815
522	2227
522	2260
522	3451
522	3455
522	3654
522	522
523	1205
523	1569
523	3120
523	3204
523	3782
523	3815
523	523
523	638
523	828
525	525
528	1706
528	528
529	1320
529	2949
53	1845
53	384
53	53
530	1706
530	530
531	531
533	533
534	634
535	1711
535	2320
535	535
537	537
538	538
539	1043
539	1476
539	1882
539	2381
539	2418
539	2457
539	2648
539	539
539	872
540	1148
540	1190
540	1341
540	1468
540	2298
540	2327
540	2403
540	3741
541	1132
541	1311
541	1433
541	2153
541	2416
541	2776
541	2842
541	2969
541	3687
541	3698
541	3939
541	541
541	730
543	1610
543	1805
543	2490
543	2528
543	3521
543	954
543	955
545	1968
545	3197
545	3539
545	545
546	1266
546	1486
546	2251
546	2975
546	3235
546	546
549	3586
549	726
550	1309
550	1887
550	2149
550	2467
550	550
550	732
552	1280
552	1475
552	1680
552	1719
552	2000
552	2044
552	2235
552	2330
552	2493
552	2559
552	2916
552	3206
552	3353
552	3520
552	3571
552	3723
552	3971
552	552
552	729
552	746
552	848
552	913
552	927
553	1665
553	2149
553	2537
553	3058
553	3504
553	553
553	621
553	941
555	2188
556	1658
556	2660
556	2858
556	556
557	557
557	880
560	730
560	975
561	1680
561	2096
561	2174
561	2630
561	3571
561	744
561	765
562	1994
562	562
562	854
563	3190
563	3995
563	563
565	1018
565	1827
565	3439
565	3512
565	565
565	652
566	2690
566	2903
566	3928
566	566
567	1930
567	2037
567	2130
567	3219
567	3615
567	567
568	1588
569	1966
569	2416
569	2449
569	2602
569	3118
569	569
57	1810
57	3878
57	57
57	888
570	1222
570	2682
570	3881
570	570
570	631
571	1919
571	1942
571	1981
571	2806
571	571
571	969
573	2458
573	573
574	1412
574	2317
574	2880
574	3758
574	596
576	2803
577	1159
577	1915
577	2306
577	2347
577	2529
577	2553
577	2895
577	577
577	654
579	1304
579	1473
579	2020
579	3115
579	3179
579	579
580	580
581	1734
581	2790
581	3454
582	1098
582	1148
582	1477
582	2298
582	2468
582	2513
582	582
582	945
584	1006
584	1125
584	2765
584	3004
584	3272
584	3976
584	584
586	1024
586	1142
586	586
587	1033
587	1281
587	1550
587	2635
587	2746
587	2920
587	3532
587	749
587	948
588	2307
588	3973
588	630
589	1568
589	589
59	3488
590	1849
590	2491
590	590
591	2080
591	2680
591	591
591	808
592	2538
594	2459
595	1789
595	3094
595	3198
596	3758
596	3802
596	3810
596	596
597	2532
598	1013
598	1440
599	2967
599	3437
599	3746
599	951
60	210
60	60
600	2476
600	600
600	622
603	3933
604	604
606	1303
606	1622
606	2126
606	2227
606	2503
606	3451
606	3709
606	606
607	607
608	1147
609	3407
609	3623
609	609
61	109
61	2729
611	1038
611	1805
616	1795
616	1962
616	2232
616	3033
616	616
616	631
617	1183
617	2883
617	617
617	737
618	1165
618	618
619	1431
619	1971
62	2287
62	62
620	1248
620	1486
620	1767
620	2762
620	3508
620	3728
621	1114
621	1868
621	2325
621	2821
621	2973
621	3884
622	1940
622	2194
622	3042
622	3536
622	622
622	748
625	3662
626	1698
626	626
627	1386
627	2318
627	3105
627	3679
627	627
628	1609
628	2346
628	2528
628	628
629	1512
629	1723
629	2981
629	2996
629	3084
629	629
63	1343
63	141
63	63
630	2975
631	1033
631	1042
631	1045
631	1222
631	1361
631	1961
631	2529
631	2559
631	2682
631	2790
631	3177
631	3700
631	3849
631	3881
631	631
632	2813
632	3198
632	632
633	1257
633	633
634	3505
634	3557
634	3979
634	634
634	803
637	3029
638	2109
638	3374
638	638
639	1825
639	2337
639	3027
639	3178
639	3252
639	3255
64	3042
64	3995
640	2124
640	2749
641	2992
643	643
645	1456
645	645
646	1259
646	927
649	2213
65	1155
65	65
65	718
652	1018
652	2536
652	2538
652	2657
652	2673
652	3421
652	3512
652	924
654	2347
654	3079
654	3556
654	3696
654	654
654	843
654	845
655	1094
657	1326
657	1860
657	657
658	1289
658	1469
658	3293
658	3896
658	658
658	729
660	660
661	3316
661	661
662	662
664	2505
664	664
665	1486
665	2198
666	1885
666	2264
666	2728
666	3544
667	1085
668	2869
668	2892
67	1152
67	155
67	1617
67	1662
67	1749
67	1855
67	1995
67	2041
67	2071
67	266
67	270
67	285
67	2925
67	2982
67	3024
67	3332
67	3651
67	3964
67	419
67	436
67	630
67	67
67	77
67	797
67	809
671	3707
671	671
672	672
673	3593
673	673
674	2113
674	2164
674	3774
674	674
676	1411
678	3189
678	3995
678	957
68	1403
68	1467
68	1670
68	1801
68	2887
68	3125
68	3816
68	450
68	68
681	1949
681	2323
681	681
682	2939
682	682
683	1738
684	1635
684	2403
684	684
685	1569
685	685
687	1344
687	3257
687	3967
688	1393
688	688
689	1236
689	3566
689	3620
689	689
690	1700
690	2110
690	690
691	2212
691	2690
691	3781
691	691
693	1079
693	1205
693	1316
693	1795
693	1864
693	1948
693	2200
693	2268
693	2515
693	2529
693	2653
693	2936
693	3226
693	3229
693	3595
693	3644
693	3975
693	693
693	758
693	843
694	1348
694	1363
694	1765
694	2156
694	2422
694	2651
694	2740
694	2900
694	3241
694	3380
694	3408
694	3891
694	3940
694	694
694	864
694	974
695	2838
695	695
696	1751
696	696
698	1954
698	698
7	151
7	3398
7	34
7	7
70	3478
70	70
701	2406
701	2497
701	701
701	876
704	1061
704	1303
704	1328
704	2165
704	704
704	778
705	1184
705	1430
705	1471
705	2928
705	3465
705	705
705	939
706	3492
707	3248
707	3814
707	707
71	1720
71	2527
71	71
710	733
712	3927
712	712
713	1925
713	2075
713	2243
713	2515
713	2537
713	713
713	777
718	1155
718	1319
718	1610
718	1717
718	2191
718	2367
718	2422
718	2655
718	2675
718	3157
718	3383
718	3677
718	718
72	2335
72	3697
72	72
720	720
721	2774
721	721
722	1548
722	1815
722	2392
722	2401
722	2783
722	3850
723	3600
724	1021
724	1600
724	2120
724	2248
724	2267
724	2330
724	2353
724	2449
724	2630
724	2885
724	2890
724	2916
724	3491
724	724
724	786
724	864
724	888
724	913
725	1109
725	725
726	1492
726	3586
726	726
727	1407
727	2467
727	2515
727	727
727	732
728	2471
728	2771
728	3170
728	3464
728	3735
728	3778
728	728
729	1244
729	1469
729	1641
729	3769
729	3805
729	3903
729	729
73	3989
730	1018
730	1658
730	2333
730	2536
730	2627
730	3439
730	3668
730	3732
730	975
732	1887
732	2227
732	2467
732	3837
732	732
733	733
733	940
734	1105
734	1725
734	1916
735	1011
735	1454
735	1843
735	1973
735	735
737	1183
738	738
739	1075
739	1243
739	1490
739	2130
739	2208
739	3533
739	739
739	804
739	993
74	1201
74	1424
74	2015
74	3101
74	733
74	74
74	902
741	1820
741	741
742	2993
742	742
742	939
744	1344
744	2054
744	2150
744	2174
744	2369
744	3257
744	3612
744	744
744	765
746	2054
746	2150
746	2369
747	3784
749	1660
749	3849
749	749
75	1080
75	1450
75	2273
75	2474
75	3268
75	3519
75	3691
75	75
750	750
755	755
757	1734
757	3776
758	1003
758	1079
758	1131
758	1223
758	1250
758	1289
758	1327
758	1785
758	1864
758	1948
758	2372
758	2846
758	2936
758	3212
758	3229
758	3644
758	3799
758	3809
758	3968
758	3975
758	758
758	837
758	925
760	1324
761	1620
761	2456
761	2607
761	3147
761	761
763	1471
763	3511
763	763
764	1808
764	764
765	1680
767	1893
767	2622
767	3941
768	991
769	1805
769	2812
769	3743
77	2071
77	3132
77	3177
77	3622
77	3651
77	626
77	77
771	807
772	772
773	2593
773	2655
773	3277
773	773
774	1439
774	1567
774	1607
774	2365
774	2760
774	774
774	796
776	3777
776	776
777	1925
777	2200
777	2267
777	991
780	1782
780	3728
782	1661
782	782
784	1303
784	1361
784	784
785	1306
785	3889
788	979
790	2259
790	2486
791	1167
791	1264
791	1815
791	2598
791	3654
791	791
791	988
792	1500
792	1625
792	1838
792	2207
792	2259
792	2429
792	2634
792	2788
792	2822
792	2917
792	3298
792	792
792	849
792	948
794	1060
794	2170
794	2201
794	2220
794	3732
794	794
796	1296
796	2191
796	2365
797	1152
797	1424
797	1437
797	1449
797	1716
797	1821
797	1824
797	1906
797	1918
797	2359
797	2515
797	2762
797	3236
797	3338
797	3541
797	3647
797	3710
797	3852
797	3964
797	3982
797	797
797	809
797	814
797	840
797	841
798	2434
798	3310
798	3391
798	798
798	878
799	1522
799	1761
799	3097
799	799
8	1559
8	2588
8	2771
8	3464
80	3201
80	80
800	1499
802	2100
802	2437
802	2513
802	3253
802	3278
802	802
803	1173
803	3225
803	803
804	2538
804	804
806	3474
806	806
807	1195
807	2098
807	2869
807	807
807	985
809	1098
809	1265
809	1566
809	1716
809	1880
809	3235
809	3423
809	3541
809	3710
809	3802
809	3964
809	809
809	840
81	1734
81	2262
81	2575
81	3126
81	3232
81	3532
81	3746
81	599
81	712
81	81
812	1069
812	2770
812	812
814	2406
814	3852
814	814
817	2016
817	2866
819	2905
819	819
82	685
820	2628
820	2887
820	3249
820	820
822	2860
823	1537
823	1614
823	1841
823	1880
823	2057
823	2177
823	2632
823	2898
823	3061
823	3156
823	3165
823	3232
823	823
823	866
823	962
824	824
825	2486
825	3240
825	3695
825	825
825	918
827	1483
827	1526
827	827
828	3782
829	1468
829	1833
829	3297
829	3367
829	949
83	1190
83	2122
83	2659
83	373
83	83
83	936
83	945
831	3867
832	1332
832	1828
832	832
834	3597
835	1021
835	2421
835	2885
835	3188
835	835
836	1893
837	1070
837	2265
837	837
838	2610
839	1001
839	1671
839	3882
839	839
839	888
84	202
84	2209
84	2225
84	2344
84	2663
84	3332
84	3449
84	858
840	1942
840	1951
840	2558
840	2661
840	3341
840	3541
840	3710
841	2359
842	1046
842	2164
842	2676
842	2712
842	2927
842	2995
842	3131
842	3302
842	858
842	916
843	1449
843	1769
843	2200
843	2391
843	3437
843	3556
843	3772
843	843
843	951
845	1819
845	2207
845	3079
845	3556
845	845
845	917
846	2023
846	2229
846	3928
848	1021
848	1052
848	1092
848	1157
848	1407
848	1648
848	1927
848	3817
848	848
849	1295
849	1500
85	1026
85	2211
85	2486
85	85
850	850
852	852
854	1994
854	854
855	2622
855	3260
858	1046
858	1680
858	1818
858	1893
858	1914
858	3367
858	858
86	420
86	86
864	1075
864	1086
864	1203
864	1404
864	1450
864	1680
864	1811
864	2330
864	2790
864	2916
864	3131
864	3491
864	3497
864	864
865	865
866	1152
866	1308
866	1537
866	1676
866	2234
866	2558
866	2679
866	2681
866	2718
866	2736
866	2811
866	2898
866	3768
866	866
866	957
87	1088
87	2858
872	3682
873	2224
873	3358
873	873
874	874
875	3535
876	1687
876	1752
876	1987
876	876
877	3426
878	3391
880	1734
880	1748
880	880
882	1504
882	882
884	2181
886	1712
886	1893
886	2259
886	3154
888	1001
888	3039
888	3282
888	3593
888	888
889	1857
89	3493
890	1315
890	2248
890	2809
891	1287
891	1587
893	1613
893	1778
893	3524
893	3659
893	893
894	2587
895	3831
897	3189
897	3895
897	897
899	2465
899	3869
90	1888
90	2538
90	2934
90	90
900	2606
902	1424
902	1437
902	1754
902	902
902	979
903	903
905	2820
906	2331
908	2622
912	2425
912	912
913	1080
913	1087
913	1980
913	2205
913	2559
913	2630
913	2711
913	2736
913	3491
913	3529
913	3728
913	913
914	2330
914	2790
914	914
915	1923
915	2403
915	915
915	945
916	1369
916	3131
916	3744
916	957
917	1462
918	2486
918	3240
918	918
919	1616
919	2578
919	3349
919	3368
919	919
92	92
920	920
921	2630
921	921
922	922
923	1442
923	2960
923	923
924	1149
924	2657
924	3057
924	3427
924	924
925	1075
925	1389
925	1490
925	1540
925	1808
925	2467
925	2616
925	3302
925	925
925	993
927	1259
927	2220
927	2248
927	2879
927	927
929	1157
930	1593
930	2765
930	2784
930	3004
930	3753
930	3976
930	930
933	3840
936	1742
937	2017
937	3075
937	937
938	1117
938	2954
939	1120
939	2208
939	2842
939	3655
939	3687
939	939
94	1190
94	94
940	1793
940	1824
940	2811
940	940
941	2770
941	941
942	2838
943	1078
945	1190
945	1773
945	2298
945	2403
945	2533
945	945
946	946
947	2477
947	3797
948	1200
948	1210
948	1253
948	1258
948	1292
948	1753
948	1757
948	2128
948	2199
948	2275
948	2486
948	2519
948	2581
948	2635
948	2694
948	2852
948	2894
948	3068
948	3298
948	3607
948	3982
948	948
949	1004
949	1468
949	2091
949	2762
949	3297
949	3367
949	3565
949	949
95	1004
95	1913
95	3565
95	385
95	949
951	1449
951	1593
951	1769
951	2112
951	2184
951	2229
951	2391
951	2439
951	3232
951	3437
951	3484
951	3715
951	3893
951	3981
951	951
953	1022
953	3109
953	3696
953	3950
953	953
954	2490
954	954
955	1169
955	1557
955	955
957	1890
957	2558
957	3744
958	2273
958	2470
958	2879
958	3353
958	958
962	962
965	3410
967	1875
967	3217
967	967
968	1009
968	2820
968	3254
97	1329
971	971
973	1308
973	1544
973	2486
973	2620
973	2854
973	3026
973	3327
974	3408
976	3818
976	976
978	3781
978	978
979	2344
98	3912
980	1580
980	2975
983	1829
983	2733
983	983
984	3766
985	1458
985	2155
985	985
986	1417
986	2798
988	3756
990	3265
990	3648
990	990
991	1583
991	3458
991	3502
991	991
993	1135
993	1848
993	1970
993	2029
993	2449
993	2845
993	2876
993	2961
993	3350
993	3491
993	3838
993	993
994	1099
994	2770
994	3504
995	2497
995	3390
996	1242
996	1486
996	1604
996	1948
996	2579
996	2703
996	2762
996	3257
996	3297
996	3499
996	3790
996	996
996	997
997	1918
997	2703
997	997
998	1622
998	1728
998	998
999	2167
999	3781
999	999
