#Nodes	4000
#Edges	8812
10	10
10	1080
10	11
10	1187
10	1336
10	141
10	154
10	1545
10	1794
10	1971
10	2051
10	2233
10	2493
10	2701
10	2709
10	2963
10	3042
10	3125
10	3187
10	3261
10	3344
10	3359
10	349
10	3519
10	3560
10	3676
10	3691
10	37
10	3723
10	3847
10	3936
10	75
10	837
1001	1671
1002	2145
1003	1003
1003	1327
1004	1096
1005	1005
1005	1554
1005	3114
1006	2476
1007	1007
1007	1569
1007	1715
1007	2023
1007	2376
1007	2399
1007	2544
1007	2595
1007	2683
1007	2689
1008	1389
101	101
1010	3721
1011	1011
1011	1886
1011	2320
1012	1472
1012	3585
1013	1440
1014	1017
1015	2209
1015	2223
1015	2248
1015	3007
1016	3244
1018	1018
1018	2570
1019	1019
1020	1020
1020	2286
1020	2320
1020	3397
1021	1021
1021	1590
1021	1786
1021	2364
1021	2726
1021	3093
1021	3213
1022	2879
1022	3044
1022	3109
1022	3158
1022	3696
1023	1097
1023	1123
1023	2022
1023	2520
1023	3242
1023	3512
1026	1026
1026	3156
1029	1029
1029	1123
1029	1740
1029	1860
1029	2998
1029	3512
103	103
103	1191
103	2258
1030	1030
1030	2866
1031	1031
1031	1216
1031	2316
1031	2364
1032	1032
1032	1126
1032	1556
1032	2400
1033	1033
1033	3166
1033	3213
1035	1511
1035	2266
1035	3217
1036	1084
1036	1856
1036	3028
1037	1984
1037	2149
1037	2811
1037	3591
1038	1038
1038	1805
1038	3086
1038	3348
1039	2374
1039	3589
104	104
1041	1041
1041	1601
1041	1890
1041	2306
1041	3231
1041	3270
1041	3419
1041	3519
1041	3853
1042	1482
1042	2682
1043	1043
1043	1740
1043	2998
1043	3130
1043	3821
1044	1044
1045	2271
1046	1046
1046	1181
1046	1280
1046	1486
1046	1622
1046	1680
1046	2616
1046	2925
1046	2996
1046	3024
1046	3257
1046	3322
1046	3396
1046	3500
1046	3842
1046	3903
1047	2293
1048	1048
1048	2604
1048	2942
105	1732
105	3170
105	431
105	684
1050	2155
1051	1634
1051	3364
1052	3408
1053	1523
1053	1744
1053	1952
1053	2622
1055	1055
1055	2476
1055	2521
1056	1056
1057	1057
1057	1414
1057	1626
1057	1719
1057	1748
1057	2071
1057	2534
1057	3263
1057	3651
1057	3776
1057	3881
1059	1059
1059	2197
1059	2664
106	106
106	1079
106	1289
106	192
106	1980
106	2055
106	2235
106	2626
106	2710
106	3070
106	3257
106	3491
106	3542
106	356
106	3602
106	3735
106	381
106	384
106	917
1060	1060
1060	1184
1060	1208
1060	1333
1060	1625
1060	1868
1060	1893
1060	2170
1060	2344
1060	2486
1060	2554
1060	2838
1060	3141
1060	3436
1060	3955
1061	1328
1062	1427
1062	3671
1063	1063
1063	1262
1064	2437
1064	3114
1065	1432
1065	1800
1065	2206
1066	1066
1066	3132
1067	1067
1067	1290
1067	1913
1067	2565
1067	2677
1069	1069
1069	2488
1069	3037
1069	3406
1069	3812
107	107
107	1120
107	2861
107	369
107	442
107	483
1070	1070
1070	1098
1070	1543
1070	1596
1070	1940
1070	1992
1070	2513
1070	2718
1070	3750
1072	1072
1073	1647
1074	1190
1075	1075
1075	1532
1075	2171
1075	3533
1076	1076
1077	1077
1077	1291
1077	1809
1077	2034
1077	2399
1077	3014
1078	1078
1078	2603
1079	1079
1079	1808
1079	1955
1079	2616
1079	2660
1079	2982
1079	3735
1079	3857
1079	3975
108	1369
108	1879
108	1890
108	2481
108	2647
108	282
108	3131
108	3218
108	3744
108	3931
108	414
108	491
108	916
108	957
1080	1080
1080	1259
1080	1431
1080	2711
1080	2736
1080	2968
1080	3286
1080	3483
1080	3676
1081	1300
1081	3034
1081	3097
1081	3484
1083	1209
1083	2771
1083	3015
1084	2118
1085	1085
1085	1295
1085	2348
1085	2838
1085	2847
1085	2964
1085	3751
1085	3967
1086	1332
1087	1087
1087	1318
1088	3292
1089	1089
1089	2490
1089	2667
109	109
109	1547
109	1588
109	2378
109	2458
109	3218
1090	1112
1090	1271
1090	1486
1090	1617
1090	2312
1090	2429
1090	2510
1090	2995
1090	3517
1092	1092
1092	1180
1092	1565
1092	2759
1092	2765
1092	3736
1094	1094
1097	1123
1098	1098
1098	1308
1098	1635
1099	3037
1099	3406
1099	3504
11	11
11	1334
11	1336
11	1347
11	1351
11	1795
11	187
11	2098
11	2233
11	2346
11	2449
11	2493
11	2963
11	3253
11	3255
11	3278
11	3352
11	3536
11	3562
11	3571
11	3691
11	37
11	3723
11	384
11	3847
11	3904
11	3936
11	513
11	678
11	802
11	807
11	837
11	864
11	985
110	110
110	3512
110	498
1100	1248
1102	3777
1103	1103
1103	3995
1104	1104
1104	2900
1105	1105
1105	1916
1106	3224
1108	1368
1108	1462
1108	1680
1108	2019
1108	2372
1108	2886
1108	2892
1108	3559
111	111
1111	1111
1112	1112
1112	1523
1112	2034
1112	2309
1112	3136
1112	3616
1112	3692
1112	3811
1114	1114
1114	1232
1114	2821
1114	2973
1114	3583
1115	1115
1115	2023
1115	3195
1116	1398
1116	1858
1117	1117
1119	1495
112	1351
112	1509
1120	3655
1121	1121
1121	1155
1121	1319
1121	1371
1121	1404
1121	2020
1121	2117
1121	2943
1123	1123
1123	1845
1123	1860
1123	3242
1123	3512
1124	1124
1124	1752
1124	1897
1124	2449
1124	3595
1126	1794
1126	2400
1127	2551
1127	3058
1129	2144
113	3344
1130	2802
1133	1468
1133	2122
1133	2298
1134	1134
1134	2827
1135	1659
1135	2961
1136	2381
1138	1138
1138	3232
1138	3597
1138	3991
114	114
114	1233
114	1361
114	1368
114	193
114	2892
114	3497
1141	1141
1142	2008
1142	2452
1142	2638
1142	3249
1143	1143
1143	1358
1143	1482
1143	1785
1143	1952
1143	1955
1143	2416
1143	2600
1143	2772
1143	2866
1143	3468
1143	3644
1143	3749
1144	1144
1144	2757
1144	2776
1145	2974
1146	2185
1146	2690
1148	1148
1148	1468
1148	1732
1148	1814
1148	1924
1148	2057
1148	2298
1148	2970
115	1394
115	820
1150	1150
1150	2051
1150	2330
1150	2580
1150	2755
1150	3387
1151	1215
1151	2375
1152	2925
1155	1155
1155	1371
1155	1386
1155	1519
1155	1610
1155	1628
1155	1761
1155	1992
1155	2020
1155	2123
1155	2340
1155	2834
1155	3247
1155	3403
1155	3744
1155	3748
1155	3753
1159	2831
116	116
116	2639
116	2651
1161	1161
1161	2396
1161	3851
1162	1162
1162	2439
1163	1163
1163	1819
1163	2514
1163	2597
1163	2809
1163	3624
1164	2778
1165	1165
1165	1203
1166	3207
1167	1167
1167	1174
1167	1302
1167	2134
1167	2642
1167	2745
1168	3250
1168	3745
1169	1169
117	3862
1170	1170
1171	1171
1171	1184
1171	1856
1171	1893
1171	3276
1171	3779
1172	1172
1172	1712
1172	2246
1172	2863
1174	1174
1174	1302
1176	1176
1176	1959
1177	1177
1177	3366
1178	1914
1178	2049
1178	2273
1178	2304
1178	2734
1178	3024
1178	3430
1178	3483
1178	3884
1178	3958
1179	3140
1179	3187
118	1265
1181	1280
1181	3203
1181	3903
1182	1182
1182	2648
1183	1183
1183	2883
1183	3673
1184	1184
1184	1430
1184	2104
1184	2170
1184	2253
1184	2514
1184	3372
1184	3661
1184	3912
1185	2823
1187	1187
1187	1269
1187	1662
1187	2701
1187	3877
1188	1188
1188	3994
1189	1189
1189	1361
1189	1369
1189	1534
1189	1680
1189	1689
1189	2150
1189	2180
1189	2330
1189	2449
1189	2454
1189	2530
1189	2755
1189	2892
1189	3213
1189	3301
1189	3477
1190	1190
1190	1240
1190	1338
1190	1468
1190	1543
1190	1773
1190	1814
1190	1924
1190	2074
1190	2298
1190	2301
1190	2302
1190	2311
1190	2697
1190	2798
1190	2970
1190	3279
1190	3423
1190	3852
1191	1191
1191	1979
1191	1991
1191	2079
1191	2574
1191	2593
1191	2645
1191	2740
1193	2921
1194	1194
1194	1261
1194	1514
1194	1956
1194	2661
1194	3697
1196	1369
1196	2388
1196	2510
1198	1765
1198	1935
1198	2268
1198	3755
1199	1199
1199	2144
1199	3095
12	12
12	1412
12	233
12	2578
12	298
12	3065
12	3777
12	3904
12	719
12	766
12	952
120	120
120	1307
120	1482
120	1600
120	1932
120	1950
120	2221
120	2573
120	3103
120	3253
120	3561
120	404
120	855
1201	1201
1202	1202
1202	3879
1203	2391
1204	1204
1204	1554
1204	2325
1204	2821
1204	2973
1204	3006
1204	3938
1205	1205
1205	1231
1205	1729
1205	2611
1205	2716
1205	3588
1206	2639
1207	1207
1207	1233
1207	3451
1207	3497
1208	1208
1208	2518
1208	3657
1209	1209
121	121
121	393
1210	1210
1210	1860
1212	2640
1212	2708
1212	3762
1214	3484
1214	3962
1217	1348
1217	1363
1217	3345
1217	3891
1218	1218
1219	1219
122	1059
122	1232
122	1803
122	237
122	3763
1220	2034
1220	2205
1221	1221
1221	2938
1221	3351
1221	3753
1223	1223
1223	3644
1223	3654
1225	1225
1225	2192
1226	1226
1226	3616
1226	3915
1228	1228
1229	1229
1229	1821
1229	2781
123	1019
123	1072
123	123
123	2871
123	3842
123	913
1230	1811
1231	1231
1231	1809
1232	1591
1232	1803
1232	3763
1232	3904
1233	1361
1234	1658
1236	1236
1236	1948
1236	3174
1236	3462
1237	1237
1238	1826
1239	1239
1239	1281
1239	1546
1239	1795
1239	2415
1239	2635
1239	3825
124	1079
124	1193
124	124
124	1577
124	173
124	1731
124	2145
124	2173
124	2229
124	225
124	2262
124	2305
124	2425
124	2529
124	2611
124	2739
124	3470
124	3532
124	3667
124	3696
124	3735
124	3838
124	3928
124	403
124	713
1240	1240
1240	2074
1240	2311
1240	3975
1241	1686
1241	1851
1242	2161
1243	1243
1243	3931
1244	1244
1244	2586
1244	3433
1245	1245
1245	1455
1246	1246
1246	2229
1246	2262
1246	2953
1246	3715
1247	1541
1247	2668
1248	1248
1248	1486
1248	2292
1249	1249
1249	1798
125	125
125	1411
125	1606
125	1848
125	1926
125	3120
125	3226
125	3438
1250	3644
1251	1251
1251	1783
1251	2139
1253	1369
1256	1256
1256	2229
1256	2529
1256	3735
1257	1375
1258	3412
126	126
126	392
126	396
1261	1261
1261	1514
1261	2957
1263	1969
1263	2026
1264	1264
1267	1267
1267	3044
1268	1268
1268	2829
1269	1269
1269	3877
127	1435
127	2422
127	2675
1271	1271
1271	1523
1271	2540
1271	2601
1271	3517
1271	3878
1272	2238
1272	3170
1273	2541
1273	2560
1273	2895
1274	1274
1274	1500
1274	2150
1274	3389
1274	3947
1277	1304
1277	2413
1277	2560
1277	2895
1278	1934
1278	1972
1278	2220
1278	2916
1278	3728
1279	3093
1279	3166
1281	1281
1281	2635
1281	3686
1283	1341
1284	1284
1284	2506
1284	2568
1284	2592
1284	2830
1284	3100
1285	1285
1286	2373
1287	1287
1289	1289
1289	1411
1289	2055
1289	3542
1289	3558
1289	3593
1289	3975
129	3990
129	756
129	810
1290	1290
1290	2565
1290	2677
1291	1809
1291	2604
1291	3776
1292	1292
1292	2013
1292	3918
1293	1293
1293	1356
1295	1295
1296	2423
1297	1729
1297	3471
1298	1298
1298	1600
1298	3685
13	13
13	1936
13	1999
13	2393
130	1021
130	2559
130	2961
130	3495
130	3728
130	384
130	552
130	707
130	746
130	768
1300	1522
1300	1815
1300	1843
1301	1301
1304	1304
1304	2560
1304	2895
1304	3226
1304	3542
1304	3642
1305	1341
1305	1888
1305	2020
1305	2185
1305	2306
1305	2538
1305	3121
1305	3228
1305	3270
1305	3519
1305	3974
1306	1306
1306	1770
1306	1974
1306	2110
1306	2327
1306	2777
1306	2803
1306	3418
1306	3889
1307	1895
1308	1308
1308	1537
1308	1596
1308	1676
1308	2620
1308	2898
1308	3061
131	1118
131	131
131	1505
131	2114
131	3442
131	345
131	3528
131	366
131	458
1310	1310
1310	1554
1310	1893
1310	2105
1310	3067
1310	3854
1311	3993
1312	1312
1312	2011
1312	3051
1313	1313
1314	1502
1314	1662
1314	3024
1314	3872
1315	1315
1315	3985
1317	2258
1317	3241
1319	2045
1319	2250
1319	2415
1319	3017
1319	3677
1320	1320
1321	3939
1322	2690
1324	2072
1325	1325
1325	1379
1325	2189
1325	2355
1325	2882
1325	3222
1326	1860
1327	1327
1327	2274
1328	1328
133	1007
133	1046
133	1048
133	133
133	1353
133	1569
133	1809
133	1872
133	1943
133	2534
133	2604
133	2765
133	3004
133	3604
133	3795
133	3815
133	3976
133	625
133	685
133	930
1331	3783
1332	1332
1332	2480
1332	3995
1333	1712
1333	2486
1333	2554
1334	3253
1335	1335
1335	2039
1335	2134
1335	2392
1335	2642
1339	1339
1339	1727
1339	2364
1339	3692
134	134
134	3714
1341	1341
1341	1468
1341	1742
1341	2062
1341	2298
1341	2403
1341	2632
1341	2792
1341	2933
1341	3015
1341	3680
1341	3853
1343	1412
1343	1441
1343	1525
1343	1565
1343	1585
1343	1775
1343	2080
1343	2831
1343	3713
1343	3726
1344	2054
1344	2141
1344	2363
1344	2449
1344	2530
1344	2996
1344	3257
1344	3571
1345	1345
1346	1346
1346	1634
1346	1880
1346	2410
1346	3456
1346	3852
1346	3965
1347	1347
1347	1581
1347	2493
1348	1348
1348	1491
1348	1596
1348	1935
1348	3750
1348	3891
1349	3657
135	135
135	1944
1351	1351
1351	1412
1351	2066
1351	2493
1351	3299
1352	1352
1353	1353
1354	1745
1354	1996
1354	2979
1355	1355
1355	2223
1355	3504
1358	2866
1359	1535
1359	3625
1360	1360
1360	2029
1360	2184
1360	2678
1360	3070
1361	2180
1361	2435
1361	2892
1361	3015
1361	3344
1361	3875
1361	3881
1365	1365
1365	1388
1365	2145
1365	3212
1366	3557
1367	1367
1367	2239
1368	1368
1368	1561
1368	1628
1368	2373
1368	2892
1369	1369
1369	2248
1369	2341
1369	2647
1369	2697
1369	3367
1369	3634
137	1685
137	1912
137	2174
137	821
1370	1867
1371	1610
1372	1372
1372	1883
1373	1373
1373	2532
1373	2624
1374	1876
1376	1376
1376	3159
1377	1377
1377	2729
1378	2463
1378	3513
1379	1594
1379	1746
1380	1896
1380	2847
1380	3398
1381	2129
1382	1836
1384	1384
1384	2148
1385	1385
1385	1683
1386	1386
1386	1935
1386	2318
1386	3105
1386	3256
1386	3613
1386	3679
1388	3282
1389	1389
1389	3462
139	139
139	2843
1390	2810
1391	1391
1392	1392
1393	3032
1393	3249
1394	1394
1394	1650
1394	1690
1394	2184
1394	2262
1394	2354
1395	1395
1396	1396
1396	2148
1397	1397
1397	1601
1397	1888
1397	2799
1397	3089
1397	3458
1397	3557
1397	3688
1397	3974
1398	1466
1399	1399
14	14
14	2090
14	2093
14	2787
140	1191
140	140
140	166
140	191
140	2381
140	2456
140	2557
140	3147
140	463
140	761
1400	1400
1400	3739
1401	2871
1401	2893
1401	3257
1403	1670
1403	2887
1404	1404
1404	2117
1404	3015
1406	1406
1406	2229
1406	2268
1406	2959
1409	1409
1409	3400
141	1080
141	1259
141	141
141	2955
141	3676
1410	1410
1410	1496
1410	2138
1410	2427
1410	2681
1410	3006
1410	3269
1411	1411
1411	3226
1411	3923
1412	1412
1412	1968
1412	2578
1412	3065
1412	3350
1412	3527
1412	3713
1414	1569
1414	1729
1414	2071
1414	2550
1415	1415
1415	3941
1418	1418
1418	1579
1418	1772
1418	2917
1419	1419
1419	2314
142	212
142	365
142	611
1421	1421
1421	1581
1421	3865
1422	1608
1423	1423
1423	1917
1423	2657
1424	1424
1425	1425
1425	1804
1425	2547
1425	2897
1425	3043
1426	1426
1426	2848
1426	2961
1426	3504
1426	3728
1426	3844
1427	1427
1427	3671
1428	1428
1428	2036
1429	1429
143	1037
143	143
143	198
143	2700
1430	1430
1430	1454
1430	1471
1430	3511
1430	3624
1430	3661
1431	1431
1431	1886
1431	1953
1431	3407
1432	1800
1434	1503
1434	3384
1435	1435
1435	3479
1436	1436
1436	3326
1438	1519
1438	1596
1438	2415
1438	2422
1438	2824
1438	2980
1439	2555
144	1365
144	144
144	1712
144	1850
144	2372
144	2502
144	2519
144	2616
144	3063
144	3288
144	3352
144	3469
144	3936
144	758
1441	1441
1441	1565
1441	1585
1441	3480
1442	2023
1443	1443
1444	1444
1444	1908
1444	2004
1444	2204
1444	2531
1444	3360
1444	3602
1444	3764
1444	3929
1445	2264
1445	2437
1445	3680
1445	3876
1446	1446
1447	3408
1449	1449
1449	1769
145	1214
145	1457
145	1741
145	1935
145	2826
145	3305
145	3962
145	772
145	773
1450	1450
1450	2084
1452	2183
1452	2666
1454	3006
1455	1888
1457	1457
1457	1610
1457	1833
1457	1913
1457	3305
1457	3499
1458	1458
1458	1940
146	146
146	3236
146	3929
146	550
146	849
1462	3140
1463	1463
1463	1794
1463	2196
1463	2411
1463	2626
1463	2783
1463	3206
1463	3606
1466	1466
1466	2227
1466	2424
1466	2885
1466	3232
1466	3654
1467	1467
1468	1468
1468	1773
1468	1814
1468	1924
1468	2298
1468	2403
1468	2632
1468	2970
1468	3466
1468	3741
1468	3853
1468	3899
1468	3970
147	1000
147	1198
147	1217
147	147
147	1515
147	1724
147	1765
147	1783
147	1833
147	1935
147	2139
147	2258
147	2691
147	2793
147	3110
147	3241
147	3305
147	3380
147	3750
147	3798
147	3978
147	402
147	446
147	476
147	535
147	772
147	773
1470	1470
1470	1490
1470	1497
1470	2607
1470	2776
1471	3511
1472	1472
1472	3068
1472	3316
1472	3370
1472	3443
1472	3585
1474	1474
1476	1476
1476	1882
1476	2557
1476	3357
1477	1477
1477	2518
1479	2951
148	148
148	151
148	3805
1480	1480
1482	1482
1482	1535
1482	1667
1482	1796
1482	2234
1482	2266
1482	2890
1482	3217
1482	3561
1483	1483
1483	2685
1483	3971
1484	1484
1484	1966
1484	2186
1484	3589
1484	3875
1485	2900
1485	3380
1486	1486
1486	1727
1486	2244
1486	2292
1486	2848
1486	3031
1486	3508
1486	3870
1487	1487
1489	1879
1489	2051
1489	2363
1489	3257
149	2164
149	2647
1490	1490
1490	1494
1490	1497
1490	1973
1490	2090
1490	2776
1490	2971
1490	3061
1490	3157
1490	3854
1490	3880
1491	2358
1491	3661
1492	3158
1492	3600
1493	1493
1493	2870
1494	2208
1494	2361
1494	2971
1494	3130
1494	3533
1495	2332
1495	3198
1496	1524
1496	1910
1496	2138
1496	2679
1496	2681
1497	1497
1497	2482
1497	2757
1498	1498
1498	2923
1500	1500
1500	2189
1500	3389
1500	3947
1502	1502
1503	3425
1504	1504
1504	1860
1504	1878
1506	1506
1508	1508
1509	1789
151	1370
151	151
151	1867
151	2415
151	2781
151	3023
151	3252
151	3805
1510	1510
1510	2943
1510	3783
1510	3930
1511	1946
1511	2266
1511	3217
1513	1513
1513	2537
1514	2661
1515	1515
1515	1935
1515	2116
1515	2258
1515	3891
1516	1516
1516	2486
1516	3605
1517	1517
1518	1518
1519	1519
1519	1678
1519	2011
1519	2020
1519	2260
1519	2262
1519	2415
1519	2636
1519	2956
1519	3394
1519	3494
1519	3748
1519	3814
1519	3885
1520	1520
1521	3674
1522	1522
1522	1807
1522	1815
1522	1886
1522	2381
1522	2688
1522	2718
1522	3097
1522	3920
1523	1744
1523	2540
1523	3872
1524	2041
1524	2681
1525	1525
1525	1959
1526	3562
1528	2620
1528	2739
1529	1823
1529	2784
1531	1906
1531	1935
1531	3192
1532	2228
1533	1621
1533	3523
1534	1534
1536	3956
1537	2438
1539	1539
154	1483
154	154
154	216
154	220
154	3560
154	3626
154	3862
154	757
154	776
1540	1540
1540	1808
1540	2081
1540	2579
1540	2726
1540	3125
1540	3332
1540	3613
1540	3814
1541	2345
1541	2486
1541	2668
1541	3240
1541	3531
1541	3695
1543	1543
1543	1596
1543	1654
1543	2155
1543	2302
1543	2333
1543	2486
1543	2528
1543	2762
1543	3423
1543	3835
1543	3918
1545	1545
1545	3306
1545	3329
1547	1588
1547	1709
1547	2458
1548	1548
1548	2931
1548	3139
1548	3581
1549	1549
1549	2350
155	1067
155	155
155	1662
155	193
155	1995
155	2576
155	266
155	2886
155	2975
155	2982
155	3239
155	3571
155	3644
155	3742
155	3761
155	3857
155	3860
155	3975
155	654
155	993
1550	3404
1552	1552
1552	3630
1554	1554
1554	1795
1554	1893
1554	2105
1554	2325
1554	2358
1554	2445
1554	2522
1554	2767
1554	2821
1554	2973
1554	3243
1554	3938
1556	2400
1557	1557
1558	3891
156	1364
156	156
156	1608
156	2302
156	296
156	3321
1560	1560
1560	3927
1561	3257
1562	1562
1562	2119
1562	2218
1564	1564
1565	1565
1565	1585
1565	2080
1567	2760
1568	3444
1569	1569
1569	1693
1569	1872
1569	2071
1569	3604
1570	3925
1571	1571
1571	1886
1571	2424
1571	2683
1571	2995
1571	3034
1571	3385
1571	3496
1571	3728
1572	1572
1572	2405
1574	1574
1575	1743
1575	2656
1575	3894
1576	1576
1576	2227
1576	2372
1576	2703
1576	3451
1577	1577
1577	1842
1577	2229
1578	2028
1578	2579
1579	1579
1579	1772
1579	2519
1579	2917
1579	3607
1579	3716
158	1073
158	158
158	1815
158	2896
158	3236
158	444
158	797
158	849
1581	2449
1581	3497
1581	3672
1581	3731
1581	3865
1583	1583
1583	2216
1583	3869
1584	1584
1584	1804
1584	3144
1585	1759
1585	3686
1586	1586
1586	2559
1586	3966
1587	1801
1587	3249
1587	3589
1588	1588
1588	1709
1588	1757
1588	2015
1588	2378
1588	2458
1588	3101
1589	1589
1589	2402
1589	3114
1589	3243
159	3907
159	651
1590	1590
1590	3177
1590	3213
1590	3622
1590	3792
1591	1792
1591	3234
1591	3964
1592	1592
1592	2583
1592	3268
1592	3805
1596	1596
1596	2303
1596	2415
1596	2718
1596	3034
1596	3750
1596	3768
1596	3891
1597	1597
1597	2196
1597	2625
1598	1598
1599	1599
1599	1834
1599	2729
16	1145
16	16
16	1879
16	2974
16	3061
160	2169
160	2406
1600	1600
1600	1724
1600	3685
1601	1788
1601	2370
1601	3070
1601	3519
1602	1602
1603	1603
1603	1977
1605	1947
1606	1606
1606	1913
1606	3109
1606	3565
1606	3696
1608	1608
1608	1893
1608	2105
1608	2620
1608	2661
1608	2995
1608	3156
1608	3548
1608	3697
1609	2528
161	161
1610	1610
1610	1705
1610	1865
1610	1991
1610	2528
1610	2826
1610	3157
1610	3294
1610	3305
1610	3322
1610	3335
1610	3484
1610	3521
1610	3784
1610	3817
1610	3891
1611	1611
1612	1612
1612	2834
1612	3122
1613	1613
1613	1697
1613	3817
1614	3534
1616	2020
1616	2113
1616	3237
1616	3278
1616	3349
1616	3441
1616	3753
1618	2486
1618	3787
1619	1619
162	1046
162	162
162	1856
162	419
1621	1621
1621	2927
1621	3523
1622	1622
1622	1679
1622	1728
1622	1933
1622	1959
1622	2227
1622	2454
1622	2467
1622	3188
1622	3451
1622	3496
1622	3709
1622	3729
1622	3896
1622	3988
1623	1623
1624	2607
1625	1625
1625	1772
1625	1998
1625	2822
1625	3445
1625	3571
1626	2603
1626	3651
1628	1992
1628	2100
1628	2154
1628	2513
1628	3600
1628	3745
1630	3126
1630	3318
1631	1631
1633	1633
1633	3001
1634	1903
1634	2018
1634	2921
1634	3692
1634	3965
1635	1635
1635	2518
1635	2632
1636	1636
1636	1916
1636	2492
1636	2611
1637	1637
1637	2768
1639	3832
164	1085
164	1500
164	1588
164	164
164	1706
164	1753
164	1757
164	1975
164	2015
164	2092
164	2171
164	2189
164	2196
164	2348
164	2458
164	2540
164	2732
164	2774
164	2782
164	2859
164	3087
164	3101
164	3166
164	3389
164	502
164	721
164	836
164	934
1640	1729
1640	2716
1641	1892
1641	2507
1641	3540
1642	1642
1642	2422
1642	3354
1642	3765
1643	1700
1644	1644
1645	1645
1645	2542
1645	3494
1646	2972
1646	3853
1648	2217
1648	2996
1648	3872
1649	1649
1649	1917
1649	2648
1649	3130
165	1580
165	1821
165	809
1650	2354
1651	3321
1652	2559
1654	2302
1654	3423
1654	3504
1655	1655
1655	1764
1655	2564
1655	2647
1655	3033
1655	3245
1655	3343
1657	1657
1657	2601
1657	3347
1658	1658
1658	1880
1658	2438
1658	2660
1658	2789
1658	3327
1659	1659
1659	2961
166	1624
166	166
166	2043
166	321
166	761
166	965
1661	1661
1661	3561
1661	3668
1662	3872
1664	3530
1664	3932
1665	2551
1665	2763
1665	3025
1665	3047
1665	3058
1665	3178
1665	3218
1665	3317
1665	3515
1665	3635
1665	3647
1666	1666
1666	1755
1666	2108
1666	3042
1666	3388
1667	1667
1668	1668
1668	3218
167	167
167	1689
167	1842
167	1893
167	2202
167	2391
167	2504
167	3023
167	3486
167	3854
167	997
1670	1839
1670	2887
1670	2956
1672	3563
1674	1674
1675	2449
1676	1676
1676	2486
1676	2995
1678	1678
1678	1886
1678	2381
1678	2688
1678	3885
1679	3988
168	168
168	3297
168	3964
1680	1680
1680	1815
1680	2213
1680	2415
1680	2449
1680	2523
1680	2559
1680	2892
1680	2985
1680	3257
1680	3392
1680	3477
1681	1681
1681	1985
1682	3018
1685	1685
1685	2628
1685	3855
1685	3893
1686	1686
1686	1742
1686	1851
1686	2062
1686	2497
1686	2965
1686	3191
1686	3296
1686	3549
1689	2871
1689	3392
1689	3788
1689	3881
169	1270
169	1271
169	1540
169	169
169	2726
169	3613
1691	1691
1691	2927
1693	1978
1693	3014
1695	1695
1695	1880
1695	3061
1698	2353
1698	2616
17	1223
17	17
17	2401
17	3654
17	375
17	722
170	1070
170	1458
170	1491
170	170
170	1940
170	226
170	2476
170	281
1701	1701
1704	3476
1706	1706
1707	3314
1708	1708
1709	1757
1709	2458
171	1007
171	1442
171	1560
171	1662
171	171
171	2023
171	2173
171	2229
171	2425
171	2439
171	2595
171	266
171	280
171	2908
171	2981
171	3306
171	3386
171	3462
171	3532
171	682
171	712
171	774
1712	1712
1712	2554
1712	3404
1713	1713
1713	2661
1713	3439
1714	1714
1714	2671
1715	1715
1715	3248
1716	1716
1716	2884
1719	1719
1719	1748
1719	3263
172	1469
172	172
172	1802
172	2300
172	2416
172	2531
172	2726
172	2924
172	607
1720	1720
1723	1723
1723	2981
1723	3084
1724	2812
1724	2990
1725	1916
1726	2900
1727	2364
1728	3178
1729	1729
1729	1916
1729	2047
1729	2071
1729	2611
1729	2716
1729	3471
1729	3776
1729	3868
1729	3914
173	1054
173	173
173	2509
173	3961
173	491
173	756
173	866
1734	1734
1734	2337
1734	3704
1736	3234
174	174
174	2375
1740	2191
1740	2998
1740	3130
1742	2057
1742	2632
1742	2970
1742	3064
1743	2183
1743	2656
1743	3894
1744	1744
1744	1980
1744	2330
1744	2634
1744	2755
1744	3824
1746	2808
1746	2829
1746	2882
1746	3172
1746	3222
1747	2060
1747	2729
1747	3214
175	1810
175	2273
175	2663
175	2790
175	2962
175	3929
175	474
175	569
1751	1751
1752	1752
1752	2449
1753	1757
1754	1754
1754	1821
1754	2369
1754	3302
1755	1755
1755	2108
1755	3504
1757	1757
1757	2458
1757	2859
1759	1759
1759	3856
1760	1760
1760	2836
1761	1761
1761	1807
1761	2020
1761	2340
1761	2422
1761	2718
1761	2824
1762	1762
1762	1906
1762	2537
1763	1763
1763	2476
1764	3033
1764	3245
1765	1765
1765	1935
1765	2900
1765	3110
1765	3241
1765	3380
1766	3205
1767	1767
1769	1769
1769	3231
1769	3667
1771	1771
1771	2262
1771	2439
1771	3386
1771	3437
1772	2092
1773	1924
1773	2074
1773	2298
1774	1774
1774	3516
1775	1775
1776	1776
1777	2739
1777	3064
1779	1779
1779	3593
178	1759
178	178
178	3856
1780	1780
1780	2015
1780	3101
1780	3446
1781	1781
1782	3728
1783	1783
1783	1794
1783	2139
1785	1785
1785	3644
1785	3872
1788	2370
1788	3519
1789	3497
179	1053
179	1189
179	1344
179	1586
179	179
179	2054
179	2085
179	2141
179	2150
179	2175
179	2235
179	2330
179	2363
179	2449
179	2530
179	2559
179	2743
179	2755
179	2846
179	2866
179	2885
179	2961
179	3175
179	3188
179	3257
179	328
179	3477
179	356
179	3609
179	3656
179	3723
179	3805
179	3813
179	384
179	3865
179	488
179	552
179	767
179	768
179	859
1790	2365
1792	2415
1792	3763
1792	3781
1793	2133
1793	2811
1793	2975
1793	3416
1793	3818
1793	3973
1795	1795
1795	1856
1795	1890
1795	2113
1795	2445
1795	2753
1796	1796
1796	2429
1796	2486
1796	2701
1796	3244
1796	3605
1797	2205
1797	2711
1797	2736
18	18
180	1284
180	1723
180	180
180	2015
180	2130
180	2842
1800	2206
1801	1801
1801	2127
1801	3249
1801	3590
1801	3816
1802	2517
1802	3598
1802	3935
1803	1803
1803	2075
1803	2435
1803	2486
1803	3070
1803	3391
1804	2547
1805	1805
1805	3086
1805	3891
1806	1806
1806	3033
1806	3744
1806	3985
1807	1807
1807	2020
1807	3034
1808	1808
1808	1952
1808	2626
1808	3109
1808	3212
1808	3229
1809	1809
1809	1872
1809	2034
1809	2534
1809	2604
1809	2611
1809	3544
1809	3914
1810	1810
1810	2628
1810	2681
1810	2790
1810	3534
1810	3602
1811	3708
1812	1812
1812	3611
1813	3985
1814	1924
1814	2057
1814	2298
1814	2632
1814	3899
1815	1886
1815	2234
1815	2381
1815	2688
1815	3213
1816	1816
1819	2597
182	1217
182	1634
182	182
182	1873
182	2407
182	269
182	3110
182	3430
182	345
182	446
182	476
182	763
182	955
1821	2510
1821	3722
1821	3964
1822	1822
1822	3770
1824	1824
1824	2072
1824	3396
1824	3775
1825	1825
1825	3542
1827	1827
1827	1921
1827	1956
1827	2356
1827	2857
1827	2860
1828	1828
1828	3597
183	1696
183	3006
1831	1831
1832	2217
1833	1833
1833	2793
1833	3515
1833	3750
1833	3754
1836	3802
1837	1837
1837	2926
1837	3331
1838	1838
1838	1853
1839	1839
1839	2112
1839	2887
1839	3860
184	1704
184	1796
184	184
184	2580
184	3476
184	352
184	550
184	997
1842	1842
1842	2202
1842	2391
1843	1843
1843	1930
1843	2045
1843	3685
1843	3954
1844	1844
1844	3282
1846	1846
1846	2428
1846	3048
1847	1847
185	185
185	2351
185	331
1851	1851
1851	2289
1852	2361
1852	3130
1852	3999
1853	1853
1854	1854
1855	2564
1855	2781
1855	3501
1856	1856
1856	1899
1856	2253
1856	2276
1856	2445
1856	2745
1856	2767
1856	2999
1856	3832
1856	3890
1859	1859
186	186
1860	2657
1860	3512
1862	1862
1862	2443
1862	2472
1865	1865
1868	1868
1868	2419
1868	3192
1868	3463
187	3562
1871	3878
1872	2409
1872	3604
1873	1979
1874	2424
1874	2602
1874	3118
1874	3385
1875	1933
1875	2282
1876	1876
1876	2276
1879	1880
1879	1934
1879	2203
1879	2353
1879	2410
1879	2584
1879	3061
1879	3131
1879	3235
188	188
188	2827
188	3085
188	356
1880	1880
1880	2113
1880	2302
1880	2438
1880	2776
1880	3054
1880	3061
1880	3278
1880	3327
1880	3423
1880	3941
1881	1881
1881	2946
1881	2995
1881	3558
1881	3696
1881	3889
1884	1939
1886	2381
1886	2688
1886	3097
1886	3214
1886	3307
1886	3350
1886	3354
1886	3648
1886	3954
1887	1887
1887	2242
1888	1888
1888	2475
1890	2113
1890	2806
1890	3499
1892	2507
1892	3540
1893	1893
1893	1951
1893	2019
1893	2105
1893	2353
1893	2558
1893	2622
1893	2921
1893	3854
1895	2785
1895	3244
1898	1898
19	1777
19	19
19	2435
19	2535
19	2585
19	2739
19	3064
19	3513
190	190
190	269
190	3110
190	954
190	955
1900	1900
1900	3243
1901	1901
1901	2414
1901	3532
1903	1903
1903	2018
1903	2364
1903	3222
1905	2272
1905	3910
1908	2004
191	1097
191	1476
191	1494
191	1649
191	1852
191	191
191	2208
191	2361
191	2483
191	2648
191	280
191	2998
191	3130
191	3153
191	3357
191	3615
191	3655
191	3752
191	3753
191	739
191	796
1913	3565
1914	2726
1914	2866
1914	3175
1914	3451
1914	3496
1914	3651
1914	3881
1916	1916
1916	2409
1916	2611
1917	1917
1917	2208
1917	2648
1917	3428
1919	1919
1919	3734
192	1390
192	2337
192	3593
1921	2857
1924	1924
1924	2298
1924	2632
1924	2970
1924	3899
1926	3020
1926	3320
1929	1929
1929	3791
193	1073
193	1421
193	1581
193	193
193	2177
193	242
193	292
193	299
193	679
1930	2061
1931	1931
1931	2112
1931	3726
1931	3822
1932	3253
1933	2282
1933	2472
1933	3817
1934	1934
1934	2995
1934	3000
1934	3051
1934	3342
1934	3728
1935	1935
1935	2011
1935	2691
1935	2717
1935	3110
1935	3380
1935	3798
1935	3891
1935	3959
1936	1936
1936	2393
1939	1939
194	1475
194	2302
194	2891
194	879
1942	2184
1943	1943
1943	2765
1943	3004
1943	3237
1943	3771
1943	3976
1944	2011
1945	1945
1948	1948
1948	2416
1948	2636
1948	3285
1948	3667
1949	2047
1950	2350
1950	3216
1951	2558
1952	3166
1955	2220
1955	2372
1955	3468
1955	3863
1956	2857
1957	1957
1957	2807
1958	1958
1959	1959
1959	2098
1959	3027
1959	3408
1959	3480
1959	3651
1959	3718
1959	3881
196	1497
196	196
196	2514
196	3309
196	3864
1960	2147
1963	1963
1963	2493
1963	3724
1964	3967
1966	3178
1966	3869
1967	1967
1967	2315
1967	2913
1967	3479
1968	1968
1968	3527
1968	3579
1969	2026
197	197
197	2396
197	3702
197	464
1971	3261
1971	3344
1972	1972
1972	3073
1972	3454
1972	3728
1973	1973
1973	1993
1973	2776
1973	3226
1973	3948
1974	1974
1974	3418
1976	3964
1978	3558
1979	1979
1979	2020
1979	2079
1979	2159
1979	2303
1979	2574
1979	2675
1979	2740
1979	3150
198	1037
198	198
198	1984
198	2149
198	2167
198	3079
198	3341
198	978
198	999
1980	1980
1980	2634
1980	2821
1980	2874
1980	3143
1980	3491
1980	3602
1980	3824
1980	3923
1980	3938
1983	1983
1984	2149
1987	1987
1987	2323
199	1155
199	1519
199	199
199	2588
1991	1991
1991	3258
1992	1992
1992	2369
1993	1993
1994	2653
1995	2424
1995	2449
1995	2668
1995	3166
1995	3592
1995	3761
1997	2871
1998	1998
1998	3445
1999	1999
1999	2775
1999	3981
20	20
20	2231
20	2759
20	82
200	1257
200	1995
200	200
200	2242
200	266
200	3744
2003	2057
2003	2303
2003	3768
2005	3048
2006	3752
2007	2007
2007	2585
2007	2712
2007	2756
2007	2767
2008	2270
2008	2452
2008	2638
2008	3249
2009	3002
2009	3436
201	1260
201	2811
201	3818
201	3952
201	970
2010	2011
2011	3422
2012	2012
2012	2136
2012	2432
2012	3119
2013	3918
2015	2015
2015	3101
2016	2016
2017	2017
2017	3784
2019	2019
2019	2762
2019	3212
2019	3946
202	2888
202	404
202	809
2020	2020
2020	2302
2020	2582
2020	2695
2020	2891
2020	3051
2020	3128
2020	3157
2020	3686
2021	2021
2021	2369
2022	2022
2022	2381
2022	2648
2023	2229
2026	2026
2027	2902
2028	2028
2028	2614
2028	2877
2029	2029
2029	2184
2029	3470
2029	3838
203	1036
203	1167
203	1174
203	1856
203	203
203	2745
203	2838
203	3028
2030	2030
2030	3312
2030	3454
2031	2031
2031	2434
2031	2476
2031	3213
2031	3391
2031	3882
2033	2033
2033	2331
2034	2034
2035	2035
2037	2545
2038	2810
2038	3235
2039	2392
2039	2904
2039	3431
204	1931
204	204
204	2112
204	3726
2043	3752
2044	2449
2047	2047
2048	2048
2048	2302
2049	2049
2049	3430
205	1261
205	2661
205	374
205	380
205	3934
205	686
2050	3431
2051	2051
2051	2755
2051	3187
2051	3268
2051	3396
2051	3602
2051	3938
2052	3120
2052	3693
2053	2053
2053	2577
2053	3771
2054	2054
2054	2141
2054	2248
2054	2363
2054	2530
2054	2564
2054	2781
2054	3009
2054	3184
2054	3257
2054	3501
2057	2057
2057	2632
2057	2898
2057	3015
2057	3680
2059	2059
2059	2572
2059	2825
2059	3995
206	1227
206	206
2060	2060
2060	2097
2060	2162
2060	2729
2060	2929
2060	3034
2060	3214
2061	2061
2061	3587
2062	2965
2062	3853
2064	2770
2064	3504
2066	2066
2067	2067
2067	2993
2068	2068
2068	2099
2068	3485
2069	3205
207	1595
207	2189
2071	3576
2072	2072
2072	2499
2073	2385
2074	3741
2077	2581
2079	2303
2079	2574
2080	2080
2081	2081
2081	2555
2082	2082
2084	2084
2084	2739
2084	3775
2085	2373
2085	2743
2087	2087
2088	3188
2090	2090
2090	2093
2090	2776
2090	2787
2091	2091
2091	3297
2092	2092
2092	2686
2092	3398
2092	3582
2092	3668
2093	2787
2096	3305
2097	2729
2097	2929
2098	2233
2098	3408
2099	3485
21	1551
21	2575
21	2885
21	3188
21	3226
21	3229
21	3387
21	3863
21	513
21	758
21	885
2100	2100
2101	3481
2102	2102
2103	3354
2103	3891
2104	2104
2104	2244
2104	3060
2104	3593
2104	3941
2106	2386
2108	2108
2108	2770
2108	3428
2108	3482
2108	3504
2109	2109
2109	2702
2109	3652
211	550
2110	2803
2110	2895
2110	3215
2110	3889
2111	2333
2111	2988
2111	3047
2112	2112
2113	2113
2113	2410
2113	2415
2113	2601
2113	2679
2113	2681
2113	3278
2113	3338
2113	3371
2113	3377
2113	3499
2113	3750
2113	3941
2115	2115
2116	2116
2116	2258
2116	2593
2116	3005
2116	3086
2119	2353
2119	2701
212	1805
212	2010
212	212
212	2900
212	3086
212	3305
212	365
212	3959
212	535
212	772
2120	2148
2121	2121
2123	2123
2124	2124
2124	3156
2125	2125
2125	3101
2126	2126
2127	2127
2127	3032
2127	3590
2128	2128
2128	3146
213	213
213	3138
213	3276
213	3870
213	869
2130	3219
2131	3843
2131	3904
2132	2132
2132	2497
2132	3363
2132	3871
2133	2646
2135	2135
2136	2136
2136	2432
2136	3119
2138	2681
2138	2715
2138	3820
2141	2175
2141	2530
2141	3257
2141	3805
2142	3183
2143	2143
2144	2144
2144	2856
2144	2887
2144	3095
2145	3795
2146	2146
2148	2834
2149	2298
2149	2776
2149	3591
215	215
215	2309
215	3083
215	3616
2150	2150
2150	2449
2150	3392
2150	3813
2155	2573
2155	2627
2155	2961
2156	2156
2156	2633
2156	3214
2158	2158
2159	2159
2159	2544
216	1347
216	216
216	2278
216	2369
216	3062
216	645
2160	2619
2162	3214
2163	2163
2167	2167
2167	2221
2167	2466
2167	2500
2167	3079
2168	2168
2168	3049
2169	2406
217	1143
217	1462
217	217
217	2234
217	2772
217	3229
217	3559
217	381
217	3983
2170	2170
2170	2253
2170	3104
2170	3114
2170	3814
2170	3967
2171	3139
2172	2172
2173	2173
2173	2229
2173	2268
2173	3906
2174	3257
2175	2175
2175	2232
2176	2176
2178	2903
2178	3285
2178	3325
2178	3549
2179	2677
2179	3006
2179	3504
218	1852
218	3999
2180	3662
2180	3968
2184	2184
2184	2360
2185	2229
2185	2300
2185	2425
2186	2186
2186	2674
2186	2698
2186	2910
2186	2939
2186	3113
2186	3589
2186	3659
2187	2444
2188	2188
2189	2189
2189	2537
2189	2829
2189	3096
219	1022
219	219
219	2611
219	2946
219	3109
219	3158
219	3696
2191	2367
2191	2568
2191	2675
2191	2830
2191	3157
2193	3090
2194	2194
2195	2401
2195	2904
2195	2999
2196	2411
2196	2625
2196	2774
2197	2664
220	1431
220	1971
220	2026
220	220
220	242
220	3261
220	776
220	914
2203	2203
2204	2204
2204	3504
2204	3929
2205	2711
2205	2736
2206	2206
2208	2381
2208	2520
2208	2971
2208	3130
2208	3411
2208	3615
2208	3648
2209	2248
2209	3657
221	337
221	3600
2211	2211
2211	2253
2211	3114
2211	3156
2213	2892
2215	2215
2215	3188
2215	3293
2215	3566
2216	2216
2216	2245
2216	3194
2216	3621
2217	3535
2218	2218
2218	2242
2218	2668
2219	2219
222	237
2220	3728
2222	2222
2222	2536
2222	2928
2226	3199
2226	3773
2227	2391
2227	3451
2227	3709
2227	3772
2227	3879
2228	2228
2229	2229
2229	2262
2229	2425
2229	2439
2229	2529
2229	2935
2229	3532
2229	3650
2229	3667
2229	3674
2229	3928
2231	2231
2232	2273
2232	2559
2232	2790
2234	3338
2235	3206
2235	3952
2237	2237
2237	2687
2237	3429
2238	3170
2238	3309
2238	3635
2238	3732
2239	2239
224	1905
224	2272
224	3910
2240	2240
2240	3007
2241	2241
2244	3660
2244	3805
2245	2245
2246	2863
2247	2250
2248	3152
2249	3946
225	1111
225	1193
225	1289
225	1562
225	1659
225	1689
225	2087
225	2119
225	2218
225	2961
225	3844
225	3874
225	3953
225	993
2250	3294
2250	3677
2252	2252
2252	3564
2254	2254
2255	2255
2255	2532
2255	3754
2259	2486
2259	2706
226	1070
226	1596
226	1905
226	226
226	2272
226	2481
226	3065
226	3299
226	3910
226	400
2260	2289
2260	3885
2261	2261
2262	2262
2262	2595
2262	2853
2262	2953
2262	3232
2265	2705
2266	2266
2266	2499
2266	3024
2266	3066
2266	3217
2266	3571
2268	2268
2268	2508
2268	3906
2269	2507
227	1281
227	1519
227	2150
227	2156
227	2494
227	2740
227	2900
227	3305
227	3484
227	3498
227	3686
227	371
227	694
2271	2271
2272	3910
2273	2273
2273	2559
2273	2790
2273	3268
2273	3483
2275	2275
2275	2657
2275	3427
2279	2279
2279	3678
228	1098
228	809
2280	2280
2282	2282
2282	3268
2282	3367
2283	2283
2286	3374
2288	2288
2288	3087
2289	3191
2291	2291
2293	2293
2296	2296
2296	2667
2298	2298
2298	2403
2298	2798
2298	3015
2299	2299
2299	2362
2299	2384
2299	2539
2299	3084
230	1835
2300	2300
2300	2531
2300	2726
2300	3093
2301	2840
2301	3678
2302	2302
2302	2891
2302	2934
2302	3189
2302	3423
2302	3771
2302	3852
2303	2675
2303	3034
2303	3768
2304	2304
2304	3079
2304	3360
2304	3884
2306	2690
2306	2972
2306	3228
2306	3549
2308	2308
2308	3824
231	401
231	742
2310	2310
2310	2514
2310	2776
2311	2311
2311	3899
2313	2401
2314	2314
2314	3017
2315	2315
2315	2913
2315	3479
2316	2364
2318	3105
232	1629
232	232
2321	2421
2321	2801
2321	2815
2321	3830
2323	2323
2325	2821
2325	2973
2325	3006
2325	3938
2326	2326
2327	3889
2329	2329
233	1436
233	3326
233	3777
233	3881
2330	2330
2330	2755
2332	2332
2334	2334
2336	3955
2337	2491
2337	2493
2337	3178
2337	3249
2337	3704
2338	2338
234	234
2341	2510
2341	3053
2344	3921
2346	2493
2346	3691
2347	2553
2351	2351
2353	2353
2353	2472
2353	2507
2353	2600
2353	3118
2356	2860
2358	2358
2358	2496
2359	2359
2359	2763
2359	3218
2359	3338
2359	3379
2359	3499
2359	3635
2359	3876
236	1395
236	236
236	3182
236	3575
2360	2391
2361	2361
2361	2998
2361	3130
2362	3587
2363	3257
2364	2364
2364	2454
2364	3118
2364	3239
2364	3380
2364	3737
2366	2379
2366	2465
2366	2629
2366	3706
2367	2367
2367	3157
2369	2369
2369	3110
2369	3126
237	1232
237	1591
237	1919
237	2113
237	2255
237	2315
237	2335
237	237
237	2410
237	2435
237	2486
237	2552
237	2558
237	271
237	2762
237	3278
237	3377
237	3762
237	491
237	518
237	678
237	840
237	866
237	941
237	953
237	957
2372	2372
2372	2688
2372	3469
2372	3852
2374	2374
2374	3589
2375	2375
2376	2376
2376	2399
2376	2479
2376	2748
2376	3907
2379	2465
2381	2381
2381	3648
2384	3084
2385	2385
2385	2913
2385	3364
2387	2387
2387	2505
2387	3481
2388	2388
2388	2647
2388	3841
239	1462
239	1486
239	1995
239	239
239	2848
239	285
239	2925
239	332
239	3728
239	3870
239	620
2391	2391
2391	3709
2391	3772
2393	2393
2393	3494
2396	3702
2397	2397
2398	2398
2399	2399
24	1172
24	1712
24	2259
24	24
24	2486
24	2706
24	427
24	506
240	1023
240	1494
240	2208
240	240
240	2971
240	742
2402	2402
2402	3114
2402	3243
2407	2407
2407	3502
2407	3575
2408	3035
2408	3567
2409	2409
2409	3604
2410	2410
2410	2701
2410	2898
2410	2934
2410	3377
2410	3435
2410	3593
2411	2411
2412	3056
2413	2413
2413	2560
2413	2895
2413	3835
2413	3881
2415	2415
2415	2635
2415	2681
2415	2824
2415	3023
2415	3252
2415	3750
2416	2416
2416	2776
2416	2884
2416	3070
2416	3467
2417	2417
2418	3655
2419	2419
242	1421
242	2278
242	242
242	2609
242	299
242	3094
242	3497
242	865
2421	2421
2421	2815
2421	3817
2421	3830
2422	2422
2423	2423
2425	2950
2426	3598
2427	2427
2427	3338
2429	2429
2429	2778
2429	2845
243	1214
243	1300
243	1522
243	1550
243	1610
243	1705
243	1815
243	1843
243	243
243	2794
243	3097
243	3484
243	3753
243	3920
243	433
243	535
243	545
243	587
243	760
2430	2430
2431	2431
2432	2432
2432	3119
2432	3797
2432	3981
2434	3391
2435	2435
2435	2585
2435	2973
2435	3513
2437	2437
2437	2469
2437	3114
2437	3666
2437	3933
2438	2438
2438	2559
2438	2898
2438	2961
2439	2439
2439	3532
244	244
2444	2444
2445	2453
2445	2753
2446	2446
2447	3270
2448	3181
2449	2449
2449	2454
2449	2530
2449	2848
2449	2985
2449	2995
2449	2996
2449	3278
2449	3303
2449	3392
2449	3728
245	1426
245	2851
2450	3914
2452	2638
2452	3249
2453	2453
2453	2522
2453	2694
2453	2852
2453	3316
2454	3353
2454	3571
2455	2455
2455	2958
2460	2460
2463	2463
2463	3675
2464	2464
2464	3027
2465	2465
2465	2629
2466	2500
2467	3430
2468	2468
2468	2792
2468	3172
2468	3409
2468	3504
2469	3933
247	1333
247	1541
247	1618
247	2259
247	247
247	2486
247	3156
247	3240
247	3366
247	3695
247	3932
247	3955
247	918
2471	2806
2471	3139
2471	3464
2472	2472
2472	3066
2473	2473
2474	2474
2474	3253
2475	2475
2475	2814
2476	2476
2476	2880
2476	3213
2476	3318
2476	3529
2476	3554
248	1079
248	1874
248	2424
248	2602
248	2660
248	3118
248	3385
248	3451
248	3735
248	522
248	523
248	569
248	882
2480	3391
2482	2482
2482	2514
2482	2757
2483	2483
2485	2485
2485	2486
2486	2486
2486	3156
2486	3240
2486	3605
2486	3695
2486	3832
2486	3955
2487	2487
2489	2573
2489	3186
249	1311
249	1450
249	1528
249	2130
249	2412
249	249
249	2675
249	3221
249	3499
249	369
249	3993
249	541
249	750
249	763
249	866
2490	3743
2490	3755
2491	3704
2492	2647
2492	2927
2492	3831
2493	2493
2493	2963
2493	3178
2493	3691
2493	3847
2495	2495
2496	2496
2496	3304
2497	2497
2497	2585
2497	3030
2497	3558
2498	3946
2499	2562
2499	2645
2499	2736
2499	2902
2499	3020
2499	3066
2499	3577
2499	3784
2500	2500
2500	3701
2502	2502
2503	2503
2506	2506
2506	2592
2506	3100
2506	3603
2507	2507
2507	3540
251	2476
2510	2510
2510	2647
2510	3332
2510	3552
2511	2747
2512	2512
2514	2514
2514	2538
2514	2661
2514	3697
2515	2640
2515	2641
2515	3375
2515	3379
2515	3499
2517	2910
2518	2518
2519	2519
2519	2963
2519	3063
2519	3075
2519	3607
2519	3936
252	2858
2526	2526
2528	2528
2529	2529
2529	2997
2529	3226
2529	3282
2530	2985
2531	2531
2531	2726
2534	2735
2534	3776
2534	3888
2535	2739
2535	3541
2536	2536
2536	2538
2536	2673
2536	2816
2536	3421
2536	3974
2537	2537
2537	3427
2538	2538
2538	2546
2538	2913
2538	3689
2538	3697
2538	3974
2539	2539
2539	2981
2539	3346
2539	3698
2539	3821
254	1780
254	1831
254	1948
254	2015
254	2229
254	3101
2540	3757
2541	2560
2541	3196
2544	2912
2547	2547
2547	3043
2548	2548
2548	3161
2549	2549
255	1508
255	1519
255	1678
255	1769
255	2184
255	255
255	3126
255	505
255	832
255	951
2550	2550
2550	2720
2550	3449
2554	2554
2554	2788
2555	3756
2556	2556
2559	2559
2559	2630
2559	2772
2559	2790
2559	2871
2559	2961
2559	3495
2559	3737
256	597
2560	2895
2561	2561
2561	3083
2561	3638
2562	2562
2562	3461
2564	2781
2564	3501
2565	2565
2565	2677
2565	3657
2566	2566
2570	2570
2572	2572
2572	2825
2573	2573
2573	3186
2575	2575
2577	2577
2577	3536
2577	3771
2579	2885
258	258
258	3166
2580	2580
2580	2874
2580	3491
2581	2581
2581	3237
2582	3247
2585	2585
2585	3513
2586	3874
2588	2956
2588	2995
2588	3101
259	2429
259	259
259	464
2590	2590
2592	2657
2592	3100
2592	3427
2593	3005
2595	2595
2595	3013
2595	3385
2595	3532
2597	3624
2598	2598
2598	3776
2599	2599
26	1723
26	1973
26	1993
26	2539
26	26
26	2981
26	3084
26	3346
26	463
26	761
260	260
260	3524
260	607
260	893
2600	2907
2600	3229
2600	3592
2601	2601
2601	3878
2603	2603
2604	2604
2608	2608
2609	2609
2609	3268
2609	3387
2609	3602
2610	2610
2611	2611
2611	3471
2611	3696
2611	3914
2612	2612
2614	2647
2616	2616
2616	3070
2616	3653
2617	2617
2617	2859
2622	2622
2622	3167
2623	3151
2623	3754
2625	2625
2628	3893
263	2848
263	3450
263	3884
263	794
2630	2630
2630	2678
2632	2632
2633	2633
2637	2637
2638	3249
2639	2639
2639	3755
2640	2640
2640	2708
2640	3499
2640	3762
2641	2641
2641	3844
2643	2643
2643	3019
2644	2839
2645	2645
2645	2880
2645	2992
2645	3577
2647	2647
2647	2902
2647	3141
2647	3378
2647	3955
2648	2648
2650	2650
2653	2713
2653	2891
2653	3013
2653	3070
2653	3282
2654	2654
2656	3519
2656	3894
2657	2657
2657	3427
2657	3512
266	1053
266	1079
266	1090
266	1196
266	1257
266	1264
266	1314
266	1375
266	1389
266	1617
266	1662
266	2429
266	2510
266	2559
266	2576
266	266
266	2855
266	2975
266	2982
266	3024
266	347
266	3517
266	3644
266	3717
266	3761
266	3857
266	3869
266	589
266	991
2660	3735
2661	2661
2661	3697
2662	2662
2662	3010
2663	2921
2663	3929
2666	2666
2666	3916
2667	2667
2668	3324
2669	2978
267	1490
267	1893
267	267
267	2776
267	3854
2671	2671
2675	2675
2675	2900
2675	3006
2675	3348
2675	3380
2675	3698
2675	3731
2675	3897
2677	2677
2677	3034
2678	2678
2678	2780
268	1381
2680	2680
2681	3878
2683	2683
2683	2960
2683	3232
2683	3385
2683	3467
2683	3814
2684	2684
2684	3697
2684	3785
2688	3469
2688	3920
269	1765
269	2369
269	2481
269	2612
269	3044
269	3075
269	3110
269	402
2690	2690
2694	2694
2694	2852
2695	3647
2696	3612
2697	2697
2698	2910
270	1021
270	1090
270	1152
270	1184
270	1599
270	1995
270	2041
270	2191
270	2364
270	2388
270	2415
270	2429
270	270
270	2734
270	285
270	2925
270	332
270	3371
270	3435
270	3602
270	3624
270	3651
270	3878
270	796
2701	2701
2702	2702
2702	3489
2702	3652
2705	3015
271	1223
271	1795
271	2049
271	2113
271	2372
271	2577
271	3536
271	3654
271	678
271	840
271	866
271	953
2710	2710
2711	2736
2715	3820
2716	2716
2718	2718
2718	3499
2718	3750
2719	2719
272	1007
272	1411
272	3007
272	466
272	522
2720	2720
2721	2721
2723	3293
2724	2863
2726	3613
2726	3654
2726	3792
2727	2727
2728	3742
2729	2729
273	2653
273	273
273	317
273	749
273	976
2732	3087
2733	2733
2734	2947
2734	3651
2736	2736
2737	2737
2739	2739
2739	3513
274	274
2741	2741
2741	2800
2743	2743
2743	3670
2743	3805
2744	3250
2745	2745
2745	3028
2745	3890
2746	2746
2746	2920
2746	2968
2746	3527
2747	2747
2748	3907
2749	2749
2749	3321
2749	3787
275	1884
275	1939
275	275
275	2927
2753	2753
2753	3356
2754	3470
2755	3268
2756	2756
2756	3226
2756	3593
2757	2776
2757	3291
2759	2759
276	2069
276	276
276	595
2761	2761
2761	3323
2762	2762
2762	3338
2762	3455
2763	3635
2765	2765
2765	3004
2765	3795
2765	3976
2767	2767
2769	2769
277	277
2770	3504
2771	2771
2771	3015
2775	2775
2775	3603
2776	2776
2776	3157
2776	3202
2776	3698
2776	3854
2777	3889
278	1495
278	278
278	3198
278	3489
278	3505
278	632
2783	3454
2783	3606
2786	3625
2787	2787
2789	2798
279	279
279	3328
2790	2790
2791	2791
2791	3011
2792	2792
2794	3484
2799	3688
280	1097
280	1238
280	1476
280	1650
280	1826
280	2354
280	2483
280	280
280	492
280	795
2801	3830
2802	2802
2803	2803
2803	3179
2803	3544
2804	2804
2808	2829
2808	2882
2808	3222
2810	2810
2810	2921
2810	2977
2810	3235
2811	3918
2813	2813
2814	2814
2817	3229
2817	3749
2818	2818
2818	3090
2818	3440
2819	2819
282	1958
282	2072
282	282
282	2898
282	323
282	3735
282	3934
282	727
282	802
2820	2820
2820	3166
2820	3344
2821	2821
2821	2973
2821	3372
2821	3938
2822	2822
2823	2823
2823	3404
2824	3494
2826	3305
2827	2827
2827	3042
2829	2882
2829	3222
2838	2838
284	1371
284	1587
284	2080
284	2680
284	284
284	787
2840	2840
2840	2867
2840	3021
2841	2841
2841	3931
2842	2842
2845	3039
2845	3084
2845	3095
2845	3735
2846	3805
2848	3728
285	1995
285	2113
285	2295
285	285
285	332
285	3722
285	550
285	571
285	577
285	654
2850	2850
2852	2852
2855	2855
2856	3095
2857	3879
286	2784
286	619
2863	3915
2865	2865
2866	2866
2866	2932
2866	2966
2866	3084
2866	3175
2866	3459
2866	3529
2866	3656
2866	3728
2866	3861
2867	2867
2867	3021
2867	3172
2868	3163
2871	3881
2874	3206
2874	3491
2878	2878
2879	2879
2879	2927
288	2045
288	2487
288	288
288	3294
288	761
2880	2880
2884	3270
2884	3387
2885	3188
2885	3566
2885	3665
2886	2892
2887	2956
2888	3504
289	1144
289	1308
289	1540
289	1695
289	1858
289	1879
289	1880
289	2837
289	3061
289	3109
289	3125
289	3327
289	387
289	558
289	809
289	955
289	993
2890	2890
2891	3128
2894	2894
2895	2895
2895	3215
2896	2896
2897	2897
2897	3043
2898	2898
2898	3232
2898	3317
2898	3774
2898	3838
2898	3878
29	119
29	140
29	1758
29	1829
29	2557
29	2776
29	29
29	3074
29	3209
29	3587
29	439
29	483
29	761
29	97
290	1670
290	2144
290	2887
2900	2900
2900	3380
2904	2999
2906	3608
2906	3754
2906	3979
2907	2907
2907	2995
2908	2908
2908	2981
291	291
2910	2910
2918	3594
292	622
292	643
2921	2921
2922	2922
2925	3371
2926	3810
2927	2927
2927	3177
2927	3849
2927	3874
2928	2928
2928	3439
293	1472
293	3309
293	3443
293	3531
2932	3529
2933	2933
2934	3961
2935	3532
2937	2937
2938	2938
2940	2940
2940	3638
2943	3783
2943	3930
2945	2945
2946	2946
2946	3109
2946	3158
2946	3696
2946	3913
2947	2947
2948	3593
2949	2949
2950	2950
2951	3368
2953	2953
2959	2959
296	3048
296	3533
296	377
296	739
296	797
296	804
2960	2960
2960	3076
2960	3306
2960	3983
2961	3880
2962	2962
2963	3063
2963	3255
2963	3352
2963	3691
2963	3723
2963	3847
2963	3936
2968	2968
2969	3587
297	1469
297	2424
297	3817
2971	3130
2971	3615
2973	3104
2975	2975
2975	3618
2975	3701
2977	3143
2977	3923
2978	2978
2979	2979
298	1448
298	1670
298	1801
298	2008
298	2638
298	2887
298	298
298	324
298	3249
298	688
298	820
2980	2980
2981	2981
2981	3319
2981	3698
2981	3821
2982	2982
2982	3857
2983	2983
2986	2986
2988	2988
299	1628
299	2559
299	3268
299	697
2994	2994
2995	2995
2995	3101
2995	3141
2995	3220
2995	3347
2995	3360
2995	3696
2995	3728
2995	3955
2996	3200
2997	3226
2998	2998
2998	3130
3	2106
3	2324
3	2386
3	3
3	3257
3	3515
3	3624
3	375
3	436
3	736
3	94
30	30
300	300
300	3039
300	850
3000	3728
3002	3283
3004	3004
3004	3976
3006	3006
3006	3114
3006	3593
3012	3012
3013	3013
3013	3081
3015	3015
3015	3680
3017	3904
3018	3491
302	1046
302	1622
302	1652
302	2273
302	2559
302	2961
302	3723
302	384
3020	3020
3020	3061
3020	3320
3020	3957
3023	3023
3024	3066
3024	3929
3027	3745
3027	3875
3028	3028
3028	3890
3029	3029
3029	3697
3029	3714
303	1729
303	2252
303	303
303	3564
303	689
3031	3031
3031	3137
3031	3870
3032	3249
3033	3033
3033	3189
3033	3501
3034	3214
3034	3451
3034	3496
3035	3035
3035	3567
3037	3037
3037	3406
3038	3038
3038	3702
3038	3716
3038	3851
3039	3131
3039	3566
304	3015
304	3070
304	870
304	936
3041	3041
3042	3042
3043	3043
3044	3044
3044	3075
3046	3046
3047	3120
3047	3341
305	2126
305	424
3051	3051
3051	3342
3055	3055
3057	3057
3058	3058
3059	3059
3060	3060
3060	3941
3061	3317
3065	3777
3066	3217
3066	3929
3068	3068
3068	3370
3068	3585
307	1389
307	1887
307	2242
307	2896
307	307
307	352
307	419
307	478
307	780
307	925
307	997
3070	3070
3070	3491
3070	3608
3070	3772
3071	3077
3074	3074
3075	3075
3075	3157
3075	3545
308	1560
308	308
308	3126
308	3927
3082	3082
3084	3084
3084	3307
3084	3566
3086	3750
3086	3891
3086	3959
3087	3087
3087	3512
3088	3088
309	1339
309	1727
309	1762
309	1784
309	2364
309	2454
309	2537
309	3192
309	360
309	3788
3092	3489
3095	3095
3097	3484
3098	3356
31	138
31	2300
31	2559
31	2579
31	266
31	2871
31	559
3102	3102
3103	3103
3103	3860
3106	3133
3109	3696
3109	3728
311	311
311	663
3111	3111
3112	3112
3113	3113
3113	3659
3114	3114
3116	3696
3118	3118
3118	3226
312	2376
312	2399
312	312
312	338
312	3551
312	634
3120	3226
3120	3438
3123	3123
3124	3124
3125	3125
3126	3126
3126	3232
3126	3385
3126	3475
3126	3532
3126	3671
3126	3927
3127	3127
313	1143
313	1948
313	2054
313	2363
313	2498
313	2769
313	2772
313	3229
313	3257
313	381
313	3946
313	746
313	770
3130	3615
3131	3552
3131	3735
3136	3657
3139	3139
314	3390
3141	3141
3141	3220
3141	3955
3143	3143
3143	3923
3149	3149
315	1573
3151	3853
3152	3152
3152	3461
3152	3667
3153	3153
3153	3753
3156	3156
3158	3696
3159	3159
3159	3398
3159	3612
316	1369
316	2564
316	2697
316	2781
316	3033
316	316
316	3501
316	916
3161	3161
3166	3166
3166	3177
3166	3484
3166	3985
317	1209
317	1844
317	2275
317	2653
317	2657
317	556
3172	3593
3173	3173
3175	3656
3178	3178
3178	3317
3178	3910
318	792
318	886
3180	3180
3181	3181
3182	3182
3185	3185
3187	3187
3187	3281
3188	3188
3188	3566
3188	3665
3189	3189
3189	3289
319	2465
319	2629
319	2724
319	319
319	334
319	897
3190	3771
3192	3463
3194	3660
3196	3196
32	1047
32	32
32	383
320	1118
320	1948
320	366
3200	3571
3201	3201
3202	3941
3204	3204
3204	3251
3204	3873
3206	3606
3206	3952
3208	3506
3210	3210
3211	3211
3212	3552
3212	3946
3213	3477
3213	3562
3214	3214
3214	3895
3217	3217
3218	3218
3218	3744
3218	3985
3219	3219
322	1691
322	2758
322	322
322	501
3220	3955
3222	3222
3226	3226
3226	3235
3226	3282
3227	3227
3227	3796
3228	3270
3228	3697
3229	3468
3229	3559
3229	3749
3231	3231
3231	3270
3231	3419
3235	3235
3237	3237
3238	3238
3238	3446
3238	3860
324	1448
324	324
324	527
3242	3661
3243	3243
3243	3610
3243	3727
3246	3246
3247	3686
3249	3337
3249	3641
325	1867
325	2186
325	2517
325	2719
325	325
3250	3250
3250	3704
3251	3251
3253	3253
3255	3723
3256	3256
3257	3257
3257	3491
3257	3805
3259	3259
326	1241
326	1686
326	326
326	555
3261	3344
3265	3265
3267	3493
3268	3387
3269	3269
327	1325
327	2189
327	3250
327	327
3270	3270
3270	3419
3272	3614
3272	3771
3274	3274
3276	3276
3276	3779
3277	3978
3278	3278
3278	3377
3278	3536
3279	3678
328	1396
328	2846
3280	3280
3282	3282
3282	3771
3282	3872
3283	3370
3284	3284
3284	3582
3285	3285
3286	3286
3289	3869
329	329
329	3338
329	362
329	3995
3291	3291
3292	3292
3293	3293
3293	3566
3293	3896
3294	3686
3295	3821
3296	3296
3297	3297
3297	3964
3300	3300
3304	3304
3305	3351
3305	3792
3306	3306
331	1039
331	1484
331	1587
331	2186
331	2351
331	2374
331	2726
331	2905
331	331
331	3589
331	3792
331	607
331	891
3311	3311
3313	3313
3314	3314
3315	3700
3318	3318
332	1223
332	1242
332	1341
332	1349
332	1486
332	1698
332	1767
332	2057
332	2113
332	2161
332	2388
332	2583
332	2616
332	2632
332	2848
332	3213
332	332
332	3371
332	3435
332	3508
332	3654
332	375
332	3841
332	3878
332	408
332	449
332	620
332	969
3320	3320
3321	3321
3322	3322
3322	3335
3324	3964
3326	3527
3329	3329
333	1511
333	1576
333	1946
333	2266
333	3217
333	333
333	3481
333	3896
3330	3841
3335	3817
3336	3336
3337	3337
3338	3338
3338	3541
3338	3710
3339	3339
3339	3578
3339	3873
3340	3340
3341	3341
3344	3344
3348	3348
3348	3940
335	1254
335	335
3350	3350
3350	3491
3350	3527
3350	3571
3352	3352
3352	3834
3352	3936
3353	3353
3353	3885
3354	3959
3355	3355
3357	3735
3358	3358
336	2493
336	336
3360	3533
3361	3449
3361	3842
3368	3368
3368	3608
337	1628
337	2154
337	337
337	3600
337	374
3370	3370
3375	3379
3376	3376
3376	3403
3378	3378
3378	3552
3378	3667
3379	3499
338	2652
3380	3380
3380	3798
3380	3897
3382	3382
3384	3384
3385	3385
3386	3386
3387	3602
3389	3947
339	1196
339	2020
339	3869
3390	3431
3392	3392
3392	3404
3392	3728
3394	3885
3395	3634
3397	3397
3398	3398
34	151
34	2561
340	1233
340	1361
340	340
340	3451
340	3536
340	355
340	3995
340	616
3402	3402
3405	3405
3407	3407
3409	3409
3411	3615
3415	3486
3418	3889
342	633
3421	3603
3421	3836
343	1359
343	343
343	996
3430	3958
3431	3431
3431	3436
3433	3433
3433	3961
3439	3439
3440	3686
3441	3441
3445	3445
3445	3547
3445	3571
3445	3723
3446	3446
3447	3447
3448	3448
3449	3449
345	1505
345	1509
345	1873
345	1979
345	2079
345	2114
345	2116
345	2273
345	2574
345	2593
345	2688
345	2961
345	2967
345	3005
345	3442
345	345
345	3497
345	366
345	433
345	458
345	694
345	773
3451	3496
3451	3709
3452	3452
3455	3455
3456	3852
3457	3458
3458	3552
3458	3730
3459	3459
346	3144
346	346
3464	3587
3465	3465
3466	3466
3467	3756
3467	3814
3468	3468
347	1053
347	1111
3470	3735
3470	3838
3471	3829
3471	3868
348	348
348	781
3480	3480
3480	3718
3481	3481
3481	3896
3486	3486
3486	3854
3486	3881
3487	3531
349	1581
349	3362
349	349
349	969
3490	3875
3491	3497
3491	3602
3495	3562
3498	3686
3499	3499
3499	3961
3499	3964
35	1063
35	1262
35	2817
35	35
35	415
35	523
350	1610
350	1763
350	1936
350	2393
350	2906
350	3441
350	3979
3500	3500
3502	3502
3503	3503
3504	3504
3504	3541
3504	3633
3504	3722
3504	3801
3505	3505
3507	3507
3508	3508
3509	3509
3509	3771
351	3496
3510	3510
3512	3884
3513	3595
3515	3533
3519	3519
3519	3713
352	2218
352	2242
352	419
352	691
352	895
352	925
352	997
3522	3522
3522	3587
3529	3728
353	1043
353	2539
353	3821
3530	3932
3531	3531
3533	3533
3533	3698
3535	3535
3535	3582
3537	3537
3541	3541
3541	3710
3542	3542
3545	3545
3545	3666
355	1181
355	3203
355	355
3552	3730
3552	3996
3555	3555
3557	3557
3558	3558
3558	3674
3559	3559
356	1189
356	1680
356	1895
356	2150
356	2235
356	2363
356	2369
356	2424
356	2449
356	2454
356	2626
356	2985
356	2996
356	3229
356	3257
356	3350
356	3527
356	374
356	381
356	3813
356	387
356	488
356	552
356	644
356	744
356	821
356	868
3562	3562
3566	3595
3570	3570
3579	3579
3582	3582
3583	3883
3587	3587
3587	3714
3589	3589
3589	3960
359	1012
359	1390
359	3585
359	359
3590	3590
3591	3591
3592	3592
3595	3595
3598	3598
360	1339
360	2364
360	360
3600	3691
3602	3602
3607	3607
3611	3611
3612	3625
3614	3614
3615	3648
3616	3872
3617	3617
3618	3618
3618	3701
362	1658
362	2101
362	2113
362	2427
362	3189
362	3338
362	362
362	3697
362	3904
362	582
362	855
3622	3792
3624	3624
3625	3625
3626	3626
3628	3628
363	363
363	3689
3630	3630
3632	3632
3635	3732
3636	3636
3641	3641
3642	3642
3644	3644
3644	3731
3644	3811
365	1221
365	1317
365	1537
365	2258
365	2794
365	3153
365	3241
365	365
365	3753
365	518
3650	3650
3651	3881
3653	3653
3657	3657
3657	3742
3657	3801
3659	3659
366	1118
366	1505
366	2114
366	2377
366	366
3667	3728
3667	3772
3668	3668
3668	3670
3669	3669
367	1165
367	1665
367	1734
367	2337
367	3178
367	3317
367	669
367	688
3670	3670
3674	3674
3677	3677
3678	3678
368	1365
368	1388
368	368
3680	3680
3680	3774
3686	3707
369	1120
369	1497
369	2482
369	3221
369	369
369	3701
3693	3809
3696	3696
3696	3913
3697	3697
3698	3698
3698	3939
37	2474
37	37
370	3206
370	3507
370	3952
370	749
370	795
370	970
3700	3700
3702	3702
3703	3703
3704	3704
3705	3705
3707	3784
371	1155
371	1371
371	2156
371	2159
371	3157
371	3494
371	371
371	396
3710	3710
3714	3714
3717	3717
3722	3722
3722	3964
3723	3805
3725	3725
3728	3728
373	1190
373	1338
373	1468
373	1742
373	1773
373	1814
373	1924
373	2302
373	2403
373	2970
373	3279
373	3899
373	431
373	592
373	945
3730	3730
3730	3996
3731	3865
3733	3733
374	1155
374	1194
374	1261
374	1628
374	2100
374	2154
374	2807
374	3023
374	374
374	565
374	638
3740	3740
3742	3742
3744	3744
3746	3746
3749	3844
375	3624
375	3654
375	375
375	986
3751	3967
3752	3752
3754	3754
3755	3755
3757	3757
3759	3759
3760	3760
3762	3762
3763	3781
3764	3764
377	1075
377	1532
377	2228
377	377
377	804
3770	3770
3772	3772
3775	3840
3782	3782
3783	3783
3783	3930
3784	3784
3785	3785
3788	3788
3792	3792
3795	3795
3797	3797
380	1491
380	380
380	3934
380	637
3803	3803
3807	3807
3809	3809
381	1150
381	1490
381	1793
381	1895
381	1948
381	2150
381	2330
381	2600
381	2646
381	2755
381	2866
381	3229
381	3235
381	3496
381	381
381	387
381	685
381	724
381	758
3810	3810
3811	3872
3817	3817
3817	3822
3818	3818
3818	3973
382	1513
382	1589
382	2402
382	2537
382	3114
382	603
382	695
3822	3860
3824	3824
3825	3825
3829	3829
3829	3868
383	1397
383	2229
383	2859
383	383
3831	3831
384	1021
384	1046
384	1124
384	1362
384	1389
384	1404
384	1571
384	1659
384	1680
384	1719
384	1727
384	1748
384	1786
384	1877
384	2087
384	2117
384	2180
384	2233
384	2330
384	2364
384	2372
384	2438
384	2449
384	2530
384	2559
384	2580
384	2595
384	2630
384	2755
384	2780
384	2874
384	2893
384	2898
384	2961
384	3013
384	3016
384	3070
384	3126
384	3263
384	3350
384	3353
384	3385
384	3475
384	3491
384	3495
384	3672
384	384
384	3859
384	3880
384	395
384	415
384	458
384	488
384	503
384	552
384	559
384	740
384	763
384	765
384	768
384	823
384	864
3841	3841
3842	3842
3842	3957
3843	3904
3844	3844
3845	3845
385	1108
385	1457
385	1606
385	1855
385	1913
385	2019
385	2279
385	2781
385	3117
385	3297
385	3378
385	3515
385	3565
385	385
385	3870
385	518
385	572
385	713
385	829
3850	3850
3852	3852
3853	3904
386	1808
386	2616
386	758
3860	3860
3860	3985
3869	3869
387	1540
387	1624
387	1704
387	1832
387	1858
387	2088
387	2387
387	2726
387	2876
387	3332
387	3360
387	3515
387	3953
387	993
3870	3870
3872	3872
3872	3905
3875	3875
3876	3876
3878	3878
3879	3879
3880	3880
3881	3881
3884	3884
3885	3885
3888	3888
3889	3889
389	2595
389	3013
389	389
3891	3891
3895	3895
3898	3898
3898	3987
39	1090
39	3517
390	2302
390	3189
390	588
390	909
3901	3901
3903	3952
3904	3904
391	2402
391	2437
391	3545
391	3666
391	391
391	581
3912	3912
3915	3915
3928	3928
393	1444
393	1605
393	2663
393	3066
393	3929
393	393
393	987
3931	3931
3932	3932
3933	3933
3934	3934
3941	3941
3942	3942
395	1519
395	1571
395	2011
395	2717
395	3759
395	395
395	535
3957	3957
3958	3958
396	1121
396	1155
396	1371
396	1519
396	2060
396	2481
396	2891
396	3034
396	3128
396	3214
396	3496
3960	3960
3964	3964
3966	3966
3968	3968
397	1987
397	2323
397	2573
397	617
397	681
3970	3970
398	1494
398	2149
398	2189
398	398
3981	3981
3983	3983
3985	3985
3986	3986
3999	3999
4	4
4	857
40	1220
40	2205
40	2736
40	3483
40	40
40	561
400	1438
400	1519
400	1596
400	2303
400	2718
400	3768
400	400
401	2140
401	401
402	1217
402	1421
402	1656
402	1724
402	2020
402	2021
402	2369
402	2589
402	2688
402	2812
402	2990
402	3075
402	3978
402	402
402	694
402	772
402	773
403	1656
403	1657
403	1676
403	2620
403	2739
403	2995
403	3435
403	3820
403	3879
404	2492
404	2888
404	3831
404	404
404	678
404	809
406	3953
406	406
407	1016
407	1030
407	1959
407	2221
407	2714
407	2866
407	2876
407	3244
407	3861
408	1140
408	1871
408	2898
408	2976
408	3504
408	3537
408	3878
408	408
408	506
408	518
408	553
408	809
408	996
409	409
41	1656
41	322
410	2623
410	410
411	2230
411	2599
411	411
412	1546
412	2635
412	3034
412	3496
413	2728
414	1078
414	1653
414	1986
414	2466
414	3664
414	414
415	1143
415	1189
415	2772
415	2817
415	3749
415	3859
415	415
415	765
417	1648
417	2217
417	2996
417	3194
418	1189
418	1628
418	1680
418	2150
418	2180
418	2273
418	2454
418	2559
418	3301
418	3623
418	3662
418	3704
418	3971
418	418
418	778
419	1046
419	1486
419	1855
419	2781
419	419
419	501
42	3836
42	42
42	855
420	3530
420	3932
421	1501
421	3650
422	2466
422	422
423	423
424	2126
424	2351
425	1100
425	1583
425	425
427	2259
427	506
428	1146
428	2185
428	3417
428	3536
43	1121
43	1317
43	1348
43	1404
43	1438
43	1519
43	1558
43	1596
43	1680
43	1833
43	1968
43	2258
43	2415
43	243
43	2824
43	3086
43	3241
43	3271
43	345
43	3579
43	3709
43	3750
43	3885
43	3891
43	43
43	535
43	724
43	832
43	932
430	1470
430	2995
430	3101
430	3238
430	430
431	1190
431	1341
431	1773
431	2301
431	2840
431	3466
432	432
433	1550
433	1843
433	2045
433	2304
433	3484
433	433
433	446
433	452
433	476
433	694
433	718
434	579
435	1341
435	3222
435	435
436	1502
436	2051
436	2324
436	3332
436	3449
436	436
436	709
436	916
437	3892
437	684
438	3926
438	438
439	1284
439	1567
439	2191
439	2830
439	439
439	774
44	1642
44	2422
44	2688
44	3743
440	1707
440	3314
441	441
442	2861
443	1452
443	1601
443	1763
443	1788
443	1936
443	2370
443	3070
443	3519
444	1457
444	2435
444	2967
444	3177
444	458
444	993
445	1803
445	2944
445	3593
445	3922
446	1103
446	2476
446	3519
446	3713
446	476
446	527
447	1273
447	1615
447	455
449	1129
449	1197
449	1862
449	2935
449	449
449	531
449	924
45	1290
45	2565
45	2677
45	3657
45	45
450	1199
450	2144
450	3095
452	1648
452	1833
452	2304
452	3754
452	452
452	476
452	767
452	880
453	3212
455	455
457	1083
457	3151
457	3460
458	1319
458	1482
458	1509
458	1667
458	2206
458	2493
458	2890
458	2967
458	3124
458	3497
458	458
458	662
459	1569
459	2071
459	3696
46	241
46	46
460	1419
460	2314
461	2390
461	3188
462	1538
462	462
463	1296
463	1476
463	1993
463	2557
463	761
464	1161
464	1760
464	2396
464	2429
464	2594
464	464
465	3093
465	3468
465	465
466	1007
466	1411
466	1815
466	1880
466	2176
466	2223
466	2376
466	466
466	965
467	2585
467	3513
467	467
468	2765
468	468
469	1231
469	1275
469	1809
469	2495
469	3057
469	469
469	657
469	924
47	1315
47	47
470	1346
470	2335
470	3423
470	3965
471	471
474	2776
475	743
476	2679
477	1856
477	2276
477	3548
477	477
478	1907
478	2054
478	2364
478	2896
479	3315
479	3675
479	3700
479	479
48	109
48	1588
48	1747
48	2060
48	2729
48	3887
48	48
48	519
480	1438
480	2042
480	2740
480	480
480	694
480	847
480	974
483	1829
483	2191
483	2969
483	2981
483	3074
483	3587
483	3698
483	483
484	1719
484	1748
484	2365
484	3007
484	3263
484	3707
484	626
485	485
485	930
486	1301
486	1496
486	1927
487	3015
487	608
488	1189
488	2150
488	3813
489	2702
489	3251
489	489
489	507
489	690
49	595
490	1305
490	2475
490	2994
490	3121
490	3974
491	1951
491	2558
491	2560
491	2895
491	3215
491	3499
491	491
491	866
491	957
492	1238
492	1316
492	1826
492	3558
492	3566
492	3674
492	492
492	861
494	1041
494	1646
494	1948
494	2110
494	3395
494	3853
494	577
494	654
495	1616
495	1788
495	1945
495	2618
495	2951
495	3349
495	3368
495	495
495	766
496	496
496	856
498	1197
498	2160
498	2935
498	3139
498	498
498	652
498	924
499	2119
5	2390
5	461
5	5
5	557
50	1030
50	2966
500	500
501	1155
501	1628
501	1680
501	2758
501	501
502	1500
502	2949
502	3087
502	3389
502	502
503	1150
503	1680
503	2150
503	2330
503	2429
503	2507
503	2755
503	2985
503	3353
503	3813
503	552
505	1449
505	1719
505	1769
505	2007
505	2585
505	2712
505	3549
505	3772
505	3889
505	505
505	740
505	797
505	951
506	1069
506	1160
506	1712
506	2070
506	2212
506	2259
506	2488
506	2706
506	2767
506	3812
506	3836
506	506
506	564
506	612
506	728
506	855
506	975
506	999
508	1628
508	2100
508	3686
508	508
508	950
509	2078
509	2296
509	2667
51	1754
51	2624
51	2736
51	337
51	3530
51	3869
51	420
51	428
51	51
51	513
51	777
51	888
511	2684
511	3029
511	3785
511	511
512	1621
513	2353
513	2995
513	3536
513	3728
513	513
513	522
515	1258
515	1956
515	2536
515	2721
515	2913
515	3057
515	3982
515	948
516	2268
516	2508
516	3906
516	516
517	3402
517	517
517	565
518	1308
518	1537
518	1591
518	1736
518	1890
518	2518
518	2976
518	3234
518	3241
518	518
518	553
518	790
518	999
519	1747
520	1971
520	3261
520	3344
520	808
521	3199
522	1007
522	1046
522	1486
522	1880
522	2376
522	2424
522	3385
522	3455
522	522
522	523
522	631
523	1079
523	1569
523	1808
523	2600
523	2660
523	3120
523	3502
523	3735
523	595
523	758
524	928
525	1670
525	2337
525	2784
525	3178
525	525
525	669
526	2534
526	2735
527	1103
528	1760
53	1046
53	1326
53	1486
53	1504
53	1845
53	1860
53	2092
53	2288
53	275
53	2893
53	3087
53	3237
53	3512
53	384
53	502
53	520
53	53
53	808
530	1272
530	1497
530	1667
530	2115
530	2238
530	2768
530	530
531	531
532	1278
532	2191
532	636
533	2757
533	953
534	1702
534	2418
535	1020
535	1038
535	1371
535	1447
535	1519
535	1603
535	1805
535	1824
535	1843
535	1935
535	1979
535	2011
535	2029
535	2079
535	2116
535	2574
535	2688
535	2951
535	3055
535	3086
535	3305
535	3397
535	3408
535	3484
535	3753
535	3798
535	535
535	760
535	773
535	974
536	1351
536	1412
536	1478
536	2066
536	2493
536	3017
536	678
536	907
537	537
539	1023
54	1155
54	2812
540	1924
540	2298
540	2970
540	3738
540	540
541	1311
541	1321
541	1673
541	2539
541	3698
541	3939
541	3993
541	541
542	1217
545	1300
545	1522
545	1968
545	2784
545	3527
545	619
545	799
546	2312
546	3188
546	3621
546	546
546	770
55	1903
55	2018
55	332
55	3435
550	1221
550	1369
550	1695
550	1887
550	1958
550	1995
550	2235
550	2737
550	3515
550	3566
550	550
550	732
551	551
552	1124
552	1189
552	1606
552	1680
552	1719
552	1752
552	1934
552	1980
552	2044
552	2141
552	2150
552	2175
552	2232
552	2330
552	2449
552	2559
552	2588
552	2755
552	2961
552	3016
552	3342
552	3392
552	3475
552	3495
552	3527
552	3813
552	663
552	708
552	746
552	768
552	821
553	1037
553	1127
553	1665
553	1984
553	2111
553	2149
553	2302
553	2333
553	2898
553	2976
553	3025
553	3058
553	3317
553	621
554	3543
554	554
555	2188
555	555
556	1209
556	3634
556	556
558	558
559	1021
559	3350
559	663
56	2092
56	3298
56	56
56	792
56	836
560	2700
560	2957
560	560
560	975
561	1695
561	1789
561	1834
561	2302
561	2407
561	2885
561	3188
561	3423
561	3621
561	3731
561	791
561	853
562	1948
562	2167
562	2221
562	2653
562	562
563	1251
563	1783
563	2139
563	563
564	1114
564	1516
564	3605
565	1411
565	1713
565	1779
565	3439
565	565
565	637
566	2447
566	566
567	1890
567	2037
567	2130
567	2545
567	567
567	982
568	2526
568	568
569	1463
569	1810
569	2411
569	2416
569	2738
569	2790
569	3039
569	3335
569	3454
569	3817
569	569
569	983
57	57
57	867
570	1222
570	570
571	1657
571	1764
571	1981
571	3033
571	571
571	770
571	967
572	2091
572	3297
572	678
572	829
572	925
572	941
573	3129
573	573
573	628
574	1671
574	2031
574	2047
574	574
574	888
575	575
576	2960
576	3149
576	3306
576	576
576	579
576	785
577	1445
577	1995
577	2110
577	2437
577	2469
577	2690
577	3556
577	3680
577	3933
577	577
577	598
577	654
577	996
579	1473
579	1545
579	2683
579	2960
579	3179
579	3306
579	579
58	1455
58	1917
58	2648
58	3201
58	58
580	580
581	1114
581	3833
581	593
582	2533
582	3852
583	1267
583	2021
584	1007
584	1048
584	2376
584	2942
585	1016
585	3244
586	1024
587	1081
587	1522
587	1610
587	1705
587	1815
587	1886
587	2812
587	2819
587	3097
587	3484
587	3765
587	587
588	630
588	909
589	1568
589	3641
589	589
590	2337
590	2491
590	2930
591	2509
591	3704
591	591
592	1041
592	1190
592	1305
592	1742
592	2062
592	2538
592	3974
592	592
593	1463
593	2411
593	2710
593	593
593	993
595	1411
595	1702
595	2841
595	3094
595	3198
596	3758
596	596
596	797
598	2437
598	2469
598	3933
598	598
599	2683
599	3558
599	599
6	2532
6	6
60	175
60	1810
60	1972
60	2030
60	210
60	2380
60	2790
60	3312
60	3454
60	474
60	569
60	60
60	601
600	2084
600	2476
600	3775
600	600
601	3454
602	602
603	2402
603	603
603	845
606	1344
606	1581
606	3257
606	3731
606	3865
607	2186
607	2262
607	2674
607	2683
607	2924
607	2953
607	3814
607	893
608	1211
609	3407
609	609
61	109
61	1188
61	1543
61	1747
61	1934
61	2060
61	2284
61	2449
61	2729
61	3744
61	3937
61	3994
61	61
610	1976
610	3964
610	678
613	1180
613	3045
613	3095
613	808
614	3827
614	614
617	2883
617	617
617	737
618	3505
618	618
618	803
619	1048
619	1943
619	2784
619	619
620	1046
620	1090
620	1108
620	1248
620	1264
620	1462
620	1486
620	2292
620	2660
620	2925
620	3508
620	3660
620	3870
620	620
620	633
620	665
620	758
621	1665
621	2499
623	1430
623	2522
623	3243
623	3610
623	3727
624	1403
624	2372
624	624
625	1526
625	2273
625	625
626	2871
626	3007
627	937
628	3989
628	748
629	1290
629	1548
629	2677
629	3147
63	1343
63	3527
63	63
631	1042
631	1361
631	1482
631	1667
631	1952
631	2391
631	2580
631	2608
631	2653
631	2682
631	2790
631	3226
631	3496
631	631
631	745
631	749
631	848
632	1579
632	1802
632	2426
632	2813
632	2917
632	3198
632	3598
632	632
633	1937
633	2104
633	3324
633	633
633	736
634	2935
636	2388
636	3781
637	1774
637	1779
637	2538
637	3029
637	637
638	1957
638	2807
638	2979
638	638
639	1441
64	1666
64	2375
64	3042
64	64
64	830
640	3106
640	3133
640	640
640	993
641	2191
641	774
642	1340
642	1980
642	2634
642	3483
644	3188
644	644
645	1456
646	2434
646	3380
646	3391
646	646
646	878
647	1444
647	1576
647	3160
647	647
648	648
649	2213
649	2767
649	649
65	1121
65	1719
65	1748
65	3247
65	3263
65	65
65	740
65	77
650	2845
650	2927
650	3566
650	842
650	916
651	2376
651	2479
651	3272
652	2536
652	2802
652	3421
652	3836
652	924
653	1394
653	2262
654	1306
654	1995
654	2110
654	2347
654	654
655	1085
655	1094
655	1899
655	655
656	656
657	1275
657	1672
657	2417
657	3563
657	657
658	3293
658	3335
658	3817
658	658
659	2394
66	2615
660	3829
660	660
661	1472
661	2453
661	2485
661	2852
661	3316
661	661
661	953
662	1063
662	2600
662	2907
662	662
663	2544
663	3350
663	3491
664	2387
664	2505
664	664
665	1486
665	1621
665	1793
665	2125
665	3101
665	3523
665	665
666	2895
666	666
669	1728
669	1734
669	1959
669	1966
669	2337
669	2491
669	3178
669	3317
669	811
67	108
67	1248
67	1369
67	1486
67	1680
67	2054
67	2292
67	2295
67	285
67	3033
67	3367
67	571
67	67
67	770
67	991
671	3707
671	760
672	2591
672	672
673	1881
673	673
674	2771
674	3774
674	674
674	708
675	1006
675	3213
676	1107
676	676
677	2132
677	3492
677	677
678	1637
678	1795
678	2493
678	2532
678	2552
678	2756
678	2762
678	2902
678	3020
678	3691
678	678
678	809
678	840
678	866
678	941
679	1037
679	1379
679	1543
679	2811
679	3754
679	3918
679	679
679	878
68	1996
68	204
68	2723
68	3293
68	3566
68	3817
68	3896
68	658
68	68
68	947
680	1041
680	1769
680	2525
680	3231
680	3373
680	3556
680	3715
680	680
681	1050
681	681
682	1689
683	1681
683	1738
683	1985
684	2792
684	2933
684	684
685	1793
685	1831
685	1995
685	2053
685	2133
685	2577
685	2646
685	2765
685	3318
685	3324
685	3410
685	3771
685	685
687	1344
687	3024
688	1142
688	1393
688	1587
688	1670
688	1801
688	2127
688	2452
688	2638
688	2887
688	3032
688	3249
688	688
689	3620
689	689
69	125
69	593
690	690
693	1338
693	3408
694	694
695	1639
695	2496
695	2838
695	695
696	1751
696	2366
696	2379
696	2465
696	2629
696	3706
696	3944
696	696
697	2582
697	3886
698	1954
7	7
70	3478
70	70
701	1247
701	1562
701	2119
701	2218
701	2242
701	2668
701	925
702	3992
702	702
704	1286
706	2132
707	1540
707	2170
707	3814
707	707
708	2210
708	2395
708	2449
708	2972
708	708
708	899
709	1314
709	1441
709	2952
709	709
71	2155
71	2573
710	710
711	1109
711	2128
711	3146
711	725
712	2023
712	2595
712	2683
712	3126
712	3385
712	3793
712	712
713	1913
713	3378
713	3667
713	713
713	756
714	714
714	896
715	2799
715	3688
715	715
716	1597
716	1823
716	2184
718	1319
718	2045
718	2250
718	3484
718	3677
719	1771
719	1803
719	2227
719	3391
719	3667
719	3709
719	3772
719	797
719	951
72	2522
72	2757
72	3243
72	72
720	1843
720	2250
720	720
721	1122
721	2774
721	721
722	1271
722	2195
722	2313
722	2401
722	2668
722	3517
722	3566
722	3654
722	795
724	2449
724	2530
724	3322
724	3606
724	928
725	1109
725	1184
725	2128
725	3390
726	3131
726	726
728	1144
728	1774
728	2471
728	2592
728	2989
728	3328
728	3464
728	3516
728	728
728	955
73	3129
73	3989
73	628
73	632
731	1609
731	2528
732	1362
732	1887
732	732
734	960
735	1490
735	796
735	873
736	1482
736	3156
736	3561
736	736
737	1183
737	2444
739	1846
739	3048
739	739
74	1757
74	1780
74	2015
74	254
74	2992
74	2995
74	3101
74	568
74	665
74	74
74	897
740	1719
740	2588
740	2712
741	2009
741	741
742	742
743	2319
744	1022
744	1257
744	1375
744	1564
744	1754
744	1810
744	2018
744	2021
744	2369
744	744
745	2360
745	2391
745	3031
745	3137
745	745
746	1189
746	2054
746	2330
746	2454
746	2755
746	3353
746	746
748	1260
748	1419
748	1478
748	1797
748	2127
748	2314
748	3032
748	3129
748	3834
748	748
749	1163
749	2608
749	2653
749	2892
749	3507
749	3624
749	3958
749	749
75	1286
75	1307
75	1320
75	1491
75	1614
75	1623
75	1783
75	193
75	2139
75	2364
75	2373
75	2624
75	3201
75	3519
75	3745
75	478
75	481
75	704
75	75
75	864
750	2167
750	2221
750	2817
750	750
751	2597
753	753
754	2137
756	1054
756	3990
756	756
756	810
757	1373
757	2047
758	1079
758	1782
758	1808
758	1847
758	1864
758	1916
758	1948
758	2611
758	2616
758	3166
758	3229
758	3592
758	3653
758	3728
758	3735
758	758
758	780
758	885
758	993
759	759
76	76
760	1324
760	2360
760	2391
760	3484
760	3772
760	760
761	1413
761	1879
761	1886
761	1973
761	1993
761	2045
761	2208
761	2361
761	2381
761	2456
761	2487
761	2557
761	3147
761	3314
761	3948
761	761
761	774
761	796
762	2193
763	1528
763	2007
763	3184
764	2256
764	764
765	1189
765	1344
765	2150
765	2364
765	2449
765	2454
765	2600
765	2941
765	2996
765	3571
765	3859
765	765
765	953
766	1221
766	1616
766	1943
766	2578
766	2951
766	3368
766	3891
767	1053
769	1089
769	1610
769	1865
769	2490
769	2812
77	1482
77	1590
77	1689
77	2020
77	2622
77	2871
77	3177
77	484
77	671
77	77
770	2054
770	2216
770	2309
770	3188
770	3621
771	1783
771	771
772	1000
772	3891
772	772
773	1191
773	1239
773	1348
773	1805
773	1886
773	2116
773	2258
773	2381
773	2593
773	2635
773	2688
773	3005
773	3214
773	3277
773	3380
773	3469
773	3825
773	3920
773	3978
773	773
773	844
774	2191
775	1397
775	2475
775	2814
776	3719
777	888
778	1064
778	1680
778	778
779	2265
779	779
78	124
78	1731
78	3152
78	3285
78	3542
78	3667
78	78
780	1012
780	1278
780	1541
780	1782
780	1887
780	1934
780	1975
780	2220
780	2242
780	2345
780	2848
780	2866
780	2932
780	2995
780	3253
780	3392
780	3529
780	3585
780	3625
780	3728
780	3910
780	780
780	887
780	925
781	3048
781	781
782	1200
782	2641
782	2721
782	863
782	948
783	1903
783	2018
783	3164
785	1305
785	1397
785	3688
785	785
786	3728
786	786
789	1173
789	789
79	2193
79	3090
79	3990
79	756
79	762
79	79
79	810
790	1333
790	2073
790	2486
790	2788
790	3955
790	790
790	849
791	1167
791	1174
791	1972
791	2745
791	3188
791	791
791	990
792	1161
792	3455
792	792
792	836
793	1765
793	1935
793	3348
793	3940
793	793
795	1023
795	1097
795	2401
796	1120
796	2043
796	2381
796	3648
796	3752
797	1355
797	2122
797	2223
797	2541
797	2896
797	3196
797	3236
797	3338
797	3541
797	3710
797	3762
797	797
799	1522
799	1603
799	1610
799	3686
8	1070
8	1098
8	1438
8	1519
8	1656
8	1926
8	1956
8	2298
8	2301
8	2857
8	3020
8	3061
8	362
8	8
8	886
8	9
80	1254
80	2375
80	335
80	690
80	80
800	1499
801	1085
801	1839
801	2847
801	3398
801	3751
801	3967
801	801
802	1451
802	1581
802	1932
802	2513
802	3122
802	3253
802	3278
802	3865
802	3932
802	814
802	864
803	2063
803	2975
803	3225
803	3289
803	3505
803	3701
803	803
804	1075
804	1532
804	2483
804	3515
804	3533
804	804
804	993
805	1211
805	1341
805	3015
805	805
807	1622
807	2468
807	2518
807	2695
807	3380
807	807
808	1971
808	2262
808	3261
808	3344
809	1054
809	1098
809	1099
809	1821
809	1976
809	2359
809	2837
809	2888
809	3722
809	3878
809	3964
809	809
809	941
81	1203
81	1519
81	2683
81	2960
81	3126
81	3232
81	3494
81	3709
81	3746
81	3885
81	599
81	81
81	832
81	951
810	1293
810	1332
810	1828
811	1157
811	2337
811	2517
811	3178
811	3817
811	811
811	848
812	2867
812	3504
814	1449
814	1769
814	2073
814	2385
814	2515
814	3228
814	3270
814	3341
814	3499
814	814
814	964
815	1833
815	3263
815	3317
815	3380
815	3647
815	815
816	816
817	2016
818	818
819	1017
819	819
819	831
82	1943
82	2053
82	2534
82	2577
82	2735
82	2759
82	3190
82	3272
82	3771
82	82
820	1331
820	1670
820	1979
820	2079
820	2144
820	2574
820	2678
820	2887
820	2956
820	3783
820	3930
820	820
821	2150
821	2218
821	2424
821	2530
821	3353
821	3813
821	821
822	1686
822	3797
822	822
822	951
823	1880
823	1935
823	2438
823	3232
823	823
823	866
825	1541
825	2345
825	2485
827	1483
827	2685
827	3971
828	3782
829	1457
829	1610
829	2091
829	2220
829	2678
829	2780
829	3297
829	3515
83	1190
83	1468
83	1814
83	2302
830	3042
830	830
832	1261
832	2184
832	2229
832	2262
832	2360
832	2439
832	3386
832	3532
832	3928
832	846
834	3597
834	834
836	1059
836	1075
836	1215
836	1579
836	1588
836	1757
836	1772
836	2083
836	2092
836	2171
836	2197
836	2221
836	2279
836	2288
836	2458
836	2664
836	2859
836	3087
836	3166
836	3473
836	3582
836	836
836	910
836	934
836	948
838	2610
838	3846
838	838
839	839
841	1481
841	841
842	2845
843	3889
843	845
844	1312
844	2688
845	1184
845	1430
845	1932
845	1956
845	2128
845	2167
845	2217
845	2304
845	2904
845	2907
845	2999
845	3079
845	3372
845	3390
845	3559
845	3720
845	3884
845	3912
845	845
845	917
845	999
846	2184
846	2229
846	2262
846	2439
846	2529
846	3158
846	3386
846	3532
847	2156
847	2740
848	1042
848	1052
848	1157
848	2060
848	2162
848	2682
848	3178
848	3214
848	848
849	1085
849	1274
849	1333
849	1500
849	1757
849	2092
849	2486
849	2540
849	2554
849	2767
849	2788
849	2821
849	3236
849	3955
849	849
85	1026
85	2211
85	2514
85	3156
85	3370
85	85
850	2937
850	3039
852	2693
852	3188
853	2407
853	3575
854	1880
854	1994
855	1069
855	1422
855	2488
855	3812
855	855
858	1271
858	1444
858	1549
858	1571
858	1701
858	1887
858	1995
858	2004
858	2242
858	2995
858	3101
858	3361
858	3367
858	3872
858	858
858	925
859	1189
859	1344
859	2054
859	2363
859	2372
859	3257
859	3469
859	859
86	528
86	826
861	2486
862	2132
862	2841
862	2957
862	2993
862	3871
863	863
864	1087
864	1421
864	2449
864	2963
864	3491
864	3745
864	3847
864	3985
864	864
865	1396
865	1664
865	2120
865	2148
865	3932
865	865
866	1308
866	1596
866	2113
866	2164
866	2359
866	2438
866	2515
866	2679
866	2898
866	3338
866	3378
866	3499
866	3513
866	3762
866	3964
866	866
868	2150
868	3784
868	868
869	869
87	1888
87	2647
87	2922
87	87
870	1686
870	3853
871	3355
871	871
872	1882
872	1930
872	3130
872	872
873	2224
873	2757
874	874
875	1641
875	875
876	1195
876	1407
876	1987
876	2323
876	876
877	877
878	3391
879	1517
879	2020
879	2302
879	2409
879	2934
879	3278
879	3423
879	3771
879	3949
879	879
879	953
88	2113
88	3377
88	3591
88	88
88	986
880	1060
881	2647
882	1504
883	883
885	1577
885	3229
885	3593
885	3664
885	3747
885	885
886	1184
886	1600
886	3084
886	3473
886	3685
887	2866
887	2932
887	3529
888	1001
888	1671
888	2262
888	3033
888	3189
888	3484
888	3869
888	3904
89	3493
891	1039
891	1287
891	1587
891	891
891	992
892	2020
893	1613
893	1697
893	1802
893	3935
895	1636
895	1725
895	1916
895	2208
895	2515
895	3375
895	3759
897	2015
897	2164
897	3101
897	3282
897	897
899	2465
899	3054
9	1517
9	9
90	90
903	1115
903	3195
903	903
904	1284
904	1567
904	904
905	905
906	2331
906	906
908	1025
908	3259
908	926
91	471
910	2092
910	2279
910	910
912	1605
913	1592
914	3344
914	914
915	1468
915	1635
915	1923
915	2298
915	915
916	1051
916	1248
916	1361
916	1369
916	1465
916	1879
916	1934
916	2248
916	2309
916	2639
916	2647
916	2871
916	3131
916	3361
916	3387
916	3552
916	3566
916	3657
916	3692
916	3842
916	3870
916	3874
916	3957
916	916
917	1462
917	1980
917	2874
917	3491
917	3559
918	1541
918	1796
918	2486
918	3240
918	3695
918	918
92	3714
92	705
920	1315
920	920
921	1169
921	2096
921	2334
921	3842
921	921
922	3159
922	3455
922	922
923	2960
924	1130
924	1197
924	2160
924	2417
924	2535
924	2802
924	2935
924	3328
924	3532
924	924
925	1887
925	2218
925	2242
925	2515
925	2668
925	3504
925	3722
925	3964
925	925
925	994
926	1025
926	1705
926	926
926	946
927	2416
927	2866
927	3459
928	2454
928	928
929	1570
929	3925
929	929
93	1223
93	1250
93	155
93	1785
93	2748
93	3644
93	415
93	465
93	562
93	93
930	2479
930	2765
930	3004
930	3976
930	930
932	1438
932	2415
932	2422
932	2824
932	3579
932	3611
932	932
933	3775
933	3840
934	2092
934	934
935	2716
935	935
936	1083
936	2293
936	3151
936	936
938	2954
938	938
939	1494
939	2971
939	939
94	1037
94	1071
94	1190
94	1663
94	2302
94	2453
94	2499
94	2852
94	3316
94	3420
94	3918
94	94
940	2003
941	2499
941	3754
941	941
942	2111
942	2838
942	942
943	1481
943	3956
943	943
945	1190
945	1338
945	1468
945	1746
945	1773
945	2298
945	2533
945	2808
945	3003
945	3172
948	1200
948	1210
948	1258
948	1315
948	1754
948	2077
948	2199
948	2275
948	2288
948	2538
948	2581
948	2852
948	3087
948	3412
948	948
948	963
949	1112
949	3744
949	3801
949	949
95	1076
95	1379
95	1543
95	1855
95	1913
95	1958
95	2781
95	2811
95	2963
95	3117
95	3352
95	385
95	3870
95	3936
95	550
95	679
95	95
951	1007
951	1519
951	1678
951	1851
951	2229
951	2260
951	2289
951	2391
951	3394
951	3885
951	3981
951	951
953	1548
953	1795
953	2191
953	2372
953	2577
953	2600
953	2806
953	2907
953	3895
953	3950
953	953
954	2667
954	955
955	1144
955	1880
955	3061
956	956
957	2558
957	3278
957	957
958	958
96	2792
96	96
960	1543
960	2895
960	3128
961	1059
961	1922
961	2622
961	3167
963	1210
963	2077
963	963
964	2515
964	3499
965	1411
965	2544
965	2595
965	3013
965	3181
965	3821
965	965
966	1032
966	1556
967	1511
967	2266
967	3033
967	3217
967	967
968	2820
968	968
969	3378
969	969
97	107
97	2422
97	539
97	97
970	1980
970	2874
970	3602
970	3952
971	971
974	1198
975	975
976	1046
976	1260
976	1466
976	1660
976	2336
976	2486
976	2653
976	2995
976	3141
976	3220
976	3268
976	3955
976	976
977	977
978	1600
978	1958
978	3772
978	978
979	3896
979	979
98	3912
980	980
981	1811
981	3445
981	3708
982	2037
982	2545
983	2747
983	983
985	1384
985	1458
985	1459
985	1464
985	1938
985	1940
985	1988
985	2527
985	985
986	2033
987	1854
987	1893
987	987
988	1046
988	1486
988	2925
988	3518
988	988
989	2747
99	1090
99	1257
99	1264
99	1314
99	1389
99	155
99	1617
99	1887
99	2242
99	2576
99	266
99	2982
99	3024
99	3239
99	3857
99	479
99	925
99	99
991	1248
991	1315
991	1502
991	2708
991	3616
991	3985
991	991
992	3113
992	3589
992	3659
993	1063
993	1075
993	1360
993	1540
993	1864
993	2088
993	2235
993	2726
993	2786
993	2871
993	3125
993	3329
993	3350
993	3383
993	3470
993	3533
993	3606
993	3874
993	3953
993	993
994	1282
994	1355
994	1746
994	2064
994	2108
994	2223
994	2468
994	2770
994	3037
994	3317
994	3406
994	3504
994	3647
994	3722
994	994
995	1171
995	1310
995	1554
995	1622
995	1803
995	1893
995	2105
995	2435
995	2497
995	2973
995	3030
995	3276
995	3431
995	3854
995	995
996	1359
996	1451
996	1855
996	2703
996	2781
996	3338
996	3499
996	3537
996	996
996	997
997	1704
997	1918
997	2703
998	1933
999	1276
999	1671
999	2167
999	3079
999	999
