#Nodes	4000
#Edges	8374
1	1
1	1541
1	2345
1	2486
1	3500
10	1258
10	1307
10	1384
10	1719
10	2709
10	2896
10	2916
10	478
10	948
100	100
100	1315
100	565
1001	2763
1001	3382
1002	1002
1002	2995
1003	1003
1003	1327
1003	2229
1003	2995
1003	3635
1005	1005
1005	2175
1005	2486
1005	3252
1005	3779
1005	3828
1007	2683
1007	3628
1008	1008
1008	1278
1008	1490
1008	3091
1008	3394
1008	3540
101	1880
101	2088
1010	1010
1010	3721
1012	1012
1012	3455
1013	1440
1014	1014
1015	3982
1016	1016
1016	1067
1016	1071
1016	1426
1016	1654
1016	1706
1016	2150
1016	2410
1016	2855
1016	2973
1016	3668
1016	3844
1016	3868
1017	1017
1017	3110
1017	3380
1017	3408
102	102
1020	1935
1021	1622
1021	2330
1021	2347
1021	2363
1021	2390
1021	2755
1021	2961
1021	3176
1021	3257
1021	3723
1022	3696
1023	1144
1023	1252
1023	1700
1025	1363
1025	1656
1025	1911
1025	3348
1028	1028
1028	1094
1028	1150
1028	1164
1028	1533
1028	2269
1028	2330
1028	2373
1028	2559
1028	2591
1028	2916
103	103
103	152
103	1724
103	2258
103	2320
103	2593
103	3005
103	3097
103	535
103	747
103	773
1032	1556
1035	1035
1035	1920
1035	2560
1035	2736
1035	3276
1035	3301
1037	1037
1037	2888
104	104
104	1666
104	291
104	3042
104	3388
1040	1040
1041	1041
1041	1067
1041	1591
1041	1841
1041	1890
1041	2057
1041	2062
1041	2110
1041	2113
1041	2290
1041	2410
1041	3231
1041	3270
1041	3595
1044	1948
1045	1045
1045	1280
1045	2584
1045	3566
1046	1046
1046	1524
1046	2373
1046	3457
1046	3723
1046	3865
1047	3149
1048	2604
1049	1049
1049	1075
1049	2486
1049	2550
1049	2768
1049	2837
1049	2925
1049	3260
105	105
105	1732
105	2074
105	2122
105	2298
105	2403
105	2840
105	3754
1051	1051
1051	1112
1051	1187
1051	1278
1051	1497
1051	1918
1051	1987
1051	2634
1051	2730
1051	2757
1051	3361
1051	3692
1051	3842
1051	3957
1053	1264
1053	1903
1053	1998
1056	3914
1057	1057
1057	1288
1057	1521
1057	2071
1057	2734
1057	3513
1058	1670
1059	1737
1059	2664
106	106
106	1143
106	1361
106	1390
106	1657
106	1803
106	1879
106	2244
106	2337
106	2357
106	2407
106	2579
106	2626
106	2660
106	2772
106	2956
106	2995
106	302
106	3226
106	3235
106	3467
106	3472
106	3593
106	3747
106	385
106	3941
106	406
106	454
106	620
106	724
106	887
106	970
1060	1060
1060	1072
1060	1719
1060	2714
1060	2734
1060	3141
1061	1061
1063	1124
1063	1257
1063	1344
1063	2141
1063	2373
1063	2893
1063	2925
1063	3176
1063	3257
1063	3609
1063	3805
1063	3872
1066	1280
1066	1624
1066	1728
1066	3132
1067	1067
1067	1591
1067	1841
1067	2057
1067	2410
1067	2715
1067	2884
1067	2907
1067	3435
1067	3771
1069	1665
1069	2108
1069	3984
1072	1719
1072	2714
1072	3740
1073	1369
1073	2925
1075	1524
1075	1576
1075	2486
1076	1264
1076	2104
1076	2357
1076	2927
1076	3006
1076	3491
1077	1077
1077	1931
1077	2433
1077	2748
1077	2759
1077	2784
1077	3004
1079	1079
1079	1143
1079	1390
1079	1496
1079	1796
1079	2196
1079	2242
1079	2390
1079	2660
1079	2961
1079	3066
1079	3070
1079	3212
1079	3454
1079	3491
1079	3664
1079	3728
1079	3735
108	108
108	1127
108	1189
108	1262
108	1307
108	1457
108	1477
108	163
108	171
108	1734
108	175
108	1984
108	2004
108	2149
108	2204
108	2390
108	2411
108	2518
108	267
108	2693
108	2776
108	3035
108	3054
108	3125
108	3229
108	3469
108	3808
108	394
108	3941
108	405
108	557
108	572
108	653
108	751
108	837
108	957
1082	1082
1082	1254
1082	1370
1082	1622
1082	2886
1082	2963
1082	3015
1082	3070
1082	3134
1082	3499
1082	3723
1083	1083
1083	1409
1083	1777
1083	3151
1083	3313
1083	3853
1084	1170
1084	2777
1085	1085
1085	1257
1085	1524
1085	1734
1085	1778
1085	1796
1085	1889
1085	1891
1085	2242
1085	2331
1085	2363
1085	2373
1085	2386
1085	2579
1085	2835
1085	2946
1085	3164
1085	3518
1085	3963
1085	3967
1088	1245
1088	1480
1088	2965
1089	1198
1089	1935
1089	2490
1089	3044
1090	1408
1093	1764
1093	2061
1093	2484
1093	2757
1093	3697
11	1082
11	11
11	1278
11	1307
11	1370
11	1421
11	1448
11	1484
11	1543
11	1602
11	1652
11	1668
11	167
11	1803
11	193
11	1941
11	2047
11	2233
11	2273
11	2641
11	2963
11	31
11	3235
11	3532
11	3704
11	3729
11	3805
11	415
11	460
11	478
11	501
11	714
11	880
110	110
110	1757
110	1774
110	2348
110	3099
110	3427
110	3516
110	3603
110	3697
110	3836
110	924
1100	1100
1100	1189
1100	1263
1100	1276
1100	1533
1100	1636
1100	1653
1100	1719
1100	1995
1100	2372
1100	2598
1100	2754
1100	2864
1100	2961
1100	3045
1100	3518
1100	3984
1102	1102
1102	1332
1103	1103
1103	2504
1103	2613
1103	2850
1104	1104
1104	1155
1104	1485
1104	1911
1104	2513
1104	2675
1104	2740
1104	2900
1104	3074
1104	3110
1104	3258
1104	3380
1104	3403
1104	3722
1105	1105
1109	1472
1110	3830
1111	1111
1111	2726
1111	3622
1112	1112
1112	3657
1113	1113
1113	1419
1113	2295
1113	2810
1113	3279
1113	3284
1113	3327
1113	3819
1113	3923
1115	1115
1115	1580
1115	3195
1116	1360
1116	1777
1116	2185
1116	2243
1116	2290
1116	2583
1116	2927
1116	3853
1119	1495
1121	1121
1121	1519
1121	1600
1121	1779
1121	1812
1121	1879
1121	1986
1121	2088
1121	2622
1121	2887
1121	3335
1123	3242
1124	1124
1124	1232
1124	1264
1124	1335
1124	1593
1124	1618
1124	1622
1124	1680
1124	1719
1124	1784
1124	1799
1124	1927
1124	2392
1124	2907
1124	2932
1124	2985
1124	3143
1124	3322
1124	3353
1124	3529
1124	3654
1124	3854
1124	3860
1124	3896
1127	1127
1127	1635
1127	1984
1127	2149
1127	2518
1128	1128
1128	1453
1128	1469
1128	2424
1128	2464
1128	3817
1128	3941
1129	1732
1129	2644
113	113
113	2996
113	520
1130	1130
1130	3209
1130	3697
1132	1132
1132	2065
1134	2827
1134	3085
1136	1136
1136	2748
1136	3004
1137	1137
1137	1146
1137	1197
1137	2185
1137	2972
1137	3228
1138	1138
1138	3129
114	114
114	2148
114	349
114	3497
114	3816
1140	1140
1140	1506
1140	3504
1143	1143
1143	1399
1143	1778
1143	1879
1143	2054
1143	2196
1143	2498
1143	2658
1143	2772
1143	2932
1143	3109
1143	3143
1143	3401
1143	3454
1143	3749
1143	3884
1143	3946
1144	1144
1144	1558
1144	2776
1144	3348
1145	1181
1145	1361
1145	1368
1145	3200
1146	1197
1146	1770
1146	3715
1147	1147
1147	2473
1147	3694
1149	1149
1149	2573
1149	2592
1149	2657
1149	3100
115	115
115	1199
115	1331
115	1360
115	1931
115	1986
115	204
115	2210
115	2238
115	2314
115	419
115	726
1150	1150
1150	1881
1150	2330
1150	2498
1150	2559
1150	2755
1150	3257
1150	3350
1150	3874
1151	1261
1151	2749
1152	1694
1152	1976
1152	3964
1154	1263
1154	1340
1154	1830
1154	2177
1154	2407
1154	3176
1154	3562
1154	3602
1154	3731
1154	3845
1155	1155
1155	1386
1155	1977
1155	2054
1155	2675
1155	3157
1158	1158
1158	1260
116	116
116	1656
116	2639
116	2651
116	2835
116	3229
1162	3559
1163	1163
1163	2284
1163	2514
1164	1271
1164	2916
1164	3565
1167	1167
1167	2104
1167	2124
1167	3472
1168	1168
1168	1461
1168	1817
117	117
117	1360
117	1717
117	1879
117	621
1170	1170
1171	1171
1171	1562
1171	1933
1173	2621
1178	1382
1178	2369
118	118
118	1318
118	1524
118	1580
118	1695
118	3305
118	567
1181	1368
1181	3200
1181	3627
1181	3814
1182	1182
1182	2648
1183	2883
1183	3446
1185	3654
1185	3790
1187	1796
1187	2051
1187	2347
1187	3226
1187	3508
1187	3735
1187	3761
1187	3814
1189	1189
1189	1517
1189	1578
1189	1719
1189	1734
1189	1984
1189	2054
1189	2454
1189	2896
1189	3035
1189	3145
1189	3301
1189	3438
1189	3805
1189	3808
1189	3814
1189	3883
1190	1190
1190	1468
1190	1732
1190	1924
1190	2074
1190	2122
1190	2302
1190	2311
1190	2403
1190	3003
1190	3423
1190	3678
1190	3899
1191	1198
1191	1765
1191	2593
1192	1192
1192	1769
1193	1193
1193	2063
1193	2391
1195	1195
1195	3483
1195	3609
1196	1196
1197	1645
1197	2935
1197	3179
1198	1198
1198	1765
1198	1935
1198	2339
1198	3150
1198	3162
1199	1199
1199	1360
1199	1457
1199	1931
1199	2157
12	1086
12	1173
12	12
12	1448
12	2047
12	2621
12	460
12	762
12	79
120	120
120	2424
120	2440
120	2635
120	267
120	3654
120	3941
120	3952
120	749
120	888
120	970
1200	1200
1202	1202
1202	1340
1202	2995
1203	1404
1203	1450
1203	2631
1203	2679
1204	1204
1204	1980
1204	3938
1205	1205
1205	1231
1205	3776
121	2625
121	3063
121	724
121	768
1210	2275
1211	1245
1211	1480
1211	2965
1212	1902
1212	3180
1215	1215
1215	2035
1215	2171
1215	3668
1217	1217
1217	1558
1217	3051
1217	3342
1217	3750
1218	1218
1220	2164
1221	2247
1221	2250
1221	3753
1224	3869
1225	2192
1229	1229
1229	3343
123	3697
1230	1230
1230	1879
1230	2028
1231	1231
1232	1637
1232	1762
1232	1964
1232	2886
1232	2907
1232	3026
1232	3566
1232	3681
1232	3854
1235	1235
1235	1278
1235	1344
1235	1624
1235	1657
1235	1799
1235	1892
1235	2065
1235	2085
1235	2820
1235	2945
1235	3166
1235	3566
1235	3592
1235	3737
1235	3984
1238	1238
1238	1721
1238	2381
1238	2457
1238	2534
1239	3825
124	124
124	1577
124	171
124	1731
124	2185
124	2229
124	2588
124	3529
124	3928
124	713
1240	1240
1241	1241
1241	2587
1241	2934
1242	1242
1242	1551
1242	2161
1242	2373
1242	2559
1242	3176
1242	3213
1242	3805
1242	3844
1243	1243
1243	2699
1244	2372
1244	2790
1245	1245
1245	1480
1245	2057
1245	2632
1245	2965
1245	3151
1246	2424
1246	3715
1247	1247
1247	1278
1247	1832
1247	1912
1247	2245
1247	2416
1247	3860
1248	1248
1248	1395
1248	1486
1248	1925
1248	2292
1248	2672
1248	2911
1248	3066
125	125
125	3120
125	3574
125	740
125	888
1250	1250
1250	1785
1250	3644
1251	1251
1251	1746
1253	1253
1253	1369
1253	2510
1253	2975
1255	1570
1256	1256
1256	2529
1256	2903
1256	3285
1257	1257
1257	1378
1257	2124
1257	2373
1257	2567
1257	2693
1257	2866
1257	2946
1257	2961
1260	1260
1260	3952
1261	2486
1263	2245
1263	3566
1264	1387
1264	1490
1264	1497
1264	1927
1264	2672
1264	2973
1264	2984
1264	2985
1265	1695
1265	1909
1266	1895
1266	1907
1266	2658
1266	2797
1266	3213
1266	3566
1266	3813
1266	3814
1266	3965
1271	1271
1271	1734
1271	1870
1271	1875
1271	1933
1271	2330
1271	2559
1271	2778
1271	3067
1271	3517
1271	3699
1272	1833
1272	2222
1272	2984
1273	2560
1273	3694
1275	1381
1276	1571
1276	2575
1276	3000
1276	3968
1278	1278
1278	1490
1278	1497
1278	1657
1278	1667
1278	1719
1278	1749
1278	1810
1278	1945
1278	2244
1278	2312
1278	3699
1278	3854
1278	3870
1278	3955
1279	1279
1279	2159
128	128
128	1965
128	3307
1280	1280
1280	1665
1280	1680
1280	1767
1280	2150
1280	2985
1280	3903
1281	3765
1283	2551
1283	2736
1284	1284
1284	1787
1284	2528
1285	1285
1288	2577
1288	2784
129	1137
129	129
129	1777
129	1821
129	2185
129	220
129	2293
129	2306
129	2965
129	3853
1291	1291
1291	2004
1291	3379
1296	1296
1297	1809
1297	3630
1299	1299
1299	2621
1299	3460
13	2393
13	3007
13	3204
130	1021
130	1150
130	130
130	1680
130	1928
130	2054
130	2330
130	2363
130	263
130	2729
130	2755
130	2820
130	2961
130	3665
130	387
130	3923
130	451
130	746
1304	2541
1307	1307
1307	1390
1307	1412
1307	1562
1307	1734
1307	1776
1307	1858
1307	1891
1307	2031
1307	2407
1307	2531
1307	2543
1307	2864
1307	2877
1307	3444
1307	3566
1307	3592
1307	3927
131	3528
131	366
1310	1893
1310	2904
1311	1791
1311	3796
1311	3993
1313	1856
1316	1316
1316	2176
1317	1317
1317	1384
1317	1522
1317	3241
1317	3271
1318	1318
1318	1524
1318	3457
1318	3722
1319	2824
1319	2980
1319	3091
1319	3440
132	132
132	1774
132	3099
132	3516
1321	1413
1321	1532
1322	1322
1322	1645
1323	3072
1324	1519
1324	1935
1324	2676
1324	3034
1324	3183
1325	1879
1325	2189
1325	2281
1327	1327
1327	2274
1327	3469
1329	1329
1329	1707
1329	2099
1329	3314
133	133
133	1729
133	1809
133	1869
133	1872
133	2376
133	2735
133	2748
133	3004
133	3204
133	3674
133	3888
133	833
1330	1330
1330	1766
1330	1859
1331	2290
1331	3184
1332	1332
1332	1370
1332	1448
1332	2098
1332	3904
1333	1333
1333	1346
1333	1541
1333	1591
1333	1664
1333	1871
1333	2486
1333	3114
1333	3324
1333	3918
1333	3955
1334	1334
1334	1361
1334	2977
1334	3875
1335	2039
1335	2050
1335	2392
1335	2985
1336	1336
1336	2025
1336	2328
1337	3307
1338	3189
1339	1986
1339	3031
1339	3276
1340	1340
1340	1461
1340	1532
1340	1571
1340	2112
1340	2321
1340	2390
1340	2911
1340	2995
1340	3166
1340	3454
1340	3562
1340	3606
1340	3700
1340	3757
1340	3963
1341	1468
1341	1777
1341	2771
1341	3313
1341	3853
1342	3783
1343	1343
1343	1464
1343	1889
1343	2961
1343	3503
1344	1344
1344	2330
1344	2722
1344	2820
1344	2995
1344	3176
1344	3257
1344	3805
1345	1695
1345	3540
1346	1346
1346	1516
1346	1537
1346	1827
1346	2486
1346	3377
1346	3605
1347	1347
1349	1540
1349	2242
1349	2391
1349	2576
1349	2732
1349	2982
1349	3188
1349	3239
1349	3338
1349	3391
1349	3747
1351	1351
1351	1478
1351	1652
1351	1857
1351	1937
1354	1354
1354	1533
1354	3213
1358	1358
1358	1803
1358	2411
1358	2936
1359	1359
1359	1390
1359	1695
1359	1863
1359	1981
1359	2700
1359	3033
1359	3232
136	136
1360	1360
1360	2210
1360	3827
1360	3863
1361	1368
1361	1576
1361	1889
1361	2961
1361	3257
1361	3723
1361	3875
1361	3941
1364	1364
1364	1608
1364	3945
1365	1826
1365	2268
1365	2625
1365	2660
1365	2891
1366	3460
1366	3608
1367	2239
1368	1600
1368	1879
1368	1982
1368	2044
1368	2245
1368	2985
1368	3200
1368	3491
1368	3805
1369	1369
1369	2755
1369	3654
1369	3790
137	1102
137	1332
137	3008
137	767
1370	1602
1370	1612
1370	1734
1370	1803
1370	1861
1370	2290
1370	2726
1371	3005
1373	1448
1373	2047
1374	1374
1377	1377
1377	1599
1377	1830
1377	2097
1378	2124
138	1150
138	1189
138	138
138	1470
138	2755
138	2776
138	2786
138	2835
138	2984
138	3229
138	3664
138	3707
138	791
138	854
138	916
1380	1896
1380	2102
1380	2167
1380	2221
1381	1381
1381	1783
1382	1657
1382	1836
1382	1959
1382	2559
1382	2572
1382	2590
1382	3664
1382	3802
1383	1383
1383	1988
1384	1384
1384	1877
1384	2826
1384	2900
1384	3097
1384	3166
1384	3592
1386	1386
1386	2236
1386	2318
1386	3105
1386	3679
1387	1387
1387	3508
1388	1388
1388	3874
1389	2133
139	139
139	1988
139	2570
1390	1390
1390	1398
1390	1863
1390	1892
1390	1980
1390	2543
1390	3540
1390	3654
1390	3938
1391	1391
1391	3449
1392	1392
1393	3589
1394	1646
1394	1650
1394	1690
1394	3015
1395	2384
1396	2148
1397	3823
1398	1398
1398	1466
1398	2195
1398	2543
1398	2906
1398	2975
1398	3257
14	872
140	140
140	1470
140	1476
140	939
1401	1535
1401	1689
1401	2133
1401	2229
1401	2726
1401	2950
1401	3921
1403	3178
1404	1450
1404	1877
1404	2084
1404	2117
1406	1406
1406	2959
1409	1409
1409	1777
1409	2306
1409	2388
1409	3313
1409	3400
1409	3835
1409	3853
1409	3974
1410	2136
1412	1412
1412	1858
1412	1891
1412	2031
1412	2465
1412	3444
1413	1532
1413	1667
1413	2228
1413	2367
1413	2675
1413	3635
1415	1415
1415	3203
1419	1419
1419	3279
1419	3788
142	142
142	212
142	3691
142	543
142	611
1421	1652
1421	2114
1422	2088
1425	1804
1425	2897
1425	3043
1426	1426
1426	1517
1426	1706
1426	2150
1426	2796
1426	3066
1426	3483
1428	3404
1430	1430
1430	1934
1430	2150
1430	2449
1430	2924
1430	3723
1430	3847
1432	2438
1432	2753
144	1238
144	144
144	1721
144	1869
144	2376
144	2534
144	2735
144	310
1444	1444
1444	1665
1444	1908
1444	2004
1444	2672
1447	1447
1447	1824
1447	3640
1447	3860
1448	1448
1448	2026
1448	2047
1448	2621
1448	3691
1449	1769
145	145
145	1977
145	2159
145	3305
1451	1451
1451	2385
1451	2509
1451	2886
1451	3341
1453	1824
1453	1901
1453	2653
1454	1454
1454	1897
1454	3922
1455	1455
1455	1872
1455	3604
1457	1457
1457	1537
1457	1750
1457	1931
1458	3600
146	1079
146	1100
146	1271
146	146
146	1496
146	1533
146	155
146	1637
146	1734
146	202
146	2164
146	2242
146	2269
146	2772
146	2925
146	3066
146	316
146	3310
146	344
146	3566
146	3812
146	3817
146	3859
146	3860
146	3984
146	484
146	510
146	557
146	849
146	852
1461	1461
1461	1663
1461	2075
1461	2243
1461	2734
1462	3656
1464	1464
1465	1477
1465	2242
1465	2255
1465	2518
1465	2888
1465	3499
1465	3533
1465	3554
1466	1680
1466	3566
1468	1468
1468	1814
1468	2311
1468	2771
1468	2970
1468	3741
1468	3899
1469	1927
1469	2723
1469	2797
1469	3566
1469	3813
1469	3817
1469	3896
147	1025
147	1217
147	1324
147	1363
147	147
147	152
147	1656
147	1783
147	1805
147	1979
147	199
147	1991
147	2079
147	2258
147	2651
147	3005
147	3150
147	3348
147	3432
147	345
147	3887
147	3891
147	400
147	587
147	747
147	844
147	988
1470	1497
1470	1791
1470	1829
1470	2875
1470	3102
1470	3566
1472	1472
1472	2077
1472	2796
1472	3585
1475	3697
1476	3803
1477	1477
1477	1533
1477	1803
1477	1984
1477	2518
1479	1479
1479	3970
148	1821
1480	2965
1480	3772
1480	3852
1480	3980
1481	3275
1482	1952
1482	1980
1482	2492
1482	3229
1482	3737
1483	1483
1483	2685
1483	2911
1483	3562
1483	3770
1483	3971
1484	1484
1484	1560
1484	1688
1484	3178
1485	2900
1486	2292
1489	2021
1489	2273
1489	2449
149	149
149	2647
149	2913
149	3377
149	3499
149	3697
149	385
149	3964
1490	1497
1490	2776
1490	3031
1490	3566
1494	1494
1495	2332
1495	3598
1496	1496
1496	1879
1496	1910
1496	1976
1496	2004
1496	2738
1496	3066
1496	3132
1496	3378
1497	1497
1497	1667
1497	1832
1497	1956
1497	2198
1497	2776
1500	1500
1500	2331
1500	2961
1500	2964
1500	3518
1501	1667
1503	2891
1503	3425
1504	1878
1506	1506
1506	3398
151	1233
151	1361
151	1925
151	270
151	3805
151	3869
151	578
151	849
1510	1510
1510	2337
1513	1513
1513	1589
1513	1893
1513	2211
1513	2253
1513	2402
1513	2522
1513	2904
1513	2934
1513	3148
1513	3363
1513	3420
1513	3436
1513	3545
1513	3727
1514	1514
1514	3697
1516	3605
1517	1517
1517	1551
1517	1654
1517	2245
1517	2390
1517	2738
1517	2891
1517	3842
1519	1519
1519	2639
1519	2730
1519	3183
1519	3232
152	1221
152	152
152	1600
152	1935
152	1979
152	2116
152	2236
152	2247
152	2250
152	2258
152	2286
152	2593
152	2717
152	2730
152	2938
152	3005
152	3150
152	3954
152	3962
152	535
152	773
1520	1520
1522	1603
1522	1977
1522	2054
1522	2675
1522	3091
1524	2072
1524	3457
1526	1526
153	1785
1530	1530
1530	1543
1530	2601
1530	3424
1531	1531
1531	2486
1531	2731
1531	2973
1531	3192
1532	1532
1532	2228
1533	2330
1533	2518
1533	2961
1533	3869
1534	1534
1534	1980
1534	2033
1534	2554
1535	1535
1535	1878
1535	2950
1535	3176
1535	3807
1535	3921
1537	1658
1537	3275
1539	1539
154	1116
154	154
154	1879
154	2415
154	2504
154	3023
154	340
154	3794
154	3995
154	878
1540	1540
1540	1562
1540	1933
1540	2786
1540	2835
1540	2911
1540	3188
1540	3212
1540	3229
1540	3238
1540	3452
1540	3496
1542	1542
1542	2279
1542	2385
1543	1543
1543	2415
1543	2837
1545	2023
1546	1747
1547	1547
1547	1757
1547	2015
1547	2348
1547	3101
155	155
155	1887
155	2242
155	2591
155	261
155	3033
155	3378
155	620
155	724
155	916
1551	2004
1551	2161
1551	2390
1551	3377
1551	3512
1551	3961
1552	3630
1553	2736
1553	2887
1554	1795
1554	2196
1554	2253
1554	2445
1554	2486
1554	2514
1554	2522
1554	3114
1554	3661
1558	3750
156	3964
1560	1688
1560	2683
1560	2784
1560	3232
1560	3816
1562	1562
1562	1622
1562	1717
1562	1749
1562	2028
1562	2224
1562	2531
1562	3574
1564	1564
1566	1566
1568	2052
1568	3583
1568	3922
1569	1569
1569	3976
157	2449
157	901
1570	1570
1571	2262
1571	3070
1571	3523
1574	1574
1575	1575
1575	1743
1575	1859
1575	3357
1576	2207
1576	3535
1577	1577
1577	1688
1577	1842
1577	2202
1577	2409
1577	2476
1577	2977
1577	2997
1577	3023
1577	3213
1577	3529
1577	3771
1577	3899
1577	3928
1578	1877
1578	2114
1578	2392
1578	2449
1578	3166
1578	3301
1578	3805
1579	1579
1579	2917
1579	3702
1579	3711
158	158
158	364
158	574
1581	3865
1582	1637
1582	2129
1583	1986
1585	1585
1585	1668
1585	1689
1585	1759
1585	3532
1589	1589
1589	1774
1589	2132
1589	3363
1590	1719
1590	2576
1590	2580
1590	2890
1590	2911
1590	2961
1590	3491
1590	3824
1591	1591
1591	1792
1591	1919
1591	2113
1591	2486
1591	3583
1591	3734
1592	2407
1592	2630
1592	2701
1592	3176
1592	3656
1592	3739
1592	3805
1593	2985
1594	1594
1595	1679
1597	1622
1597	3322
1597	3329
1598	1803
1598	2985
1599	1675
16	1178
16	2369
16	313
1600	1600
1600	1622
1600	2079
1600	2295
1600	2658
1600	2723
1600	3260
1600	3865
1602	1602
1602	1803
1602	1931
1602	2225
1603	2740
1606	3217
1606	3565
1606	3955
1607	2568
1607	2931
1607	2988
1608	1608
1608	1719
1608	2585
1608	3189
1608	3252
1608	3266
161	1514
161	161
161	3066
1610	1610
1610	1812
1610	1927
1610	3335
1610	3376
1612	2493
1613	1697
1618	1719
1622	1622
1622	1679
1622	1719
1622	1933
1622	2273
1622	2454
1622	2985
1622	3045
1622	3134
1622	3322
1622	3609
1622	3723
1622	3805
1622	3922
1622	3923
1624	1624
1624	3563
1624	3606
163	1776
163	3469
163	3473
163	3872
163	394
163	572
163	792
1633	1942
1635	2840
1636	1916
1636	2598
1637	1654
1637	2064
1637	2532
1637	2700
1637	2715
1637	3010
1637	3266
1637	3504
1639	1639
1639	1856
1639	2322
1639	2876
1639	3026
1639	3109
164	1051
164	1187
164	1349
164	1497
164	164
164	1860
164	266
164	2732
164	3512
164	3692
164	3957
164	836
1641	1641
1641	2004
1641	2044
1641	2065
1641	2198
1641	2357
1641	2449
1641	2660
1641	3731
1649	2648
1649	2751
1651	3267
1651	3493
1652	1652
1652	1830
1652	1949
1652	2317
1652	3527
1652	3925
1654	1654
1654	1833
1654	2064
1654	2167
1654	2221
1654	2295
1654	2390
1654	2763
1654	3025
1654	3124
1654	3260
1654	3371
1654	3504
1656	1656
1656	2651
1656	3348
1656	3887
1657	1657
1657	3574
166	321
166	761
1661	1834
1663	1663
1663	3409
1664	1664
1664	1871
1664	2106
1664	3932
1665	1665
1665	1824
1665	1948
1665	2004
1665	2149
1665	2195
1665	2663
1665	2902
1665	3310
1665	3754
1665	3929
1668	1689
1668	2820
1668	3532
167	1361
167	1370
167	1533
167	1641
167	167
167	1803
167	2190
167	2290
167	2415
167	2504
167	3023
167	313
167	3235
167	3860
167	3875
167	3900
167	3995
167	494
167	789
167	859
1670	2112
1670	3125
1671	1801
1671	1996
1671	2388
1671	2890
1671	3322
1671	3739
1671	3854
1671	3882
1671	3904
1673	1673
1673	2382
1673	3698
1673	3821
1677	2089
1678	2105
1678	3595
168	1432
168	1647
168	168
168	2984
168	3382
168	3726
168	823
1680	1680
1680	2273
1680	2872
1680	2911
1680	2985
1680	3301
1680	3483
1680	3562
1680	3571
1681	1681
1681	1985
1684	1684
1684	2094
1685	2088
1685	3696
1685	3928
1686	3191
1687	1935
1687	3639
1689	2133
169	1021
169	1051
169	1270
169	1310
169	1401
169	1657
169	169
169	1902
169	2300
169	2723
169	2726
169	3132
169	3257
169	3566
169	3884
169	3926
169	417
169	438
169	476
169	569
169	658
1691	1691
1692	1947
1693	1693
1693	2610
1693	3696
1694	1694
1694	3941
1695	1695
1695	2373
1695	2449
1695	2679
1695	2995
1695	3305
1695	3409
1695	3722
1695	3723
170	3286
1701	3066
1701	3787
1703	1703
1703	3654
1704	1704
1705	1705
1706	1706
1706	1810
1706	1813
1706	2150
1706	2647
1706	3084
1706	3603
1706	3808
1706	3844
1707	1707
1707	2381
1707	2460
1707	3631
1708	1708
1708	3070
1708	3852
171	1115
171	1580
171	1585
171	1685
171	171
171	2023
171	2262
171	2853
171	308
171	3270
171	3419
171	3532
171	3808
171	3928
1712	2871
1714	1714
1714	3254
1717	2826
1717	2877
1717	3183
1718	2654
1718	3512
1719	1719
1719	2051
1719	2190
1719	2911
1719	3396
1719	3562
1719	3783
172	1072
172	1189
172	1453
172	1719
172	172
172	1791
172	1959
172	2085
172	2088
172	2424
172	2434
172	2454
172	2714
172	2961
172	3145
172	3301
172	3805
172	3941
172	418
172	522
172	667
172	820
172	821
172	887
1720	1720
1721	1721
1721	1808
1721	2381
1723	2981
1724	2320
1725	1725
1726	1726
1726	2332
1726	3380
1726	3887
1728	3078
1729	1729
1729	1809
1729	2611
1729	2734
1729	3776
1729	3914
1730	1730
1731	2229
1731	3382
1732	1773
1732	1814
1732	3738
1734	1734
1734	2144
1734	2283
1734	2480
1734	2481
1734	2498
1734	2772
1734	3035
1734	3371
1734	3483
1734	3700
1734	3808
1734	3910
1734	3963
1735	1913
1735	2279
1735	2896
1735	2973
1735	3378
1736	1736
1736	3234
1737	1737
1737	1922
1737	2622
1737	2664
1737	3167
1739	1739
1739	3057
174	174
174	3873
1740	2648
1741	1741
1741	2494
1742	1742
1742	1777
1742	1841
1742	2327
1742	3313
1742	3853
1743	1743
1744	1744
1744	1902
1744	1937
1744	1980
1745	3382
1746	3172
1747	1747
1747	3110
1749	1749
1749	1875
1749	2312
175	1262
175	1490
175	175
175	2776
1750	1750
1750	1831
1750	2979
1750	3923
1754	1754
1756	1756
1756	3213
1757	1757
1757	1780
1757	2015
1757	2118
1757	2348
1757	2453
1757	2782
1757	3101
1757	3427
1759	1759
1759	3867
1760	2609
1761	1977
1761	3091
1761	3259
1762	2896
1763	1763
1763	1801
1764	1764
1764	2484
1765	1805
1765	3895
1766	3205
1767	1767
1767	2244
1767	2579
1767	2848
1767	3922
1768	2560
1768	2728
1769	1769
1769	1925
1769	2110
1769	2184
1769	2391
1769	2413
1769	2583
1769	2777
1769	3228
1769	3270
1769	3419
1769	3772
1769	3835
1770	1770
1772	1772
1773	1773
1773	3096
1774	1774
1774	3099
1774	3516
1776	3468
1777	1777
1777	2113
1777	2293
1777	2306
1777	2327
1777	2562
1777	3313
1777	3835
1777	3853
1777	3974
1778	1887
1778	1979
1778	2286
1778	2363
1778	3109
1778	3923
1779	1879
1779	2820
1779	2838
1779	3859
1781	2831
1781	3166
1783	1783
1783	3519
1783	3579
1784	3371
1785	1785
1785	2150
1785	3463
1785	3644
1785	3941
1788	1788
1788	2183
1788	2370
1788	2697
1788	3519
1788	3730
1788	3754
1790	2922
1790	3630
1790	3873
1791	1791
1791	1810
1791	2625
1791	3070
1791	3491
1791	3922
1792	1918
1792	2113
1792	2242
1792	2410
1792	2806
1792	3371
1792	3868
1794	3036
1794	3895
1795	2445
1796	2004
1796	2030
1796	2961
1796	3312
1797	2042
1799	1799
1799	2401
1799	2932
1799	2985
1799	3143
18	1051
18	1112
18	114
18	1154
18	1180
18	1187
18	1263
18	1344
18	1622
18	1680
18	1756
18	18
18	1830
18	1887
18	2019
18	2242
18	2317
18	2373
18	2559
18	2609
18	2693
18	2790
18	2911
18	3045
18	3111
18	3176
18	3448
18	345
18	3491
18	3497
18	3562
18	3602
18	3658
18	3691
18	3731
18	3805
18	3814
18	3874
18	3923
18	476
18	503
18	561
18	606
18	613
18	625
18	63
18	707
18	722
18	75
18	771
18	849
18	851
18	853
18	991
180	1329
180	1723
180	180
180	1829
180	2140
180	2842
180	2981
180	3295
180	401
180	416
180	541
1801	1801
1801	2218
1801	3125
1801	3882
1802	1802
1802	2517
1802	2924
1802	3935
1803	1803
1803	1931
1803	2434
1803	2518
1803	2810
1803	3235
1803	3327
1803	3329
1803	3562
1803	3627
1804	2897
1804	3043
1805	1991
1807	1931
1807	3294
1808	1952
1808	3749
1808	3884
1809	1809
1809	2611
1809	2768
181	1654
181	3124
1810	2573
1810	3635
1810	3984
1812	3034
1813	1813
1813	1991
1813	2074
1813	2715
1813	2782
1814	1814
1814	2074
1814	2311
1814	3738
1814	3741
1814	3899
182	1159
182	1540
182	1634
182	182
182	3496
182	578
1820	2213
1821	2510
1821	2904
1821	3811
1824	2504
1824	2653
1824	2713
1824	3023
1824	3595
1825	3193
1825	3676
1827	1827
1827	2538
1827	2789
1829	2140
1829	2981
1830	1830
1830	3204
1830	3731
1831	1831
1831	2173
1831	2399
1831	2542
1831	3771
1832	2347
1832	3469
1833	1833
1833	1999
1833	2255
1833	2697
1833	2718
1833	2888
1833	3183
1833	3338
1833	3469
1833	3484
1833	3499
1834	1834
1834	2763
1836	2590
1839	1839
1839	3125
1840	1840
1840	2729
1840	3805
1841	1841
1841	2057
1841	2062
1842	1842
1842	2542
1842	2777
1842	2895
1842	3270
1842	3772
1842	3774
1846	1846
1846	2428
1848	2284
1848	2329
185	1085
185	1143
185	1778
185	185
185	1889
185	2961
185	3391
185	419
185	724
1850	1850
1851	2858
1852	3615
1855	2427
1855	2736
1855	3338
1856	1856
1856	2124
1856	2170
1856	2211
1856	2749
1858	1858
1858	1867
1858	1891
1858	2031
1858	3444
1859	1859
1860	3512
1861	1861
1861	3985
1863	1863
1863	1981
1863	2299
1863	2392
1863	3276
1863	3295
1867	2031
1868	1868
1868	2419
1868	3457
1869	2376
187	187
187	2016
187	3353
187	3468
187	3747
1870	1870
1872	2604
1872	3604
1874	1931
1874	3094
1875	3635
1877	1877
1877	2117
1877	2729
1877	3592
1877	3609
1879	1879
1879	1887
1879	2019
1879	2028
1879	2098
1879	2195
1879	2242
1879	2498
1879	2504
1879	2820
1879	3023
1879	3260
1879	3428
1879	3445
1879	3482
1879	3536
1879	3592
1879	3612
1879	3874
188	1134
188	2827
188	3085
1880	1928
1880	2051
1880	2641
1880	3449
1880	3456
1881	1881
1881	2360
1881	2781
1881	2871
1881	3177
1884	1884
1884	1939
1885	2541
1885	3306
1887	1887
1887	2242
1887	2273
1888	1888
1888	2562
1889	2995
1889	3813
189	189
189	1979
189	2286
189	3184
189	371
1890	2113
1891	2331
1891	2366
1891	2393
1891	2465
1892	3657
1893	1893
1893	2904
1895	1895
1895	1959
1895	2467
1898	2866
1898	2927
19	1514
19	1654
19	1824
19	19
19	2602
19	2653
19	2713
19	273
19	2731
19	2739
19	3064
19	3513
19	3775
19	879
190	2197
190	769
190	955
1901	1901
1902	1902
1902	2016
1902	2102
1902	2736
1902	2925
1903	1933
1903	2013
1903	2982
1903	3857
1907	1907
1907	2658
1908	2004
1908	2772
1909	2388
1909	2427
1910	3378
1911	1911
1913	1913
1913	2627
1913	3923
1916	2179
1917	2208
1918	2113
1918	2410
1918	2896
1918	3371
1918	3377
1918	3692
1919	1919
1919	3734
192	1831
192	2399
192	2542
192	2726
192	2759
192	309
192	3305
192	476
1922	2664
1924	2122
1925	2413
1925	2911
1925	3210
1925	3491
1925	3562
1925	3774
1926	3020
1927	1927
1927	2826
1927	3109
1927	3696
1927	3913
1928	2054
1929	1929
1929	3791
193	193
193	270
193	2963
1931	1931
1931	2225
1931	3780
1931	3965
1932	1932
1932	2210
1932	3445
1934	2520
1934	2810
1934	2911
1934	3143
1934	3235
1934	3847
1935	1935
1935	3657
1935	3798
1937	2236
1937	2295
1937	2429
1937	2584
1937	3279
1937	3327
1937	3640
1937	3971
1938	1938
194	1217
194	1475
194	1517
194	2076
194	3760
194	519
1940	3152
1941	1941
1942	1942
1942	3001
1943	2577
1943	2784
1944	3982
1945	1945
1945	1991
1945	2169
1945	2542
1946	2401
1946	2591
1948	1948
1948	2409
1948	3135
1948	3189
1949	3519
195	1746
195	1779
195	195
195	2149
195	2164
195	2941
195	2995
195	2996
195	3409
195	378
195	3859
195	3984
195	403
195	572
195	765
195	790
195	825
1950	1950
1950	2128
1950	2872
1950	3806
1952	1952
1952	2778
1956	2057
1956	2061
1956	3439
1959	1959
1959	2572
1959	3480
1959	3718
196	1257
196	1307
196	2044
196	2449
196	2480
196	3235
196	768
1961	1961
1961	1987
1961	2288
1963	3214
1964	2907
1964	2911
1964	3847
1964	3854
1968	3579
1970	1974
1970	2903
1972	3073
1972	3507
1973	2277
1974	1974
1974	2370
1976	2359
1976	2537
1976	3218
1976	3964
1977	1977
1977	2054
1977	2675
1977	3051
1977	3091
1979	1979
1979	2079
1979	2286
198	1037
198	3710
1980	1980
1980	2554
1980	2762
1980	3045
1980	3938
1981	1981
1981	3033
1983	1983
1984	2149
1986	2440
1986	2722
1987	1987
1987	2634
1987	2844
199	1104
199	243
199	3351
199	3954
199	470
199	646
199	773
199	799
1990	1990
1990	2084
1990	3007
1990	3810
1991	2542
1991	2730
1992	2449
1996	2218
1996	3882
1997	1997
1997	2781
1997	2871
1999	2129
1999	2417
1999	3603
2	1339
2	1624
2	1719
2	1778
2	185
2	1986
2	2
2	2961
2	3084
2	3115
2	3878
2	512
2	526
2	572
2	726
20	1077
20	1901
20	192
20	20
20	2433
20	2549
20	2759
20	685
20	731
200	1051
200	1617
200	1622
200	1719
200	1778
200	1848
200	1902
200	200
200	2242
200	2295
200	2357
200	2579
200	266
200	2925
200	3260
200	356
200	3692
200	620
200	886
2003	2003
2003	2095
2003	2884
2003	3064
2003	3876
2004	2004
2004	2104
2004	2848
2005	2005
201	201
201	2076
201	2662
2012	2432
2015	2125
2015	2340
2015	2736
2015	3101
2015	3523
2019	2019
2019	2925
2019	3941
202	316
2020	2020
2021	2021
2023	2023
2023	3014
2026	2047
2026	3065
2028	2480
2028	2755
2028	2877
2028	3176
2028	3260
203	1167
203	1856
203	203
203	2745
203	3148
203	374
203	3833
203	3912
203	662
2030	2030
2030	3312
2031	2434
2031	2531
2031	2810
2031	3235
2033	2128
2033	2554
2033	2872
2035	2035
2035	2776
2036	3424
2036	3597
2036	3941
2038	2038
2038	2434
2038	2810
2038	3235
204	1447
2044	2449
2047	2314
2047	2317
2047	3065
2047	3944
205	1149
205	1261
205	1767
205	1774
205	2113
205	2216
205	2592
205	2657
205	3115
205	332
205	3371
205	3504
205	3785
205	572
205	797
2050	2050
2050	2392
2050	2445
2050	2864
2050	2973
2050	3104
2050	3431
2051	2051
2051	2641
2051	2786
2051	3230
2053	2577
2053	3771
2054	2195
2054	2407
2054	2710
2054	2835
2054	3751
2054	3814
2054	3860
2056	2056
2057	2057
2057	2122
2057	2632
2057	3697
2059	2825
2061	2061
2061	3439
2061	3697
2062	2062
2062	2388
2062	2965
2062	3179
2062	3889
2063	2391
2064	2064
2064	2333
2064	3037
2064	3406
2064	3504
2065	2065
2065	2299
2065	2362
2066	2066
2070	2486
2072	2492
2072	3985
2074	2074
2074	2886
2078	2078
2078	2589
2078	2812
2082	2082
2083	2197
2083	3310
2084	2084
2084	2981
2084	3491
2085	2579
2085	2701
2085	3483
2088	2088
2088	3232
2089	2089
2089	2592
2089	3100
209	209
209	2229
2092	2092
2092	3668
2093	2787
2095	2095
2095	2884
2095	3876
2096	3560
2098	3592
2099	2099
21	138
2100	3971
2101	2101
2101	2539
2101	3346
2101	3821
2102	2102
2102	3291
2103	2103
2103	2436
2103	2793
2104	2104
2105	2105
2105	3882
2106	2106
2106	3146
211	211
2110	2110
2110	2906
2110	3179
2110	3270
2110	3419
2110	3889
2113	2113
2113	2220
2113	2269
2113	2410
2113	2498
2113	2884
2113	3000
2113	3595
2113	3728
2113	3868
2113	3874
2113	3974
2114	2493
2114	3726
2115	2783
2115	3512
2115	3550
2116	2593
2118	2118
212	212
212	3150
212	365
212	543
212	611
212	793
2122	2122
2122	2311
2122	2327
2122	3754
2122	3899
2124	2124
2124	2271
2125	2125
2125	3101
2128	2128
2128	2138
2128	2872
2128	3146
2128	3398
2128	3806
213	1182
213	1418
213	213
213	2275
213	948
2130	2130
2130	3219
2132	2132
2132	2973
2132	3363
2132	3545
2132	3727
2132	3871
2134	2134
2134	2642
2136	2136
2136	2385
2138	2138
2140	3629
2141	3176
2141	3609
2141	3805
2143	2143
2143	2845
2144	2144
2144	2588
2144	2719
2144	3898
2148	3035
2150	2150
2150	2167
2150	2221
2150	2224
2150	2294
2150	2454
2150	2500
2150	2835
2150	2907
2150	2995
2150	3008
2150	3644
2150	3844
2151	2151
2151	3770
2151	3799
2152	2152
2152	2634
2152	2835
2152	2961
2154	2273
2154	2493
2154	2869
2154	3941
2155	2573
2157	2157
2157	2432
2157	2481
2157	3299
2157	3910
2159	2159
2159	3784
2161	2390
2164	2367
2164	3812
2165	2165
2166	2166
2167	2221
2169	2169
2169	3747
2169	3771
2169	3879
217	1082
217	1189
217	1278
217	1310
217	1540
217	2871
217	2927
217	3008
217	3054
217	367
217	988
2170	3148
2170	3945
2172	2172
2172	2388
2172	3289
2172	3835
2172	3869
2176	2176
2177	2278
2177	2609
218	1321
218	218
218	3760
218	398
2181	2181
2182	2437
2182	3774
2183	2183
2183	3730
2184	3675
2184	3772
2185	2306
2185	3549
2186	3113
2186	3613
2186	3659
2189	2189
2189	2192
2189	2808
2189	2829
2190	2190
2190	2580
2190	3177
2192	2192
2194	2685
2194	3971
2195	2195
2195	2372
2195	2463
2195	2820
2195	2906
2195	2927
2195	3360
2195	3700
2195	3860
2195	3883
2198	2790
2198	3401
2198	3454
22	920
220	1617
220	1744
220	220
220	266
220	2825
220	3034
2201	2201
2201	2253
2205	2205
2205	2736
2207	2715
2207	3822
2207	3924
2208	3227
2208	3615
221	221
221	3341
221	3359
221	3600
221	3691
2210	2210
2210	2243
2210	2528
2210	3869
2211	3156
2215	2215
2215	2321
2218	3882
2219	2477
2220	2220
2220	2961
2220	3941
2223	3270
2223	3419
2224	2224
2224	3454
2229	2229
2229	3379
223	1204
223	1893
223	2050
223	223
223	2864
223	2904
223	2973
223	3006
223	3104
223	3583
223	3779
223	3938
223	845
2233	2233
2233	2641
2233	2743
2233	3360
2233	3566
2233	3704
2236	2236
2236	3959
2238	3170
224	1905
2242	2242
2242	2576
2242	2837
2242	2982
2242	3499
2242	3857
2243	2243
2244	2244
2244	2312
2244	2559
2244	3472
2245	2245
2247	2247
2247	2250
2247	2742
2249	2249
2252	2252
2252	3564
2252	3620
2253	2522
2253	2715
2253	3666
2253	3890
2255	2255
2255	2888
2255	3499
2258	2320
2259	2706
2260	2260
2262	2449
2262	2853
2262	3885
2266	2961
2266	3518
2268	2508
2269	3625
227	1198
227	1281
227	1741
227	227
227	2494
227	2900
227	3162
227	3765
227	694
2273	2273
2273	2963
2273	3132
2277	2481
2277	2981
2277	3587
2279	2279
228	1098
228	1468
228	1477
228	1732
228	2281
228	2970
228	3169
228	684
2280	2280
2280	2479
2281	2281
2281	2385
2281	2403
2282	3179
2284	3982
2286	2286
2288	2288
2288	2580
229	229
229	257
229	3307
229	3954
229	535
2290	3228
2293	2293
2293	2306
2293	2903
2293	3325
2293	3928
2294	3782
2295	2321
2295	2430
2295	3235
2295	3260
2295	3279
2295	3327
2296	2612
2297	2297
2298	2298
2299	2591
2299	2790
2300	2300
2300	2411
2300	2424
2300	2876
2300	2924
2300	3935
2301	2888
2302	2302
2302	3003
2302	3423
2303	2612
2303	3091
2303	3768
2304	3188
2305	3696
2306	3325
2311	2311
2311	3899
2312	2312
2313	2313
2313	2401
2317	2538
2317	2578
2317	3032
2317	3326
2317	3681
232	1629
232	2295
232	3260
2321	2321
2321	2783
2321	2924
2321	3260
2321	3817
2327	2327
2327	2403
2327	3899
2328	3483
2330	2330
2330	2559
2330	2755
2330	2927
2330	3257
2330	3350
2330	3491
2330	3566
2330	3654
2331	2331
2331	2554
2331	2721
2331	2964
2336	3955
2337	2337
2337	2491
2337	3178
2339	2339
2339	3150
2339	3214
234	1909
234	3448
2340	3523
2340	3982
2341	3053
2342	3661
2347	2347
2347	2625
2347	2690
2347	3876
2348	2348
2348	3427
2349	2349
2349	2427
2351	2351
2351	3311
2357	2357
2357	2510
2358	2358
2358	3202
2359	3964
2360	2391
2360	3177
2360	3444
2363	2363
2363	2559
2363	2961
2363	2996
2363	3329
2366	2465
2366	3706
2366	3944
2369	2369
237	237
237	2493
237	271
2371	3262
2372	2372
2372	2498
2372	3143
2372	3401
2372	3469
2372	3504
2372	3946
2373	2373
2373	2893
2373	3250
2373	3805
2374	2374
2375	3185
2379	3444
2381	2381
2381	2457
2381	2460
2381	3153
2381	3307
2382	2539
2382	3821
2384	2384
2385	2385
2385	3156
2386	3967
2388	2388
2388	3023
2388	3289
2388	3835
2389	2389
239	2848
239	285
2390	2390
2390	2416
2390	2817
2390	3427
2390	3438
2390	3452
2390	3613
2390	3654
2390	3922
2391	2391
2391	3996
2392	2392
2392	2786
2392	3276
2392	3436
2393	2393
2393	2476
2393	3204
2393	3873
2397	2397
24	2259
24	24
24	3288
24	3455
24	427
24	506
24	564
24	695
240	240
240	3796
2402	3666
2403	2726
2403	3899
2404	2404
2407	2559
2407	2911
2407	3121
2407	3756
2407	3805
2409	2410
2409	2713
2409	2997
2409	3868
2410	3868
2411	2411
2411	3054
2411	3166
2411	3592
2411	3805
2411	3844
2413	2413
2413	2634
2413	2965
2413	3774
2415	2415
2415	2837
2415	2995
2415	3023
2415	3317
2416	2416
2416	2835
2416	3319
242	1124
242	1207
242	1421
242	1612
242	1684
242	2094
242	2100
242	242
242	2493
242	3122
242	3252
242	336
242	3497
242	3726
242	3739
242	374
242	3745
242	3805
242	581
2420	3568
2421	2815
2421	3672
2422	2422
2422	2635
2424	2424
2424	3385
2424	3452
2424	3519
2424	3574
2424	3594
2424	3640
2424	3672
2424	3941
2425	2853
2427	3269
2428	2428
2428	3630
2429	2429
243	1217
243	3183
243	470
2430	2430
2430	3260
2432	2432
2432	3797
2433	2433
2434	2434
2434	2810
2434	3235
2434	3787
2436	2793
2437	2562
2437	3774
2440	2440
2440	3941
2442	3886
2445	2445
2445	2657
2445	3114
2445	3890
2449	2449
2449	2820
245	2012
245	2432
245	2610
245	822
245	838
2452	2452
2454	2820
2454	2996
246	1322
246	1350
246	2351
246	246
246	260
246	331
246	3434
2460	3587
2463	2463
2463	2694
2464	2464
2464	2665
2465	3944
2466	3000
2466	3514
2467	2467
2467	2738
2467	2876
2467	3194
2467	3757
247	2486
247	496
2473	2560
2476	2476
2476	2624
2476	3176
2476	3213
2476	3723
2476	3730
2476	3775
2476	3900
2476	3979
2477	2477
2478	2478
2479	2479
2479	2708
2485	3146
2486	2486
2486	2529
2486	3114
2486	3285
2486	3292
2486	3324
2486	3582
2486	3669
2486	3918
2487	2487
249	1948
249	2891
249	577
249	750
249	872
249	904
2492	3696
2492	3985
2493	2493
2493	3122
2493	3136
2493	3341
2493	3359
2493	3691
2493	3696
2493	3726
2493	3802
2493	3805
2493	3913
2498	2498
2498	3008
2498	3235
2498	3390
2498	3612
2498	3874
2498	3946
2498	3963
25	1261
25	2021
25	25
25	255
25	832
250	1646
250	3015
250	457
250	472
250	680
2501	2501
2501	3684
2504	3023
2505	2768
2509	2509
2509	3499
2509	3696
2510	3338
2511	2747
2514	2514
2517	3589
2518	2518
2518	2888
2518	3504
2528	3094
2528	3371
253	1791
2534	2534
2534	2735
2535	2852
2535	3021
2537	3218
2537	3964
2538	2538
2538	2546
2538	2993
2538	3681
2538	3697
2539	2539
2539	3346
254	254
2540	2722
2540	3860
2541	2560
2541	2736
2542	2542
2542	2951
2543	3540
2549	2759
255	1519
255	2330
255	255
255	2755
255	331
255	3726
2550	3260
2551	2736
2551	3310
2551	3331
2551	3515
2552	3995
2554	3183
2559	3176
2559	3257
2559	3723
2559	3728
256	597
2560	2728
2560	2736
2560	2895
2562	2562
2562	2895
2564	2564
2564	2781
2564	2871
2566	2566
2567	2567
257	2287
257	257
257	3307
257	3655
2570	3193
2570	3676
2571	2571
2572	2572
2573	2573
2573	2627
2573	3189
2573	3573
2575	2575
2575	2577
2575	2946
2575	3232
2575	3318
2576	2703
2576	2982
2576	3857
2577	2577
2577	2784
2577	3771
2578	3326
2580	2580
2580	2790
2583	2583
2583	3353
2585	2739
2585	3513
2585	3620
2587	2934
2588	2588
2588	3532
2590	3125
2591	2790
2591	3779
2592	3100
2594	2622
2594	3167
26	1201
26	1329
26	1454
26	1567
26	1673
26	1707
26	180
26	1973
26	1993
26	26
26	2842
26	2981
26	439
26	539
26	904
26	97
260	260
260	3659
260	3898
260	607
2601	2601
2601	3424
2602	2739
2602	3513
2603	2603
2604	2604
2604	2716
2604	3588
2608	2608
2608	3513
2608	3895
261	1143
261	1880
261	1972
261	2088
261	2242
261	2312
261	261
261	266
261	2726
261	647
261	791
2610	2610
2611	2611
2611	3513
2611	3696
2611	3776
2615	2615
2619	2619
262	1346
262	262
2620	2907
2620	3364
2622	2622
2622	3167
2624	3213
2625	3329
2625	3491
2625	3812
263	1060
263	1887
263	2170
263	2262
263	263
263	2723
263	2797
263	285
263	2985
263	3000
263	3122
263	3143
263	3371
263	3390
263	3450
263	3468
263	3497
263	374
263	3813
263	3814
263	636
263	707
263	881
263	991
2631	2679
2634	3098
2635	2635
2635	3654
2637	2637
2639	3007
264	1082
264	1622
264	2424
264	2476
264	264
264	2886
264	3070
264	3134
264	3812
264	394
264	397
264	452
264	650
2644	2644
2644	2839
2647	2736
2647	3808
2648	2648
2653	2653
2653	2697
2657	3122
2658	3394
266	1051
266	1187
266	1617
266	1719
266	1744
266	1902
266	2299
266	266
266	302
266	3066
266	3238
266	3692
266	3842
266	3957
266	581
266	727
266	759
2660	3735
2662	2662
2662	2840
2662	2886
2663	2663
2663	2776
2663	3929
2666	3916
2667	2667
2669	3550
267	1235
267	1361
267	1510
267	1590
267	1719
267	2220
267	267
267	2776
267	3070
267	309
267	3455
267	3941
267	722
2670	3867
2672	2790
2672	2964
2675	3629
2676	3484
2676	3494
2676	3498
2676	3686
2677	2677
2679	2679
2679	2762
2679	2995
2679	3232
2679	3377
2679	3806
2680	3203
2683	2683
2683	2734
2683	3318
2683	3824
2685	3971
2687	3429
269	699
2691	2691
2693	2776
2693	2961
2693	3141
2693	3396
2694	3884
2696	3612
270	1198
270	1765
270	1831
270	1982
270	3468
270	400
270	402
270	476
2700	3058
2701	2701
2703	2703
2703	3378
2703	3710
2703	3974
2708	2708
2708	3180
2709	3971
271	1551
271	1591
271	2970
271	3303
271	3377
271	362
271	678
271	840
2710	3226
2713	2713
2713	3775
2714	3463
2714	3664
2715	2715
2715	2973
2715	3275
2716	3588
2717	2717
2717	3798
2718	2718
2718	3484
2718	3498
2718	3686
2719	3898
2722	3176
2723	3143
2726	2726
2726	2893
2729	3609
273	1824
273	2113
273	2653
273	2907
273	3435
273	3595
2730	2730
2730	2887
2730	3319
2730	3692
2731	3371
2731	3435
2731	3561
2732	2732
2733	2733
2734	2734
2734	3776
2735	2735
2735	3671
2736	2887
2737	2737
2738	3194
2739	2739
2739	2947
2739	3513
2742	2742
2743	2743
2744	2744
2745	2745
2745	3833
2745	3943
2748	2748
2748	3004
2748	3795
2750	2750
2751	2751
2754	2754
2755	2927
2755	3728
2757	3020
2761	3323
2762	2762
2762	3377
2762	3540
2763	3812
2764	2764
2766	2766
2767	2767
2768	3439
2769	3901
277	2569
277	277
2771	3738
2771	3774
2772	3984
2773	3466
2775	3630
2776	2776
2776	3454
2776	3723
2776	3812
2777	2777
2777	3418
2777	3772
2777	3889
278	278
278	3209
2781	3120
2781	3177
2783	3033
2783	3865
2786	2786
2786	2820
2786	2835
2786	2961
2786	3229
2786	3844
2789	2789
2789	2984
2790	2790
2790	3182
2790	3574
2793	3258
2793	3677
2795	2795
2795	3359
2796	3585
2797	2953
2797	3813
2798	2934
28	1327
28	1461
28	1879
28	1901
28	2075
28	2274
28	2575
28	2665
28	267
28	2693
28	2790
28	28
28	2927
28	3469
28	3595
28	552
28	765
280	280
2802	2802
2802	3020
2802	3209
2806	3974
2810	2810
2810	3143
2810	3235
2811	2811
2812	3074
2813	2813
2813	3767
2815	3188
2819	3806
282	282
282	323
282	615
2820	2835
2820	2912
2820	3166
2820	3229
2820	3261
2820	3555
2820	3592
2827	3085
2828	3728
283	1027
283	1486
283	1496
283	1540
283	1881
283	1902
283	2054
283	2216
283	2282
283	2331
283	2390
283	2672
283	2721
283	2738
283	2781
283	2783
283	2790
283	2871
283	2925
283	302
283	3194
283	3217
283	3438
283	3468
283	3518
283	512
283	724
283	768
283	886
2835	2835
2835	3229
2835	3723
2837	2837
2837	2995
2838	2838
2838	3858
284	284
2840	2840
2840	3180
2840	3466
2841	2841
2846	3805
2849	3414
285	1333
285	1767
285	1880
285	2486
285	2837
285	2848
285	285
285	2925
285	3132
285	3338
285	3371
285	3621
285	620
285	695
285	790
285	797
285	866
285	918
2852	2852
2853	3018
2859	3087
2866	3175
2868	3639
2869	3165
2869	3255
287	1430
287	2514
287	287
287	2904
287	845
2871	2871
2872	2872
2873	2873
2876	2876
2876	2995
2876	3884
2877	2877
288	1607
288	2607
288	2931
288	761
2880	2880
2881	2881
2884	3270
2884	3371
2886	2886
2888	3338
289	1171
289	1802
289	289
289	3756
289	381
289	661
2890	3176
2890	3904
2891	2891
2891	3230
2895	3215
2896	2896
2896	3722
2897	2897
29	29
290	2851
290	3843
2900	2900
2903	2903
2903	3325
2904	2904
2904	3811
2906	2906
2906	3228
2906	3257
2906	3270
2906	3419
2906	3566
2907	2907
2907	2995
2907	3364
2907	3854
291	291
291	683
2911	2911
2911	2924
2911	3884
2912	2912
2915	2915
2919	2919
2919	3181
2922	3460
2923	2923
2924	3935
2925	3132
2925	3260
2925	3941
2927	2927
2927	3257
2927	3438
2928	3074
2928	3122
2928	3654
2929	2929
2929	3477
2932	3529
2932	3566
2932	3625
2934	3582
2935	2935
2935	3179
2935	3270
2935	3710
294	3382
2944	2944
2945	3132
2946	2946
2946	2961
295	3459
2950	3807
2951	2979
2955	3006
2957	3139
296	2510
296	296
296	3979
296	982
2960	2960
2961	3396
2961	3518
2961	3566
2961	3814
2963	3729
2964	2964
2964	3143
2964	3445
2965	2965
2965	3023
2965	3179
2965	3228
2965	3549
2965	3853
2967	3296
2969	3421
297	1128
297	1340
297	1469
297	1540
297	1887
297	2421
297	2609
297	2723
297	2796
297	2815
297	297
297	3166
297	3188
297	3592
297	3757
297	3817
297	3830
297	3896
297	522
297	658
297	727
2970	2970
2973	2973
2973	3192
2973	3363
2973	3871
2975	3675
2977	2977
2977	3177
2979	2979
298	1628
298	298
298	309
298	3802
2980	2980
2982	3857
2984	2984
2985	2985
2985	3200
2985	3350
2985	3755
2985	3805
2985	3896
2985	3941
299	3286
299	3388
299	3723
2990	3685
2992	2992
2993	2993
2994	3010
2995	2995
2995	3260
2995	3529
2996	2996
2996	3206
2996	3329
2996	3491
2996	3859
2997	2997
3	2106
3	2128
3	3098
3	3146
3	3828
3	94
30	30
3000	3814
3000	3968
3002	3283
3004	3795
3007	3671
3007	3827
3008	3008
301	3923
3010	3046
3010	3266
3010	3681
3015	3134
3018	3018
302	1051
302	1143
302	1248
302	1264
302	1568
302	1652
302	1744
302	1776
302	1977
302	2054
302	2672
302	2675
302	2790
302	2797
302	2847
302	2866
302	302
302	309
302	310
302	3454
302	3468
302	3692
302	3751
302	3860
302	523
302	633
302	707
3020	3541
3022	3909
3023	3835
3023	3995
3025	3504
3029	3785
303	3544
303	3889
3030	3276
3031	3031
3031	3870
3033	3033
3033	3468
3033	3501
3033	3616
3034	3034
3037	3037
3037	3406
304	1777
304	3730
304	3754
3040	3040
3042	3711
3043	3043
3044	3895
3045	3593
3045	3872
305	1124
305	1189
305	1266
305	1271
305	1664
305	1728
305	1895
305	2330
305	2331
305	2391
305	2755
305	305
305	310
305	364
305	3731
305	381
305	3932
305	3941
305	552
305	724
305	849
3051	3051
3051	3091
3051	3342
3051	3569
3054	3226
3063	3491
3066	3066
3066	3454
3067	3699
307	3499
3070	3070
3070	3078
3070	3491
3076	3076
3076	3171
308	2262
308	3814
308	3927
308	707
3086	3086
3087	3492
3089	3688
309	1369
309	1378
309	1382
309	1639
309	1856
309	1907
309	2092
309	2124
309	2271
309	2463
309	2580
309	2608
309	2726
309	2847
309	2876
309	309
309	3114
309	3143
309	3244
309	3802
309	381
309	3923
309	452
309	510
309	880
3092	3092
3093	3093
3096	3096
3097	3097
3097	3277
3098	3098
3098	3146
3098	3356
3098	3982
3099	3099
3099	3516
31	1035
31	1217
31	1264
31	1387
31	1530
31	1583
31	2560
31	2672
31	2736
31	2781
31	302
31	31
31	3971
31	497
31	519
31	57
31	675
31	851
31	887
31	888
310	1082
310	1100
310	1276
310	1574
310	1653
310	1986
310	2088
310	2434
310	2886
310	2927
310	3455
310	3538
310	3779
310	3860
310	492
310	722
310	939
3100	3100
3102	3102
3106	3133
311	1404
311	1877
311	2559
311	2911
311	3213
311	3847
3112	3469
3113	3113
3114	3114
3114	3661
3114	3890
3114	3912
3119	3119
312	312
312	3941
312	634
3121	3121
3121	3756
3122	3122
3122	3713
3122	3845
3125	3125
3125	3816
3129	3700
313	1307
313	1359
313	1390
313	1482
313	1695
313	2543
313	2576
313	542
313	665
313	667
313	859
3132	3260
3132	3371
3132	3377
3135	3135
3139	3139
3143	3353
3143	3483
3146	3146
3146	3594
3147	3147
3148	3884
3150	3348
3151	3151
3151	3434
3153	3153
3156	3156
3163	3163
3164	3967
3166	3301
3166	3805
3168	3168
3176	3575
3176	3609
3176	3805
3177	3177
3177	3529
3179	3196
3179	3774
318	318
318	328
318	3473
318	792
318	991
3180	3180
3182	3382
3183	3183
3183	3319
3183	3383
3184	3184
3184	3228
3184	3533
3184	3589
3189	3189
3189	3573
319	2779
3193	3676
3193	3907
3196	3196
32	303
32	32
32	3323
32	3544
32	3889
32	577
3200	3941
3201	3557
3201	3782
3204	3204
3204	3630
3204	3873
3206	3534
3209	3209
321	321
321	774
3212	3379
3213	3213
3213	3318
3213	3900
3217	3217
3217	3565
3227	3615
3228	3231
3228	3270
3228	3680
3228	3928
3230	3230
3232	3232
3232	3318
3232	3529
3232	3628
3238	3238
324	1146
324	3995
324	756
3243	3243
3243	3244
3243	3610
3243	3862
3248	3827
3249	3249
3250	3654
3251	3251
3252	3828
3253	3253
3255	3571
3255	3723
3257	3257
326	787
3260	3260
3264	3264
3264	3923
3266	3266
3266	3681
3269	3269
327	2591
327	327
3270	3419
3270	3549
3270	3680
3271	3271
3276	3436
3276	3472
3279	3819
328	1085
328	1578
328	2141
328	2373
328	2493
328	2530
328	2846
328	3176
328	328
328	3301
328	3609
328	3799
328	3805
328	3879
328	476
328	492
328	501
328	667
3288	3288
3288	3455
3288	3612
329	1769
329	2095
329	2884
329	3270
329	329
329	3419
329	3876
329	3928
3295	3295
33	33
33	3433
33	3985
330	1836
330	3122
330	330
330	3881
330	751
3301	3805
3304	3304
3305	3305
3306	3306
3307	3655
331	1350
331	2126
331	2351
331	331
331	3311
331	944
3311	3311
3313	3889
3314	3314
3315	3315
3315	3700
3315	3963
3316	3316
3318	3318
3318	3628
3318	3654
332	2004
3323	3323
3325	3325
3329	3329
3329	3491
333	1657
333	1796
333	1946
333	768
3330	3330
3331	3682
3336	3336
3337	3337
3338	3499
3339	3339
3339	3578
3341	3359
3341	3499
3341	3691
3342	3937
3344	3344
3348	3891
335	1138
335	2906
335	3231
335	335
3350	3350
3351	3351
3352	3352
3353	3353
3357	3357
3359	3359
3359	3691
336	2493
336	336
3363	3545
3363	3727
3363	3871
3367	3367
3368	3368
3368	3494
337	337
337	3745
3371	3371
3371	3377
3371	3499
3371	3722
3371	3779
3371	3964
3379	3831
338	2652
338	2775
338	443
3380	3380
3380	3408
3382	3382
3386	3386
3390	3946
3394	3579
3394	3799
34	34
340	1116
340	2057
340	2632
340	3023
340	3121
340	3122
340	3228
340	3303
340	340
340	3536
340	3774
340	3875
340	3995
340	513
3401	3401
3401	3454
3404	3404
3407	3407
3409	3409
3418	3889
342	1012
342	1085
342	1257
342	1680
342	1719
342	2054
342	342
342	633
3424	3484
3424	3597
3425	3499
3428	3482
3429	3429
343	1902
343	2510
343	2778
343	2925
343	996
3432	3432
3433	3433
3433	3532
3438	3438
3438	3481
3439	3439
3439	3780
344	1948
344	2774
344	2925
344	344
344	3483
344	3984
344	510
344	721
3445	3445
3445	3668
3448	3448
3449	3449
3449	3530
345	1154
345	1263
345	1760
345	1873
345	2019
345	2079
345	2284
345	2436
345	2793
345	345
345	3562
345	3602
345	3621
345	3622
345	3731
345	458
345	543
345	561
345	720
345	747
345	771
345	826
345	851
345	988
3453	3453
3455	3929
3456	3456
3456	3852
3457	3457
3460	3460
3461	3461
3463	3587
3463	3609
3463	3644
3466	3466
3467	3467
3468	3882
3469	3529
3469	3872
3479	3479
3480	3480
3480	3718
3482	3482
3483	3534
349	1396
349	419
349	865
349	952
3491	3691
3497	3816
3498	3686
3499	3499
3499	3696
35	1079
35	1262
35	2630
35	35
35	356
35	405
3503	3712
3507	3507
351	2493
351	3122
351	581
3510	3510
3513	3513
3522	3522
3523	3523
3526	3526
3529	3625
354	354
354	406
3540	3540
3544	3544
3545	3727
355	3203
355	355
3550	3550
3551	3551
3551	3696
3557	3557
3559	3559
356	1021
356	1578
356	1622
356	1657
356	1695
356	1778
356	1933
356	1937
356	2044
356	2054
356	2150
356	2330
356	2448
356	2449
356	2454
356	2559
356	2584
356	2755
356	2893
356	2985
356	3143
356	3166
356	3322
356	356
356	3656
356	3723
356	3805
356	381
356	3813
356	3814
356	546
356	707
356	724
356	886
356	901
3562	3562
3562	3805
3565	3955
3566	3566
3566	3622
3566	3792
3566	3922
357	3921
3571	3571
3571	3723
3571	3728
3572	3572
3572	3859
3572	3984
3582	3582
3582	3669
3584	3584
3587	3587
3589	3589
359	1012
359	2312
359	2424
359	2838
359	359
359	417
359	506
359	695
3592	3592
3593	3593
3598	3598
36	839
3603	3603
3605	3605
3609	3805
3612	3612
3615	3648
362	1041
362	1855
362	2736
362	2816
362	3328
362	362
362	3726
362	3755
362	498
362	797
362	960
3622	3792
3623	3971
3629	3629
3630	3873
3631	3631
3632	3632
3634	3634
3639	3639
364	1124
364	1266
364	1280
364	1344
364	1426
364	1593
364	1680
364	2150
364	2216
364	2294
364	2820
364	2835
364	3217
364	3491
364	3574
364	3609
364	364
364	3700
364	3722
364	3723
364	381
364	3844
364	387
364	449
364	552
364	574
364	768
364	859
3643	3643
3645	3645
365	1317
365	1522
365	3241
365	3264
365	3271
365	365
3654	3654
3656	3656
3656	3708
3657	3657
366	1505
366	1578
366	2114
366	2141
366	2449
366	2530
366	3528
366	3609
366	3723
366	3805
366	501
3660	3958
3664	3664
3664	3735
3664	3747
3664	3749
3666	3666
3668	3668
3668	3883
3669	3669
3669	3860
367	1165
367	1203
367	1331
367	1360
367	1450
367	1596
367	1734
367	2144
367	2679
367	2927
367	3054
367	3125
367	3184
367	3513
367	367
367	3963
367	888
367	932
3670	3670
3678	3678
368	1124
368	1164
368	2925
368	3260
3683	3683
369	1413
369	1624
369	1778
369	2004
369	2277
369	2783
369	2931
369	3084
369	369
369	735
3691	3691
3696	3696
3696	3913
3696	3949
3697	3697
3697	3785
3698	3698
3699	3699
37	2709
37	3206
37	3805
37	976
370	1143
370	1832
370	2196
370	2498
370	3238
370	3445
370	3469
370	370
370	3882
370	3946
370	724
3700	3700
3700	3963
3702	3702
3702	3716
3704	3704
3705	3705
3708	3708
371	1121
371	1371
371	1519
371	1761
371	3368
371	3376
371	3403
371	3494
371	3686
371	371
371	932
3710	3710
3710	3974
3711	3711
3718	3718
3720	3720
3725	3725
3728	3728
373	2281
373	2970
373	373
3731	3731
3739	3739
374	1060
374	1167
374	1207
374	1307
374	1421
374	1513
374	1719
374	2170
374	2253
374	2493
374	3122
374	3148
374	3436
374	3497
374	3726
374	3802
374	581
374	681
374	794
374	987
3754	3754
3757	3757
376	1252
376	376
376	507
3767	3767
3767	3782
377	1321
377	1413
377	1532
377	2228
3771	3879
3772	3852
3775	3775
3779	3828
378	1496
378	1663
378	3409
378	378
3782	3782
3783	3783
3783	3930
3785	3785
3787	3787
379	3275
3793	3793
3795	3795
3796	3796
38	1225
38	2192
380	1774
3800	3800
381	1044
381	1124
381	1266
381	1593
381	1597
381	1803
381	1895
381	1948
381	2054
381	2196
381	2207
381	2242
381	2295
381	2685
381	2726
381	2810
381	2924
381	2932
381	2985
381	3031
381	3143
381	3229
381	3235
381	3329
381	3723
381	3770
381	381
381	3854
381	3861
381	394
381	3971
381	465
381	523
381	552
381	577
381	724
381	887
381	976
3812	3812
3813	3860
3816	3816
3821	3821
3822	3822
3826	3826
383	959
3836	3852
3842	3842
3845	3845
3848	3848
3849	3849
385	1558
385	1583
385	1606
385	1707
385	1794
385	1913
385	2128
385	2295
385	2679
385	3305
385	3327
385	3348
385	3499
385	3565
385	3750
385	3780
385	3806
385	385
385	3870
385	3955
385	400
385	792
3850	3850
3852	3852
3859	3984
386	2207
386	2616
386	3521
386	386
386	3952
386	758
3860	3860
3860	3870
3860	3872
3865	3865
3869	3869
387	1362
387	1513
387	1796
387	2132
387	2726
387	3363
387	3545
387	3727
387	387
387	3871
387	3923
387	436
387	452
387	464
387	663
3870	3870
3872	3872
3872	3905
3873	3894
3873	3909
3875	3875
3878	3878
388	1100
388	1171
388	1180
388	1337
388	2683
388	2860
388	3045
388	3315
388	3700
388	388
388	613
3884	3884
3885	3885
3889	3889
389	3013
389	389
389	3942
3894	3894
3894	3909
39	1143
39	1271
39	1384
39	1482
39	1490
39	1767
39	1870
39	2030
39	2377
39	2559
39	270
39	2781
39	2925
39	2996
39	313
39	3143
39	3235
39	3814
39	3859
39	39
39	402
39	452
39	61
39	707
39	746
39	881
390	2868
390	390
390	588
3904	3904
391	1795
391	2767
391	2848
391	2944
391	3828
391	391
391	565
3912	3912
3914	3914
3915	3915
3922	3922
3923	3923
393	1605
393	393
394	1582
394	1637
394	1654
394	2204
394	2373
394	2532
394	3112
394	3427
394	3469
394	394
394	404
394	811
3941	3941
3941	3988
395	1577
395	2996
395	3489
395	395
395	527
395	994
3952	3952
3955	3955
3961	3964
397	1082
397	3134
3970	3970
3971	3971
3974	3974
3979	3979
398	1321
398	2228
398	398
398	915
3984	3984
4	1166
4	2068
4	4
400	1144
400	3348
401	1829
401	2140
401	401
402	1791
402	2078
402	2296
402	2812
402	3383
402	3491
402	3639
402	402
402	932
404	1069
404	1185
404	1282
404	1637
404	2064
404	2413
404	2687
404	3025
404	3429
404	3499
404	3504
404	404
404	731
404	858
404	994
405	1106
405	1189
405	1271
405	1401
405	1689
405	2133
405	2363
405	2559
405	3035
405	3438
405	405
405	636
405	732
406	1037
406	1842
406	1879
406	1948
406	2007
406	2995
406	3371
406	746
407	1066
407	407
41	1306
41	1478
41	1742
41	1841
41	2970
41	41
411	2230
413	2003
413	2803
413	2935
414	1003
414	414
415	1803
415	2725
415	454
415	993
416	1723
417	1045
417	1370
417	1694
417	1726
417	2300
417	2312
417	2726
417	3566
417	3792
417	3809
417	417
417	492
418	1189
418	2454
418	488
419	1182
419	1331
419	1370
419	1511
419	1734
419	1778
419	1881
419	2202
419	2271
419	2290
419	2498
419	2884
419	2961
419	3129
419	3566
419	3700
419	3739
419	3923
419	3941
419	3963
419	419
419	724
419	888
419	952
42	1684
42	3132
42	42
421	1456
421	645
423	1325
423	2882
423	423
423	435
423	875
424	2126
424	424
424	776
424	786
425	1555
425	3860
427	2259
427	3288
429	1305
429	1742
429	2057
429	2062
429	2965
429	429
43	1404
430	1465
430	430
431	1635
431	2122
431	3899
431	431
432	1541
432	2486
432	2731
432	2828
432	432
434	2110
434	434
435	2882
436	1289
436	1345
436	1470
436	1562
436	1784
436	1785
436	1903
436	2013
436	2242
436	2324
436	2430
436	2543
436	2776
436	2925
436	2927
436	3113
436	3259
436	3371
436	3540
436	3644
436	436
436	473
436	620
436	817
437	1325
437	2311
437	3892
437	437
437	540
438	3926
438	438
439	1120
439	439
439	990
440	1707
440	3314
440	440
442	2861
443	2571
443	2652
443	3697
443	3767
443	3889
443	3894
443	443
445	3922
447	1615
447	2541
447	447
447	455
448	1263
448	561
448	765
449	1880
449	2051
449	2641
449	3445
449	449
449	768
45	1410
45	2565
45	3499
45	45
451	1344
451	1622
451	2048
451	2150
451	2424
451	2454
451	2961
451	2985
451	3070
451	3176
451	3385
451	3817
451	723
452	1051
452	1100
452	1112
452	1189
452	1263
452	1278
452	1526
452	1535
452	1719
452	1810
452	1934
452	2235
452	2347
452	2372
452	2520
452	2580
452	2754
452	2950
452	3244
452	3696
452	3761
452	3860
452	3957
452	452
452	662
452	788
452	805
452	888
452	979
452	987
454	1072
454	1735
454	2312
454	2660
454	2904
454	3811
454	995
455	1885
455	2541
455	455
457	1041
457	1689
457	2062
457	2184
457	2290
457	2884
457	457
457	680
459	1948
459	596
46	241
460	1086
460	1260
460	1373
460	1448
460	2026
460	2047
460	3065
460	460
460	762
460	810
461	1289
461	2190
461	2372
461	562
463	2460
463	2557
463	463
464	1124
464	1447
464	1784
464	1791
464	1796
464	2088
464	2835
464	2961
464	2985
464	3481
464	3640
464	464
464	465
464	792
464	798
464	848
466	956
469	1809
469	469
470	1057
470	1217
471	471
473	473
475	2639
475	3867
476	1100
476	1278
476	1470
476	1490
476	1497
476	3102
476	3566
476	3805
476	3922
476	527
476	678
476	911
477	3114
477	477
478	1307
478	1527
478	1541
478	1657
478	1880
478	2486
478	2774
478	2963
478	3500
478	3905
478	478
478	721
48	1546
48	1747
483	1611
483	3056
483	3587
483	483
483	943
484	2269
485	485
485	930
486	2906
488	1382
488	1855
488	2154
488	2559
488	2736
488	2869
488	3165
488	3255
488	3416
488	3723
488	488
488	501
490	2994
492	1021
492	1082
492	1238
492	1490
492	1512
492	1571
492	2176
492	2372
492	2579
492	2886
492	3470
492	3518
492	3566
492	3622
492	3775
492	3792
492	3922
492	492
492	631
492	767
492	851
493	1217
493	1397
493	1485
493	1885
493	3719
493	3823
493	3887
493	493
493	519
493	542
493	793
494	2290
495	2303
495	2951
496	1333
496	1541
496	2485
496	2486
496	2622
496	3146
496	3167
496	3324
496	3832
496	496
496	856
496	918
497	1035
497	1283
497	1855
497	2205
497	2473
497	2541
497	2560
497	2647
497	2736
497	2887
497	497
498	3328
499	1892
499	2207
499	499
5	108
5	1307
5	1524
5	2330
5	2390
5	2498
5	2755
5	3457
5	3757
5	3874
5	394
5	492
5	557
5	624
5	888
50	2054
50	2575
50	2579
50	50
50	650
500	1613
500	1697
500	1701
500	500
501	1111
501	1280
501	1377
501	1578
501	1592
501	1680
501	1752
501	1803
501	1879
501	1992
501	2085
501	2114
501	2141
501	2245
501	2373
501	2530
501	2701
501	2738
501	2846
501	3176
501	3260
501	3534
501	3562
501	3609
501	3612
501	3723
501	3739
501	3805
501	3946
501	501
501	642
501	667
501	707
501	817
501	928
502	1547
502	1757
502	1897
502	2015
502	2348
502	2782
502	3101
502	502
502	948
506	1071
506	2169
506	2259
506	2706
506	695
506	963
509	2667
509	3264
509	509
509	543
51	1041
51	1082
51	1480
51	1689
51	2290
51	2349
51	242
51	2493
51	2632
51	296
51	3044
51	3072
51	3114
51	3134
51	3179
51	3270
51	3680
51	3715
51	3774
51	457
51	51
51	583
51	680
51	681
51	748
510	2663
510	3741
510	3754
510	3929
512	1124
512	1235
512	1283
512	1344
512	1486
512	1799
512	1879
512	2407
512	2449
512	2559
512	2925
512	3672
512	3728
512	620
512	886
513	1116
513	1261
513	1540
513	1591
513	1777
513	2429
513	2562
513	3536
513	3592
513	513
514	514
515	987
517	3402
517	517
519	1217
519	3342
519	519
519	542
52	740
522	1540
522	2054
522	2102
522	3817
522	523
525	3027
526	1257
526	1401
526	1872
526	1986
526	3805
526	3878
526	3888
527	1103
527	3990
527	527
528	1543
528	1848
528	2284
528	2329
528	3394
528	3858
528	3982
528	528
53	2271
53	2420
53	3087
53	309
53	53
530	1413
530	1497
530	1667
530	2480
530	530
530	707
530	883
534	2643
534	534
535	1198
535	1603
535	1711
535	1935
535	3183
535	3319
535	3354
535	3954
535	3962
535	535
535	627
535	773
535	799
537	3334
539	1340
539	539
54	1319
54	1384
54	147
54	2582
54	3110
54	3440
54	3521
54	3895
54	54
54	587
54	694
54	697
540	1468
540	1742
540	1814
540	2311
541	1311
541	1723
541	1829
541	2277
541	2842
541	2931
541	2981
541	3993
541	541
541	735
542	1051
542	1217
542	1384
542	1926
542	1987
542	1991
542	2296
542	2612
542	2730
542	3342
542	793
542	859
543	1963
543	3264
544	2482
544	544
545	3197
546	1027
546	1045
546	1589
546	1879
546	3445
546	3450
546	546
546	751
546	768
548	548
55	1490
55	1523
55	155
55	1641
55	1680
55	1719
55	2049
55	2927
55	305
55	3533
55	3566
55	55
55	792
55	99
551	1465
551	1477
551	1533
551	2255
551	2518
551	2888
551	3499
551	551
552	1005
552	1079
552	1119
552	1574
552	1608
552	1624
552	1895
552	2207
552	2274
552	2330
552	2755
552	2927
552	2978
552	2995
552	3063
552	3125
552	3252
552	3257
552	3563
552	3656
552	3660
552	3805
552	3810
552	3828
552	552
552	657
552	886
552	979
554	3543
555	2897
556	1583
556	556
556	949
556	969
557	1307
557	2925
557	825
557	852
56	247
56	2485
56	2486
56	496
56	918
56	94
561	1154
561	1263
561	3562
561	3602
561	3731
561	746
561	771
561	807
561	851
562	1079
562	1289
562	1577
562	1668
562	1809
562	2222
562	2372
562	2409
562	2713
562	2734
562	2997
562	3212
562	3379
562	3382
562	3532
562	562
562	567
562	651
562	678
562	748
562	854
564	1283
564	2259
564	2281
564	564
565	3714
566	566
567	1037
567	1212
567	1524
567	1909
567	2295
567	2410
567	2545
567	3260
567	3868
567	982
569	3941
57	1235
57	1278
57	1665
57	1926
57	2255
57	2312
57	266
57	2820
57	2835
57	2888
57	2902
57	3020
57	335
57	3606
57	3860
57	512
57	551
57	57
57	867
572	1746
572	1760
572	1833
572	2545
572	2609
572	3115
572	3469
572	572
572	826
573	1050
574	1304
574	1412
574	1858
574	1891
574	3694
575	1212
575	1909
575	2306
575	2558
575	2925
575	3010
575	3180
575	3266
575	575
575	957
576	1047
576	775
577	1197
577	1306
577	1948
577	3179
577	3373
578	1233
578	1310
578	1361
578	1496
578	1540
578	1877
578	1925
578	2210
578	2911
578	3066
578	3469
578	3592
578	3808
578	3869
578	3875
578	708
578	859
578	899
579	1473
579	2960
579	579
58	1564
58	58
580	1481
580	580
581	1421
581	2493
581	2573
581	3122
581	581
581	724
581	731
582	2884
583	2021
583	2442
583	2918
583	583
584	1077
584	2784
587	1025
587	1384
587	1610
587	3097
587	3348
587	587
587	694
587	921
588	1543
588	2051
588	2703
588	3132
588	797
588	879
588	909
588	996
589	1220
59	59
592	2546
592	3974
592	592
593	1111
593	1358
593	1540
593	1784
593	2088
593	2726
593	593
593	887
595	1495
595	1552
595	1965
595	2332
595	3630
595	595
595	618
595	632
595	735
595	803
599	2105
599	2683
599	599
6	1897
6	3087
6	6
6	667
60	172
60	2723
60	297
60	478
60	60
60	658
601	1021
601	1497
601	1622
601	1641
601	1761
601	1784
601	1986
601	2198
601	2392
601	2672
601	2790
601	2866
601	3371
601	3401
601	3454
601	3491
601	3878
601	601
601	767
601	768
603	1513
603	1589
603	2253
604	945
605	2776
605	605
606	2559
606	3731
607	1802
607	2517
607	2924
607	3935
607	607
609	609
61	2242
61	2669
61	2729
61	61
61	95
610	2513
612	2488
612	2622
612	3167
612	612
613	1180
613	3045
613	613
613	790
613	825
614	3007
614	3827
614	614
615	615
617	1183
617	2883
617	617
617	985
62	62
620	1085
620	1167
620	1486
620	1695
620	1887
620	2104
620	2242
620	2244
620	2312
620	2576
620	2693
620	2848
620	2982
620	3276
620	3472
620	3722
620	3967
620	620
620	925
621	1477
621	2518
621	2551
621	3058
621	3406
621	3499
621	3515
621	621
621	994
623	2907
623	3854
623	623
623	662
624	1110
624	1189
624	2300
624	2321
624	2421
624	2815
624	3188
624	3672
624	3830
625	1344
625	2837
625	3257
625	625
625	859
627	1198
627	1386
627	1687
627	1935
627	2318
627	3679
627	646
628	2528
628	628
63	1154
63	1456
63	3562
63	421
63	561
63	63
63	645
631	1257
631	1349
631	2054
631	2266
631	2391
631	2434
631	2480
631	2591
631	2810
631	2961
631	3235
631	3331
631	3518
631	3682
631	3751
631	3860
631	631
631	886
632	1119
632	1495
633	1264
633	3582
633	3946
635	3809
635	635
636	1016
636	2104
636	3338
636	3390
636	636
64	104
64	1666
64	2476
64	3042
64	3388
64	64
64	830
640	2127
640	3106
640	3133
640	640
642	1652
642	1880
642	2085
642	3575
642	3925
642	642
643	2493
643	2891
643	3303
643	3860
645	1456
645	3176
645	3731
646	1051
646	1185
646	1198
646	1688
646	1765
646	1935
646	3380
646	3692
646	646
647	2088
647	2944
647	3160
648	648
649	1143
649	1868
649	3454
65	1288
65	1414
65	2733
650	3952
650	970
653	2853
653	653
655	2104
656	1773
657	1119
657	3508
657	657
658	1469
658	2723
658	3000
659	2394
659	3596
659	659
66	2615
66	3147
66	344
66	66
661	2337
661	2486
661	3398
661	661
662	2907
662	3243
662	3244
662	3364
662	3610
663	1540
663	1866
663	1933
663	2224
664	1235
665	1143
665	1757
665	2015
665	2125
665	3101
665	3454
667	1072
667	1085
667	1339
667	1719
667	1897
667	2300
667	2331
667	2714
667	3445
667	3817
667	667
667	752
669	1484
669	1688
669	3178
669	3491
669	3704
669	811
67	1248
67	1318
67	1482
67	1657
67	1749
67	1880
67	1937
67	200
67	2051
67	2138
67	2242
67	2295
67	2312
67	239
67	2776
67	285
67	2925
67	3132
67	3260
67	3279
67	3327
67	3371
67	3377
67	3640
67	3722
67	385
67	436
67	67
67	866
670	670
671	1121
671	1324
671	2236
675	1387
675	3971
676	2748
676	3004
676	676
677	1513
678	1190
678	1924
678	2302
678	2409
678	2762
678	2891
678	3003
678	3180
678	3278
678	3371
678	3377
678	3513
678	678
678	840
678	957
679	1138
679	1728
679	3248
679	3566
68	1115
68	1221
68	1492
68	1562
68	1798
68	1799
68	1803
68	1931
68	1989
68	1996
68	2112
68	2517
68	2531
68	260
68	2678
68	2932
68	3235
68	3318
68	3753
68	607
68	68
680	1754
680	2388
680	789
681	3122
682	2939
682	3579
682	682
682	724
682	928
684	1074
684	1098
684	1190
684	1341
684	1924
684	2403
685	1693
685	1869
686	1093
686	1387
686	1514
686	1579
686	2989
689	2585
689	3776
689	689
690	1700
690	690
690	808
693	2997
694	1104
694	1281
694	1428
694	1642
694	2254
694	2422
694	694
695	1067
695	695
695	717
695	866
696	696
697	2582
699	3273
699	3708
699	699
7	151
7	2542
7	270
7	661
7	7
70	3230
700	1836
700	2431
700	3122
700	3865
700	3881
700	700
702	1604
702	2750
702	733
705	1636
705	705
706	2859
706	3087
706	3364
706	3492
707	1028
707	1181
707	1187
707	1189
707	1266
707	1540
707	1799
707	1879
707	2054
707	2088
707	2321
707	2416
707	2961
707	2964
707	3000
707	3143
707	3260
707	3580
707	3805
707	3813
707	3814
707	3927
707	3952
707	3968
707	707
707	751
707	881
707	890
707	900
708	1360
708	1879
708	2210
708	708
71	2573
71	3054
71	3072
71	3126
71	3573
71	71
712	1545
712	712
713	1165
713	1824
713	2653
713	713
713	810
714	2963
715	1028
715	1094
715	1164
715	2330
715	2559
715	2916
715	3688
715	715
716	1354
716	1831
716	3023
716	3198
716	3213
717	1012
717	1278
717	1333
717	2486
717	2514
717	2889
717	820
717	908
717	911
718	1120
718	1371
718	2678
718	804
719	1571
720	2051
721	2774
722	1202
722	1340
722	1887
722	2242
722	2313
722	2401
722	2600
722	2835
722	2961
722	2995
722	3229
722	3445
722	3468
722	3529
722	3566
722	3941
722	722
722	928
723	2451
724	1008
724	1086
724	1143
724	1181
724	1193
724	1622
724	1657
724	1778
724	1785
724	1799
724	1803
724	2133
724	2164
724	2330
724	2709
724	2795
724	2797
724	2961
724	3353
724	3529
724	3574
724	3592
724	3625
724	3749
724	3792
724	3824
724	3971
724	724
724	792
724	887
724	928
724	970
725	1109
725	725
726	1637
726	1749
726	2715
726	3863
726	726
727	1499
727	800
73	3989
73	628
73	73
731	2759
731	3122
731	731
732	1189
733	1604
733	733
734	1105
734	734
735	1667
735	2981
735	735
739	2802
739	739
740	1057
740	1748
740	3707
741	741
741	792
741	794
743	2670
743	3867
744	1719
744	1891
744	2273
744	2413
744	3728
744	3863
746	1028
746	1154
746	1271
746	1695
746	2150
746	2330
746	2407
746	2411
746	2559
746	3054
746	3073
746	3562
746	3808
746	853
747	2258
747	2593
747	2742
747	2793
747	3005
747	3150
747	3354
747	3380
747	3408
747	747
747	773
748	1857
748	2222
748	748
748	879
75	1104
75	1336
75	221
75	2451
75	2493
75	3359
75	3600
75	3691
75	451
75	481
75	723
75	75
75	974
751	1551
751	2925
751	3808
751	3922
751	3971
751	751
752	1085
752	1257
752	1500
752	1779
752	2331
752	2721
752	2796
752	2838
752	2961
752	2964
752	3164
752	3445
752	3967
752	752
752	801
752	818
752	849
756	2552
756	3023
756	3995
756	756
758	1079
758	1151
758	1415
758	1657
758	1937
758	2616
758	2660
758	3166
758	3592
758	3593
758	3640
758	3735
758	3817
758	3996
759	759
760	1324
760	3704
761	1016
761	1060
761	1072
761	1719
761	2607
761	2714
761	2931
761	3147
761	3566
761	3629
761	761
762	1086
762	3990
763	763
765	1021
765	1189
765	1402
765	1592
765	1622
765	1779
765	1840
765	2150
765	2330
765	2454
765	2583
765	2630
765	2941
765	2944
765	2996
765	3350
765	3353
765	3571
765	3805
765	3859
765	765
766	2578
766	3326
767	2498
767	3874
767	3946
767	3963
767	767
767	778
768	1124
768	1257
768	1593
768	1641
768	1734
768	1879
768	2085
768	2091
768	2198
768	2216
768	2313
768	2576
768	2701
768	2911
768	2964
768	2985
768	3217
768	3427
768	3445
768	768
769	1089
769	1230
769	2028
769	2197
769	2490
769	2812
769	769
769	955
77	1017
77	106
77	1191
77	1688
77	1891
77	1926
77	1979
77	2449
77	2966
77	3005
77	3091
77	3110
77	3132
77	3150
77	3210
77	3234
77	3380
77	3408
77	3922
77	682
77	747
77	77
77	983
771	1154
771	3562
773	1783
773	2116
773	2258
773	2286
773	2320
773	2593
773	2938
773	3005
773	3271
773	3962
773	773
774	2381
774	2607
774	774
775	1197
775	1455
775	775
775	931
776	895
778	1250
778	1399
778	1791
778	1803
778	2267
778	2416
778	2498
778	2580
778	2786
778	2890
778	3045
778	3491
778	3593
778	786
778	993
780	1469
780	1695
780	1735
780	1782
780	1927
780	2763
780	2896
780	3182
780	3635
780	3878
780	780
780	976
780	979
781	3432
781	781
782	1200
783	783
786	1235
786	2126
786	2672
786	3491
786	786
786	798
787	2449
787	3579
787	787
788	1551
789	1479
789	1577
789	1628
789	1788
789	1957
789	1982
789	2290
789	2415
789	2466
789	2571
789	2583
789	2928
789	2936
789	3000
789	3876
789	3979
789	789
789	888
789	945
79	1086
79	1173
79	1332
79	2621
79	3990
79	762
79	79
790	1002
790	1113
790	1202
790	1333
790	1340
790	1606
790	2336
790	2679
790	2731
790	2876
790	2935
790	2995
790	3206
790	3220
790	3279
790	3371
790	3565
790	3859
790	3955
790	790
790	825
790	976
791	1264
791	1490
791	1717
791	1972
791	2312
791	2826
791	3177
791	3521
791	3771
792	1012
792	1143
792	1182
792	1376
792	2925
792	3193
792	3288
792	3455
792	3473
792	3676
792	3749
792	792
793	1217
793	1384
793	1656
793	3348
793	3887
793	3940
793	793
794	2170
795	3756
795	795
797	1212
797	1261
797	1956
797	2157
797	2739
797	2762
797	2884
797	2928
797	3132
797	3212
797	3371
797	3377
797	3697
797	797
797	866
797	879
798	1181
798	1606
798	1791
798	2088
798	2911
798	3072
798	3491
798	3824
798	901
798	993
799	3954
799	799
799	844
8	1019
8	1321
8	1611
8	218
8	2768
8	3587
8	398
8	483
800	1499
800	800
801	1012
801	801
801	849
802	1382
802	2869
802	3165
802	3802
803	1888
803	2562
803	803
804	1311
804	1470
804	1791
804	1863
804	2757
804	3922
805	1477
805	1889
805	2518
805	2771
805	2961
805	805
805	927
805	959
807	1154
807	1336
807	1340
807	1622
807	3562
807	807
808	1077
808	1529
808	2912
808	3261
808	3350
809	1533
809	2518
81	1519
81	1540
81	1560
81	1671
81	2390
81	2424
81	2784
81	2817
81	3126
81	3232
81	3325
81	3385
81	3407
81	3452
81	3793
81	3814
81	3927
81	522
81	707
81	732
81	81
81	952
810	1146
810	1158
810	1622
810	1948
810	2476
810	3184
810	3319
810	3396
810	810
810	860
810	952
811	1092
811	1157
811	1393
811	1484
811	3178
811	3589
811	3670
811	811
811	848
812	2176
813	2635
813	3646
813	813
814	1928
814	3456
814	3852
814	814
815	1813
816	1151
816	1639
816	2322
816	2889
816	3026
816	911
816	973
818	1624
818	2331
818	2721
818	3787
818	3945
818	849
82	1869
82	1881
82	2376
820	1453
820	1824
820	2144
820	2514
820	2719
820	820
821	1369
821	2044
821	2449
821	901
822	2432
822	822
822	838
823	1647
825	1072
825	1180
825	1340
825	1719
825	2714
825	2721
825	2864
825	2973
825	3828
825	825
825	856
825	888
825	918
825	987
826	1606
826	1760
826	2609
826	826
827	1483
828	2813
829	1401
829	829
83	1814
832	1585
832	1759
833	1872
837	2411
837	3808
837	3941
837	837
837	901
838	1688
838	2610
838	838
838	983
842	3757
842	887
844	1324
844	1403
844	844
845	1060
845	1893
845	2124
845	2271
845	2463
845	2904
845	3720
845	3811
845	845
847	932
848	1447
848	1540
848	2363
848	2452
848	3640
848	3860
848	848
849	1792
849	1827
849	1918
849	1975
849	2331
849	2429
849	2721
849	3457
849	3562
849	3787
849	3945
849	3984
85	1856
85	2211
85	3156
851	1021
851	1154
851	3257
851	3562
851	3731
852	1637
853	1344
853	1388
853	1695
853	2498
853	2551
853	2709
853	3112
853	3257
853	3874
853	853
855	3146
855	855
856	2070
856	918
857	3630
858	1016
858	1701
858	3177
858	858
859	1016
859	1242
859	1278
859	1344
859	1706
859	1719
859	1810
859	2038
859	2150
859	2330
859	2363
859	2755
859	2961
859	2996
859	3008
859	3064
859	3176
859	3257
859	3844
860	860
861	2054
861	2866
861	2928
865	1396
865	1810
865	2148
865	2245
865	962
866	1203
866	1551
866	1842
866	1961
866	1996
866	2130
866	2306
866	2385
866	2386
866	2679
866	2731
866	2798
866	2884
866	2934
866	2995
866	3091
866	3332
866	3377
866	3435
866	3697
866	3728
866	3961
866	866
866	879
866	904
866	973
867	1165
867	3232
867	867
868	1046
868	1879
868	2559
868	2820
87	1305
87	2020
87	87
871	871
872	1829
872	3996
872	872
874	2575
875	1074
875	1325
875	2808
876	2462
877	1002
877	2343
877	2995
877	877
878	2984
878	3023
879	1049
879	1199
879	1272
879	2115
879	2157
879	2222
879	2602
879	2739
879	2925
879	2928
879	3260
879	3513
879	3697
879	879
880	1719
881	1685
881	2088
881	2321
881	3143
881	3232
881	3318
881	3628
883	1073
883	1345
885	1349
885	3747
886	1248
886	1257
886	1388
886	1486
886	1767
886	1808
886	1937
886	1972
886	2085
886	2207
886	2579
886	2848
886	3111
886	3212
886	3518
886	3674
886	3874
887	1264
887	2269
887	2330
887	2932
887	3529
887	3625
887	887
887	993
888	1128
888	1237
888	1247
888	1344
888	1600
888	1881
888	2051
888	2390
888	2781
888	3338
888	3473
888	3574
888	3710
888	3941
888	3986
888	888
888	970
888	987
889	1691
889	3453
889	3703
889	889
89	3493
89	89
890	1060
890	1291
890	1868
890	890
891	2517
891	891
892	3183
892	892
893	3524
893	893
894	1636
894	1916
895	1503
895	3425
895	895
899	2172
899	3869
899	3915
9	3714
900	3580
900	900
901	1124
901	1128
901	1368
901	1369
901	1551
901	1568
901	1641
901	2044
901	2300
901	2330
901	2337
901	2407
901	2424
901	2432
901	2449
901	2755
901	2887
901	2911
901	2985
901	3054
901	3276
901	3640
901	3847
901	3941
901	901
901	979
904	904
906	2363
907	3106
908	2905
909	2518
909	909
91	471
911	1902
911	2092
911	2889
911	3243
911	911
911	934
912	2604
912	912
914	1028
914	1145
914	1361
914	1368
914	2330
914	2559
914	914
915	1321
915	1468
915	1635
915	1923
915	2298
915	2840
915	3257
915	3305
915	3678
915	3741
915	3971
916	1706
916	2411
916	2647
916	3054
916	3338
916	3552
916	3808
916	916
917	1719
918	1333
918	2211
918	2485
918	2486
918	3146
918	3167
918	3240
921	1257
921	3305
922	3159
922	922
923	2960
924	1130
924	1197
924	2935
924	924
924	976
925	1880
925	2242
925	3449
925	925
926	1025
928	1343
928	1925
928	1968
928	2407
928	2449
928	2493
928	2911
928	3579
928	3805
928	3847
928	928
93	2048
93	2373
93	601
93	93
930	930
931	1146
931	1197
931	931
932	1343
932	1734
932	1889
932	2144
932	976
934	2092
934	3298
934	3668
934	934
935	1022
935	1809
935	2305
935	2611
935	3551
935	3696
935	3913
935	935
936	2623
936	3215
936	936
937	1462
937	937
938	1812
938	938
939	1682
939	1813
939	2957
939	3433
939	3631
939	939
939	994
94	1005
94	1149
94	1190
94	1232
94	1333
94	1338
94	1541
94	1964
94	205
94	2486
94	2657
94	3114
94	3189
94	3425
94	496
94	94
940	1465
940	1660
940	1983
940	3533
943	2463
943	3056
943	3828
943	3921
943	3956
944	1350
944	2186
944	3613
944	944
947	1492
947	3816
948	1258
948	1516
948	1757
948	1780
948	2199
948	2275
948	2281
948	2486
948	2709
948	3412
948	3605
948	948
949	1401
949	1477
949	1984
949	2149
949	2518
949	3132
949	3812
95	1012
95	155
95	163
95	1887
95	1945
95	2242
95	318
95	3469
95	3473
95	3771
95	394
95	436
95	795
950	1168
950	1340
950	1461
950	2075
950	950
951	3344
952	1734
952	2290
952	2424
952	2621
953	1034
953	2159
955	2517
955	2812
957	1146
957	2558
959	1888
959	2546
959	3089
959	959
96	2591
96	2882
96	327
96	435
96	437
96	96
960	1041
960	1543
960	2623
960	2895
960	3228
960	3435
960	960
963	2077
963	963
964	1585
964	1833
964	1836
964	1887
964	2242
964	2509
964	2576
964	2982
964	3338
964	3499
964	3696
964	964
966	1032
966	966
967	1981
967	3033
967	3501
967	3616
968	1879
968	2820
968	2835
968	3555
968	3659
968	968
968	992
969	1583
969	3420
969	969
97	1329
97	1758
97	180
97	2140
970	1260
970	1598
970	1788
970	3176
970	3206
970	3257
970	3491
970	3941
970	3952
970	970
970	976
973	1333
973	1639
973	1654
973	2739
973	3026
973	973
974	1319
974	2451
974	3895
976	1005
976	1137
976	1340
976	1514
976	1578
976	1680
976	1734
976	1931
976	2051
976	2175
976	2424
976	2514
976	2907
976	2935
976	2995
976	3176
976	3206
976	3301
976	3385
976	3452
976	3606
976	3621
976	3805
976	3955
976	976
979	1340
979	1470
979	2411
979	2979
979	3092
979	3177
979	3232
979	979
981	2330
981	2755
981	3200
981	981
982	1542
982	3141
983	1484
983	1577
983	1688
983	2683
983	983
985	1384
985	1940
985	2155
985	2883
985	985
987	2507
987	3381
987	3986
987	987
988	2019
988	2266
988	2961
988	2964
988	3518
989	2511
989	2747
989	989
99	1072
99	1340
99	155
99	1617
99	1719
99	1744
99	200
99	2051
99	2242
99	2413
99	2576
99	2580
99	2641
99	266
99	2714
99	2982
99	3757
99	825
99	880
99	99
991	1361
991	2576
991	991
992	3113
992	3659
992	992
993	1266
993	1791
993	1803
993	2911
993	3008
993	3235
993	3491
993	3602
994	1140
994	1143
994	1682
994	2064
994	2301
994	2425
994	2835
994	2888
994	3172
994	3229
994	3309
994	3342
994	3433
994	3479
994	3504
994	994
995	1049
995	1735
995	1803
995	1935
995	2392
996	2051
996	996
997	3367
997	3476
