#Nodes	4000
#Edges	5398
0	0
10	10
10	1045
10	11
10	1222
10	170
10	1911
10	2474
10	2566
10	2790
10	2894
10	2987
10	3491
10	3602
10	478
10	552
10	57
10	631
10	724
10	993
1001	1671
1001	3882
1002	1002
1002	1018
1002	2514
1003	1003
1003	1327
1003	3566
1003	3968
1004	1004
1004	1096
1004	3565
1006	1125
1006	1823
1006	2399
1006	3272
1007	1007
1008	1008
1008	1517
1009	1009
1009	2820
1010	3721
1011	2072
1011	2422
1011	3750
1012	1012
1012	1472
1012	3068
1012	3370
1012	3585
1013	1440
1014	1014
1015	1015
1015	1709
1015	3205
1015	3413
1018	1018
1018	1827
1018	2036
1018	2632
1018	2995
1018	3697
102	495
1020	1020
1020	2853
1021	1021
1021	1622
1021	2000
1021	3120
1021	3188
1021	3817
1022	1022
1022	1881
1022	1948
1022	2529
1022	3382
1022	3595
1022	3696
1023	1023
1023	1740
1023	2751
1023	2971
1023	3130
1024	1484
1026	1026
1026	3156
1026	3202
1027	1786
1028	1181
1030	1187
1030	1314
1030	2855
1030	3024
1030	3872
1031	1031
1032	1556
1033	1033
1033	2762
1034	1034
1034	1414
1034	2841
1034	3597
1036	1036
1038	1565
1038	1999
1039	1039
1039	2374
104	104
1043	1386
1046	1046
1046	1248
1046	1407
1046	1457
1046	2514
1046	2925
1046	3612
1046	3723
1047	2293
1047	2475
1048	1048
1048	1329
1048	1723
1048	2942
1048	2981
1050	1050
1052	1052
1052	1100
1052	1263
1052	2162
1053	1053
1053	1566
1053	2242
1053	3103
1053	3761
1055	1055
1055	2521
1055	2945
1057	1057
1057	1340
1057	1948
1057	2007
1057	2479
1057	2734
1057	3651
1057	3834
1057	3838
106	106
106	1600
106	2055
106	2087
106	2195
106	2209
106	2225
106	2248
106	225
106	2443
106	2467
106	2626
106	2916
106	3152
106	3166
106	3228
106	3559
106	3593
106	3884
106	3908
106	3953
106	631
1060	1060
1060	1109
1062	1062
1062	1759
1062	2448
1062	3181
1062	3386
1062	3856
1063	2009
1063	2749
1063	3956
1064	1064
1064	1856
1064	3114
1064	3243
1065	1065
1065	1432
1065	1800
1065	2206
1065	3155
107	107
1070	1070
1070	1361
1070	1368
1070	1561
1070	3936
1073	1073
1073	3287
1073	3828
1075	1075
1075	1143
1075	1499
1075	2054
1075	2248
1075	2625
1075	3268
1075	3941
1078	1327
1078	2603
1079	1079
1079	1316
1079	1948
1079	3212
1079	3975
108	2301
108	2649
108	285
108	3170
108	3426
108	3735
108	3774
108	672
1080	1080
1080	3676
1081	1081
1081	1217
1081	3897
1084	1171
1084	3114
1084	3372
1086	1404
1087	2000
1087	2630
1087	2885
1088	1088
1088	1742
1088	3393
1088	3875
1089	2490
109	109
109	1861
109	2060
109	2669
109	2978
1090	1090
1091	1091
1091	1762
1091	2211
1091	2828
1091	3156
1091	3500
1092	1092
1092	1812
1092	3704
1092	3736
1094	1271
1094	1899
1094	3003
1094	3450
1098	1477
1099	1439
1099	1567
1099	1607
1099	2568
1099	2760
1099	2770
1099	3504
11	1080
11	11
11	1336
11	1680
11	1963
11	2098
11	2415
11	2493
11	3023
11	3422
11	3691
110	1018
110	2657
110	924
1100	1369
1102	1102
1103	1103
1103	3975
1104	1104
1104	1217
1104	1911
1104	3380
1106	1106
1106	3224
1108	1108
1108	2806
1108	3234
1108	3245
1108	3818
1109	2741
111	1079
111	3975
111	693
1110	1110
1110	2225
1110	2248
1110	2602
1110	3118
1110	3213
1110	3497
1112	1112
1112	1369
1112	1410
1112	1706
1112	1906
1112	2009
1112	2309
1112	2384
1112	3084
1112	3131
1112	3367
1112	3827
1114	1232
1114	2854
1114	3744
1115	1115
1115	1406
1115	2176
1115	2229
1115	3195
1115	3462
1117	1117
1117	2954
112	1046
112	1361
112	2925
112	320
112	631
1123	1123
1123	2310
1123	2592
1123	2657
1123	3242
1123	3427
1123	3512
1125	1823
1125	2399
1125	3272
1129	1635
1129	1742
1129	2122
1129	2327
1129	2403
1129	2632
1130	2802
1131	1131
1131	1184
1131	1430
1131	2182
1131	3006
1131	3968
1132	1132
1132	1433
1132	2382
1132	3615
1132	3800
1133	2403
1134	2827
1135	1135
1135	1893
1139	1139
1139	1735
1141	1556
1141	3600
1143	1143
1143	1269
1143	1289
1143	1369
1143	1508
1143	2376
1143	3468
1143	3749
1144	2776
1146	2185
1147	1273
1147	3179
1149	2657
1152	1152
1152	2041
1152	3541
1152	3710
1153	1153
1155	1155
1155	1308
1155	1519
1155	1680
1155	1747
1155	2415
1155	2513
1155	2756
1155	3034
1156	1431
1156	1953
1156	2449
1156	3407
1159	1159
1159	2553
1160	1647
1160	1922
1164	1164
1164	2312
1165	2476
1165	2548
1165	3494
1166	1166
1168	3875
1169	1169
1171	1171
1171	1880
1171	1908
1171	2004
1171	2904
1171	3243
1171	3276
1171	3327
1171	3372
1171	3423
1171	3497
1173	1173
1173	3505
1173	3804
1177	1177
1180	1180
1180	1875
1180	2353
1180	2927
1180	3217
1180	3387
1182	1182
1183	2844
1183	3673
1184	1184
1184	1378
1184	1407
1184	1430
1184	2904
1184	3006
1184	3465
1186	2703
1188	1188
1188	3994
119	3439
1190	1190
1190	1341
1190	1468
1190	1477
1190	2057
1190	2279
1190	2298
1190	2311
1190	2403
1190	2533
1190	2632
1190	2934
1190	3899
1192	1192
1192	3070
1192	3270
1192	3393
1193	1405
1193	2046
1193	2143
1193	2443
1193	2736
1193	3667
1194	1194
1194	1514
1196	1196
1196	2054
1196	2341
1198	1198
12	1032
12	12
12	3777
12	776
120	1053
120	1180
120	1486
120	1893
120	2251
120	2570
120	2696
120	2762
120	2790
120	3491
120	3561
120	3602
120	3612
120	546
120	631
120	906
1203	1203
1203	1450
1203	1519
1203	1963
1203	2683
1204	3145
1205	1205
1205	1729
1205	3588
1208	1208
1209	2657
1209	3448
1211	1211
1211	1341
1211	2632
1211	2659
1211	3683
1213	1213
1213	1613
1214	1214
1216	2248
1217	1217
1217	1911
1217	1935
122	1232
122	1414
122	1417
122	1630
122	2169
122	2212
122	262
122	2934
122	3852
1220	1220
1220	2711
1221	1221
1221	2938
1223	3644
1224	1224
1225	2192
1226	1226
1226	2736
1226	3869
1230	1230
1230	1811
1230	3708
1232	1288
1232	1414
1232	1647
1232	1795
1232	3022
1232	3321
1232	3597
1232	3725
1234	1234
1238	1316
1238	2611
1238	3212
124	1193
124	124
124	1288
124	1405
124	1406
124	171
124	2029
124	209
124	2229
124	2529
124	3667
124	846
1240	1240
1240	2057
1240	2632
1241	2538
1242	1242
1242	2898
1242	3257
1242	3499
1244	1641
1247	1247
1248	1248
1248	1486
1248	1995
1248	2292
1248	2295
1248	2413
1248	2925
1248	2974
1248	3769
1250	1785
1250	3644
1252	1252
1253	1253
1253	1369
1253	2027
1253	2647
1254	1404
1254	1999
1255	1255
1255	1694
1255	2744
1255	2975
1257	1257
1257	1426
1257	1622
1263	1969
1264	3521
1265	1265
1265	2515
1265	3762
1266	2975
1269	1289
1269	2055
1269	3953
127	1005
127	127
127	1632
127	3735
1271	3517
1272	1706
1273	1273
1273	1277
1273	1289
1273	1304
1273	1768
1273	2560
1273	3694
1274	1274
1274	1500
1274	1712
1274	3389
1275	1275
1276	2783
1277	1277
1277	1283
1277	2388
1277	2611
1277	2705
1277	3179
1277	3694
1278	1815
1278	2260
1279	2841
128	128
128	2557
128	463
1280	1340
1281	2635
1283	2057
1283	2388
1283	2632
1283	2705
1286	2471
1288	1405
1288	1414
1289	1289
1289	1768
1289	1948
1289	2055
1289	2364
1289	2413
1289	3212
1289	3953
129	1828
129	1894
129	220
129	810
1290	1290
1290	2677
1290	3657
1292	1819
1292	2808
1292	3918
1293	2317
1293	2880
1294	1294
1294	2371
1294	2736
1294	2948
1294	3899
1295	1362
1295	1795
1296	2365
1297	1297
1297	1872
1297	2457
1300	1300
1301	1301
1303	1303
1303	2711
1303	3547
1303	3709
1304	2895
1304	3196
1304	3306
1304	3642
1308	1308
1308	1519
1308	1537
1308	1747
1308	2679
1308	2739
1308	3768
1309	1603
1309	1935
1309	3380
1309	3506
131	131
131	2227
131	3009
131	3528
131	366
1311	3368
1312	2010
1313	1313
1314	1314
1314	3024
1314	3644
1316	1316
1316	1365
1316	1826
1319	2422
1319	2675
1319	3677
1325	1325
1325	3222
1326	1326
1326	1860
1327	2603
1327	2616
1328	1328
1329	1329
1329	2842
133	1205
133	133
133	1569
133	176
133	2260
133	2338
133	522
133	523
133	685
1332	1332
1332	1828
1332	2059
1335	2642
1341	1341
1341	1841
1341	2003
1341	2057
1341	2632
1341	3435
1344	1344
1344	1470
1344	2000
1344	3257
1344	3967
1347	1680
1347	2856
1347	3641
1348	1348
1348	1558
1348	1656
1348	2688
1348	3753
1348	3815
1348	3891
1348	3978
135	135
135	1805
1350	3357
1351	1962
1352	1352
1352	1998
1352	2128
1352	2181
1356	3869
1357	1357
1357	1534
1357	1753
1357	1757
1357	2657
1357	3525
136	136
1360	2098
1360	3494
1361	1361
1361	2227
1361	3015
1361	3451
1361	3772
1361	3834
1361	3875
1361	3995
1363	1515
1363	1765
1363	2645
1363	2900
1363	3408
1363	3484
1365	3212
1367	1367
1367	2239
1368	1677
1368	2573
1369	1369
1369	1490
1369	1494
1369	2058
1372	1883
1374	1374
1374	2007
1377	1377
1377	1599
1377	1975
1377	2669
1378	1378
1378	1430
1378	2463
1385	1385
1385	1683
1386	1386
1386	1812
1386	2318
1386	2931
1389	1389
1391	1391
1393	3910
1394	1745
1394	2184
1397	1397
1397	3089
1397	3688
1398	1466
1398	2876
1398	3709
14	191
14	2090
14	2093
14	2418
14	2483
14	2648
14	3130
140	140
140	2015
140	463
1402	1402
1403	1403
1403	2887
1404	1450
1404	1584
1404	1893
1404	1934
1404	1999
1404	2439
1404	2449
1404	2679
1404	3034
1404	3064
1404	3337
1404	3342
1404	3662
1404	3704
1405	1405
1405	3480
1406	1406
1406	2959
1407	1407
1407	2276
1407	2925
1407	3945
1410	1410
1410	1496
1410	1906
1410	2681
1410	2781
1410	3033
1410	3333
1411	2200
1411	2257
1411	2534
1411	3226
1412	3065
1412	3713
1414	3022
1415	1415
1416	1416
1418	1579
1418	2917
1420	1420
1422	1422
1422	3533
1422	3663
1424	1424
1424	1437
1424	1754
1424	2811
1425	3043
1426	3497
1429	1429
143	143
143	2700
143	3029
143	3169
143	897
1430	1430
1430	2928
1430	3006
1430	3202
1430	3243
1430	3372
1430	3439
1430	3465
1431	1431
1431	3407
1432	1432
1432	1800
1432	2206
1432	3155
1433	2412
1434	1434
1434	1503
1434	2792
1436	1436
1436	2987
1436	3249
1436	3527
1436	3736
1438	1438
1438	2415
1438	2548
1438	3433
1438	3759
1438	3784
1439	1439
1439	2760
144	758
1443	1443
1444	1444
1444	1908
1444	2004
1444	3423
1445	1716
1446	1446
1446	1632
1447	1447
1447	3408
1449	1449
1449	1769
1449	3696
1449	3715
1449	3772
1449	3928
145	1309
145	145
145	1610
1450	1450
1452	1743
1454	1454
1454	1973
1454	2240
1454	2776
1455	1455
1455	1770
1457	1457
1457	1610
1457	3034
1459	3638
1460	1460
1460	2895
1460	3393
1462	1462
1462	1998
1462	2634
1462	3140
1463	1573
1466	2000
1468	2298
1468	2762
1468	3297
1469	3293
1469	3335
147	147
147	2010
147	3646
1470	1470
1470	1490
1470	1494
1470	1497
1470	2426
1470	2776
1470	3546
1472	1472
1472	2694
1472	3068
1472	3370
1472	3443
1472	3585
1475	2559
1475	3964
1476	1476
1476	2240
1476	2365
1476	3615
1477	1827
1477	2298
1477	3281
1482	2302
1482	3189
1483	1711
1483	3206
1484	1484
1484	3589
1486	2244
1486	2515
1486	3583
1487	1487
1488	1488
1490	1490
1490	1494
1490	1497
1490	2426
1490	2714
1490	2776
1490	2875
1490	2878
1490	3546
1492	1492
1492	1839
1493	2870
1494	2361
1494	2971
1495	1495
1495	2332
1496	1496
1496	3033
1498	2923
1499	1499
1499	1893
1499	2000
1499	2248
1499	2622
1499	3131
1499	3268
1499	3387
1499	3565
1499	3593
1499	3941
15	1051
15	15
15	270
15	3364
15	3668
150	150
150	2850
150	3615
150	3846
1500	1712
1500	2128
1500	3389
1502	2579
1507	1507
1508	1508
1508	2477
1508	3012
1509	1687
151	2415
151	3023
151	810
1515	1911
1515	2900
1515	3107
1515	3408
1519	1519
1519	1678
1519	2156
1519	2415
1519	2422
1519	2683
1519	2718
1519	2798
1519	2900
1519	3247
1519	3387
1519	3403
1519	3437
1522	1724
1523	2500
1525	3987
1527	1527
1529	1529
1529	1823
1529	2433
153	332
1536	3647
1537	2718
1537	3768
1538	2193
1538	3090
1538	3611
154	154
154	3626
154	3794
154	3862
1541	1541
1541	1664
1541	2345
1541	3932
1543	1543
1543	2113
1543	3347
1543	3710
1543	3750
1543	3982
1544	1544
1548	3581
1549	2677
1549	3531
1549	3657
1549	3966
155	1248
155	1486
155	155
155	1617
155	1662
155	2242
155	2244
155	2330
155	266
155	2982
155	3031
155	3254
155	3260
155	3508
155	3583
155	3870
1550	1678
1550	2553
1550	2635
1550	2718
1553	1553
1554	1554
1554	2514
1555	1555
1555	1583
1555	1778
1556	2400
1558	1656
1558	1911
1558	3646
1558	3891
1559	1559
1559	1665
1559	2226
1559	2588
1559	2762
1559	2898
1559	3929
1560	1560
1560	1971
1560	3927
1561	2174
1562	1926
1562	2119
1562	2795
1563	1563
1563	2121
1563	2516
1563	2862
1564	3064
1564	3204
1564	3873
1565	1565
1565	1775
1566	2248
1566	2429
1566	3235
1567	2555
1569	1569
1569	2338
157	2112
1572	1572
1572	2405
1574	1574
1576	1576
1576	2300
1576	3535
1577	1577
1579	1579
1579	1718
1579	2396
1579	2917
1579	3038
158	1512
158	3306
158	3975
158	707
158	758
1582	1762
1583	1583
1583	2736
1583	3367
1583	3841
1587	1587
1588	1757
159	159
1593	1593
1593	2479
1593	2713
1593	2860
1595	1595
1595	2371
1595	3262
1599	1861
1599	2060
1599	2669
1599	2729
16	410
16	503
160	160
160	194
160	296
160	3633
1600	2916
1605	1692
1605	1947
1605	2209
1608	2302
1608	2854
1613	1697
1613	1989
1613	2368
1617	2242
162	2622
162	419
1620	2456
1622	1622
1622	1728
1622	1933
1622	2514
1626	1626
1630	1630
1631	1631
1632	1632
1632	2842
1632	2969
1637	2768
164	1377
164	164
164	1753
164	1757
164	1975
1640	2338
1643	1643
1645	2419
1648	1907
1648	2265
1648	3613
1649	1649
165	165
165	2779
1655	1655
1655	3245
1655	3789
1656	3891
1658	1658
1659	1659
1659	3593
1659	3872
166	321
166	3614
166	3831
1660	1660
1661	1661
1664	1664
1664	3366
1664	3932
1665	1880
1665	3929
1667	3732
1668	1668
1668	2025
1668	2596
1668	3712
1669	2790
1669	2909
1669	3491
1669	3602
167	167
167	2184
167	2528
167	3490
167	3995
167	616
1674	1674
1675	1675
1677	2167
1677	2444
1677	2573
1677	3100
1677	3732
1677	3778
1677	3858
1678	1747
1678	2718
168	1417
168	168
168	1747
168	1792
168	2020
168	2762
168	3763
168	995
1680	1680
1680	2415
1680	3704
1681	1681
1681	1985
1684	1684
1684	2094
1685	1685
1685	3855
1687	1687
1687	1752
1687	2707
1694	1694
1694	1796
1694	3860
1696	1696
1696	3370
1698	2630
1699	1699
17	17
17	1815
17	2401
17	3654
17	393
17	722
17	953
170	1940
170	2194
170	622
1700	1700
1701	2091
1704	1704
1706	1706
1706	3367
1709	1709
1709	3205
1709	3413
171	171
171	2023
171	2229
171	712
171	846
171	951
1710	1710
1710	3285
1712	2128
1712	2849
1716	1841
1716	2003
1716	2306
1716	2359
1716	2447
1716	2884
1716	3070
1716	3270
1716	3393
1716	3928
1718	1879
1718	2396
172	1622
172	179
172	3445
172	384
1720	1720
1720	2527
1722	1722
1722	2608
1723	1723
1723	2981
1724	1724
1724	1886
1724	2688
1724	2990
1724	3051
1724	3685
1725	1725
1725	1916
1725	2492
1725	2662
1726	1726
1728	1933
1729	2071
1729	2383
1729	2585
1729	3619
1729	3776
173	173
173	1795
173	2335
173	237
173	2705
173	2806
173	3377
173	452
1730	1746
1730	3696
1732	2298
1732	2533
1733	1733
1734	1734
1734	1905
1734	1966
1734	2272
1734	3178
1734	3879
1734	3969
1736	3234
1736	3377
1736	3750
1738	1738
1743	1743
1743	2656
1743	3894
1744	1982
1746	1746
1747	1747
1747	2335
1747	2679
1747	2718
1747	3034
1747	3278
1747	3484
1747	3774
1749	3103
175	1669
175	2790
175	3454
175	369
1752	1752
1753	1757
1754	1754
1754	2369
1754	3302
1757	1757
1757	2167
1757	2450
1757	2657
1757	3446
1758	1758
1759	3386
1759	3856
176	2338
1761	1761
1761	3748
1762	1762
1762	1906
1762	2692
1762	3026
1765	1765
1765	1805
1765	1979
1765	2017
1765	2900
1765	3380
1765	3539
1767	1767
1768	1768
1769	1769
1769	2391
177	177
1770	1770
1772	3038
1778	1778
1778	3257
1778	3638
1780	1780
1780	2015
1780	3101
1782	1934
1782	3342
1782	3728
1783	2139
1785	1785
1785	3644
1787	2426
1789	1789
1789	2598
179	1622
179	2054
179	2449
179	3188
179	3445
179	356
179	384
179	552
179	746
1791	1791
1793	3597
1795	1795
1795	2898
1798	1798
180	2015
180	941
1800	2206
1800	3155
1801	3997
1802	2517
1804	3043
1805	1805
1805	1935
1805	2662
1805	3090
1805	3691
1806	1806
1806	3378
1808	1808
1808	3212
181	1608
181	2302
1812	1950
1815	1815
1815	2260
1815	2338
1815	2372
1815	3520
1815	3654
1818	1818
1818	3593
1818	3884
1819	1819
1819	2597
182	1634
182	182
182	2097
182	2449
182	3183
182	3574
1820	1820
1821	1821
1821	2359
1821	2708
1821	2806
1822	1822
1822	2444
1822	2869
1822	3446
1823	2433
1824	2256
1824	3485
1827	1958
1829	1829
1829	2240
183	1430
183	183
183	2904
183	3006
1830	1830
1830	3904
1835	1835
1838	1838
1839	1839
1841	2003
1841	2705
1841	3231
1841	3715
1845	1845
1845	2664
1846	1999
1846	3048
1849	1849
1849	2449
1849	2491
1849	3337
1849	3704
1851	2858
1852	1852
1852	2971
1853	1853
1855	1855
1855	1948
1855	3818
1856	1856
1856	2253
1856	2745
1856	3052
1856	3243
1856	3833
1857	1857
1857	3807
1857	3834
1859	1859
186	186
1861	1861
1861	2060
1861	2729
1866	1866
1866	3030
1868	1868
1868	2356
1872	3081
1872	3588
1875	3006
1875	3217
1876	1876
1879	1879
1879	1905
1879	3757
188	1563
188	188
188	2516
188	2862
188	3085
1880	1880
1880	2169
1880	3116
1880	3327
1880	3964
1881	1881
1881	2611
1881	3558
1881	3696
1884	1884
1885	1885
1886	1886
1888	1888
1888	2475
1892	1892
1893	1893
1893	2259
1893	2331
1893	2622
1893	3154
1893	3751
1893	3941
1898	2866
1900	1900
1904	2376
1905	2272
1905	3910
1908	2004
1908	2020
1908	2302
1908	3423
191	1023
191	1120
191	1494
191	191
191	2015
191	2208
191	2361
191	240
191	2418
191	2483
191	2648
191	2971
191	3130
191	3411
191	3482
191	3615
1911	1911
1911	2100
1911	2900
1911	3034
1911	3107
1911	3183
1911	3380
1911	3408
1911	3891
1915	1915
1915	2479
1915	3881
1916	2662
1918	1918
1918	2113
1918	2515
1918	2811
1918	3338
1918	3710
1919	2036
1919	3734
1921	1921
1922	1922
1925	2075
1929	3791
1930	1930
1930	2130
1931	1931
1931	2283
1931	2439
1933	1933
1934	1934
1934	2022
1934	3342
1934	3700
1934	3728
1935	1935
1935	2740
1935	2900
1935	3380
1935	3897
1936	1936
1936	3505
194	1543
194	1908
194	2004
194	2627
194	2891
194	3128
194	3423
194	3771
1940	1940
1940	2194
1948	1948
1948	2178
1948	2268
1948	2391
1948	2413
1948	2748
1948	3006
1948	3229
1948	3462
1948	3650
1949	1949
1949	2570
1949	3561
1950	2472
1951	2280
1951	2546
1951	2762
1951	3057
1951	3820
1955	3468
1956	1956
1958	1958
1958	3058
1958	3124
1959	1959
1959	3249
196	1582
196	1762
196	196
196	2964
1960	1960
1960	2147
1962	1962
1962	2066
1962	2112
1963	3724
1966	1966
1966	2337
1966	2548
1966	2756
1966	3039
1966	3095
1966	3178
197	3702
1971	1971
1973	1973
1973	1993
1973	2981
1973	3948
1978	2524
1978	2544
1978	2577
1978	3735
1980	2711
1980	3132
1982	3744
1989	2368
199	199
199	2156
199	3403
199	433
199	458
1991	3305
1993	1993
1996	1996
1999	1999
1999	2775
2	2
2000	2000
2000	2416
2000	2449
2000	2559
2000	3257
2002	3900
2003	2003
2003	2803
2003	3070
2003	3270
2003	3580
2004	2302
2004	3143
2004	3423
2007	2007
2008	2008
2008	2270
201	2234
201	2811
201	2891
201	316
201	866
2010	2655
2010	2688
2014	2014
2014	2232
2015	2015
2015	2483
2015	3081
2015	3101
2016	2407
2018	2216
202	941
2020	2020
2020	2306
2020	2307
2020	2445
2020	2582
2020	3247
2022	2022
2022	2814
2022	3700
2023	2023
2023	3152
2024	2604
2025	2025
2025	3041
2027	2149
2027	2647
2027	3591
2029	2029
2029	2071
2029	2267
2029	2780
2029	3470
2029	3838
203	1856
203	203
203	2745
203	2811
203	3890
203	3943
2032	2032
2034	2034
2036	2036
2036	2542
2037	2545
2041	2518
2041	2681
2041	3710
2045	2045
2046	2046
2046	2143
2046	2845
205	205
205	2111
205	3697
2055	2055
2055	2796
2055	2885
2055	3953
2057	2057
2057	2632
2058	3202
2058	3737
2059	2825
206	1621
206	206
2063	3804
2067	2993
2068	2099
2069	2069
2069	3205
207	1434
207	2355
207	327
2071	2071
2071	2383
2071	2585
2071	3081
2071	3470
2071	3776
2073	3145
2074	2074
2074	3741
2075	2678
2075	2930
2076	2280
2078	2667
2079	2079
2084	2084
2086	2086
209	1115
209	209
209	3462
2090	2093
2090	2130
2090	2787
2090	3219
2092	2092
2093	2787
2096	3560
2097	2097
21	1411
21	21
21	2790
21	851
21	888
2100	2100
2100	2493
2100	2559
2100	3278
2100	3966
2104	2104
2107	2107
2109	3652
2112	2112
2112	3293
2113	2113
2113	2588
2113	3338
2113	3541
2113	3710
2113	3750
2113	3982
2119	2634
2119	2795
212	3086
212	365
2120	2120
2120	2310
2120	3078
2121	2516
2121	2862
2122	2298
2122	2632
2122	2695
2122	3046
2124	2124
2124	2749
2128	2128
2128	2634
2128	2677
2128	2822
2128	2849
2128	3657
2129	2129
213	1352
213	213
213	3138
213	3697
213	703
2130	2130
2130	3219
2135	2135
2137	2137
2138	2138
214	1288
214	214
214	248
214	2602
214	3118
2142	2142
2142	2655
2142	3183
2142	3383
2144	2144
2144	3224
2146	2146
2148	3562
2149	2149
2149	3591
2151	2151
2151	2155
2151	2627
2151	2868
2153	2153
2153	2842
2153	3601
2155	2155
2155	2868
2156	2156
2156	2679
2156	3403
2166	2166
2167	2450
2168	3486
2169	2934
217	217
2171	3668
2172	2172
2174	2174
2174	3672
2176	2176
2177	2177
2178	2391
2180	2180
2180	3444
2182	2182
2182	2437
2183	2183
2184	2391
2186	2698
2186	2910
2187	2187
2187	2599
2189	3222
2191	2191
2191	3615
2191	3821
2195	3986
2196	3969
22	1214
22	1754
22	2474
22	972
220	1001
220	1671
220	2177
220	220
220	242
220	2880
220	299
220	3165
220	3344
220	3497
220	552
220	823
220	878
2200	2200
2200	2225
2200	2391
2200	2653
2200	2734
2200	3651
2203	2203
2203	2330
2205	2711
2206	3155
2207	2429
2208	2208
2208	2418
2208	2648
2208	3130
2208	3615
2208	3648
2209	2209
2209	2225
2209	2248
2209	2372
2209	2419
2209	2529
2209	2653
2209	3908
2211	2211
2211	3156
2211	3500
2212	2854
2216	2216
2216	3481
2216	3625
222	2073
222	222
2225	2225
2225	3332
2226	2661
2227	2227
2227	3451
2228	2776
2229	2229
2229	2683
2229	2690
2229	3797
223	1005
2232	2461
2235	3206
2237	2237
2237	2687
2237	3429
224	1734
224	1879
224	1905
224	224
224	2272
224	3039
224	3095
224	3969
2240	2240
2240	2422
2240	3405
2240	3417
2240	3707
2240	3750
2242	2893
2242	3103
2244	3583
2245	2245
2246	2724
2246	3112
2248	2248
2248	2529
2248	3152
2248	3177
2248	3849
225	1269
225	1289
225	1490
225	2055
225	225
225	273
225	2776
225	2927
225	3387
225	3863
225	3953
2253	3243
2253	3545
2256	2256
2256	3172
2257	3226
2259	2259
2259	2306
2259	2486
2259	2788
2259	3154
2259	3955
226	1308
226	1537
226	3768
226	866
2261	2261
2262	2262
2262	2748
2262	3232
2263	2263
2265	2265
2268	2268
2268	2508
2273	2273
2273	3268
2279	2279
2279	2934
228	1098
228	1477
228	228
228	373
228	582
2282	2738
2283	2283
2287	3977
2289	2289
2291	2291
2291	2787
2295	2295
2298	2298
2298	2311
2298	2533
23	2450
23	2506
23	3349
23	3519
23	3557
2300	2300
2301	2301
2301	2902
2302	2302
2302	3189
2302	3423
2306	2344
2306	2972
2307	2307
2307	3973
2308	2308
231	1430
231	231
231	3439
231	705
2311	2311
2311	2736
2311	3899
2314	2314
2315	2913
2317	2880
2319	3548
232	1003
232	1629
232	3953
232	550
2321	2801
2325	2325
2325	2821
2325	2973
2327	2327
2327	3980
2328	2328
2328	3177
2330	2330
2330	2364
2330	2755
2330	3254
2330	3380
2331	2331
2331	2634
2333	2536
2335	2335
2335	3189
2335	3768
2337	2337
2337	3178
2338	2338
2338	2614
2341	2341
2341	3053
2344	2344
2344	3786
2346	2346
2346	2528
235	235
2350	2350
2352	2352
2352	2607
2354	2354
2355	2355
2355	3222
2359	2708
2359	2976
2361	2361
2361	2971
2364	2364
2367	2655
2367	2675
2367	3615
2369	2369
2369	2876
2369	3737
237	237
237	2705
237	2762
237	3189
237	3377
237	678
237	957
2370	2476
2370	2666
2370	2806
2370	3349
2370	3505
2370	3519
2371	3262
2371	3268
2372	2372
2372	2585
2372	3696
2374	2374
2374	3854
2375	2375
2375	3139
2376	2414
2376	3232
2376	3535
2376	3907
2378	2378
2379	2465
238	238
2380	2380
2383	2383
2383	2611
2383	3776
2384	2384
2384	3084
2387	2387
2388	2705
2388	3189
2391	2391
2391	3595
2391	3772
2391	3928
2392	2401
2392	3850
2396	2396
2396	2917
2398	2398
2399	2618
24	1647
24	1712
24	1950
24	24
24	3288
24	380
24	427
24	506
24	564
24	863
240	1023
240	1494
240	1993
240	240
240	2971
2401	3850
2406	2946
2407	2407
2408	3035
2408	3567
2409	2409
2415	2493
2415	2756
2415	3299
2415	3784
2416	2416
2418	2648
2418	3130
2419	2419
2419	2529
2419	3188
2419	3908
2419	3952
242	2177
242	2278
242	2346
242	242
242	2528
242	299
242	452
242	456
242	823
242	865
2420	2420
2420	2694
2420	2852
2422	2675
2422	3034
2422	3183
2422	3234
2422	3750
2422	3759
2423	2423
2425	3326
2426	2426
2426	3682
2426	3803
2428	2428
2429	2429
2429	3878
243	2156
243	243
243	2688
243	2987
243	3403
243	345
243	3895
243	433
2432	3902
2436	3825
2437	2437
2437	3545
2437	3933
2439	2679
2439	3342
2441	2441
2443	2443
2444	2444
2444	2869
2445	2445
2447	3270
2447	3435
2448	3181
2449	2449
2449	2647
2449	2790
2449	2885
2449	3213
2449	3337
2449	3392
2449	3491
2449	3602
2449	3704
245	2432
245	245
245	3902
245	450
2454	2454
2456	3006
2457	2648
2457	2751
2458	2458
2459	2459
2460	2460
2461	3863
2462	2462
2464	2464
2465	2629
2466	2466
2466	3189
2467	2467
2467	2749
2467	3593
2467	3884
2469	2469
2470	2470
2471	2471
2471	2665
2471	3464
2471	3515
2476	3349
2477	2477
2479	2479
2479	2780
2479	3651
2479	3866
248	1087
248	1110
248	1569
248	1815
248	2055
248	2260
248	2461
248	248
248	2602
248	2796
248	2885
248	3118
248	3188
248	3228
248	3451
248	3654
248	3863
248	522
248	569
2481	2481
2484	2484
2484	3449
2486	2486
2486	3240
2486	3347
2486	3605
2486	3695
2486	3710
2487	2487
249	249
249	3221
2491	3337
2492	2587
2493	2493
2493	2698
2493	3023
2493	3691
2497	2497
2499	2499
25	1200
25	1258
25	1757
25	2199
25	2275
25	25
25	2664
25	2852
25	3607
25	3732
25	3750
25	3982
25	782
25	948
25	975
250	250
250	472
2500	2586
2500	3860
2501	3001
2502	2502
2506	2506
2506	2592
2506	3148
2507	2866
251	1165
251	2476
251	251
251	2548
2512	2512
2514	2514
2514	2928
2514	3535
2515	2762
2517	2517
2518	2518
2518	2681
2518	2914
2518	3633
252	1851
252	2858
2521	3380
2521	3391
2523	2523
2523	3404
2524	2524
2524	2544
2526	3014
2528	2528
2528	3069
2528	3489
2529	2529
2529	3152
2529	3696
253	2150
253	2265
253	253
253	410
2532	2532
2532	2624
2534	2534
2534	2748
2534	3776
2534	3888
2536	2536
2536	3421
2538	2538
2538	3064
2538	3917
254	2015
254	254
254	2842
254	3101
254	3687
254	3831
254	541
2544	2544
2548	3595
255	2690
256	2532
256	2787
256	2840
2560	2895
2562	2562
2562	3461
2563	2563
2563	2839
2565	2565
2565	3657
2568	2568
2568	2760
2568	2830
2569	2569
257	257
2570	2570
2570	3561
2573	2573
2575	2575
2575	2927
2575	2956
2575	3268
2578	2578
2579	2898
2579	3297
2579	3499
258	1156
258	1404
258	1953
258	2330
258	2449
258	258
258	2790
258	2916
258	3213
258	3249
258	3392
258	3407
258	3491
258	3567
258	3704
258	724
258	864
2581	2581
2585	3776
2586	2586
2587	3121
2588	2762
2588	3317
2595	2595
2596	3712
26	2981
260	260
260	3524
260	893
2600	3619
2602	2602
2602	3118
2604	2604
2604	2611
2604	2765
2604	3004
2604	3410
2604	3976
2605	2605
2605	2657
2606	2606
2606	3865
2608	2608
2611	2611
2616	2616
2616	3117
2616	3229
2621	2621
2622	2622
2622	3941
2625	2625
2628	2628
2628	2811
2628	3700
2630	2630
2630	3380
2630	3985
2632	2695
2632	3121
2633	3553
2634	3427
2634	3607
2635	2784
2639	2639
2639	3405
2639	3433
2639	3755
2642	2904
2643	3339
2645	3484
2648	2648
2648	3130
2649	2649
2649	3170
265	1034
265	1567
265	1607
265	265
265	2830
265	774
2653	2653
2655	2675
2655	3183
2655	3677
2656	2656
2656	3894
2657	2657
2657	2928
2657	3427
266	1269
266	1617
266	1662
266	266
2660	2660
2661	3697
2664	2664
2664	3535
2664	3982
2666	3519
2667	2667
2667	3649
2669	2669
2669	2978
267	1955
267	267
267	3854
2670	2670
2670	2844
2670	3867
2672	2672
2672	2865
2672	3656
2675	3677
2676	3107
2677	2677
2677	3531
2678	2678
2678	2762
2678	2930
2679	2718
2679	2987
2679	3249
2679	3342
2679	3403
2679	3521
268	268
2683	2683
2683	3232
2687	3429
2688	3277
2688	3891
2688	3978
269	958
2690	2690
2690	3015
2690	3231
2690	3270
2694	2694
2694	2852
2694	3585
2696	2696
2696	3415
2696	3612
2698	2698
2698	2910
27	27
270	1152
270	1524
270	1587
270	1757
270	1815
270	1907
270	2041
270	2167
270	2450
270	2498
270	2625
270	2680
270	270
270	3166
270	3654
270	3668
270	3710
270	3787
270	381
270	449
270	866
2700	3169
2701	2701
2702	2702
2704	2704
2704	3260
2705	2705
2705	3189
2705	3270
2707	3140
2708	2708
2708	3375
2711	2736
2712	2739
2712	2811
2713	2713
2713	3838
2718	3034
2718	3234
272	272
2720	2720
2729	2729
273	1143
273	1269
273	1289
273	1768
273	273
273	3212
273	370
2734	3651
2736	2736
2736	2948
2736	3899
2739	2836
2739	3034
2739	3595
2739	3768
274	274
2740	2740
2740	2900
2741	3864
2746	2746
2746	2920
275	275
2751	2751
2751	3525
2753	3356
2756	2756
2756	3034
2758	2758
2758	2987
2758	3249
276	276
2761	2761
2761	3323
2762	2898
2762	3177
2762	3424
2762	3515
2762	3692
2762	3849
2762	3929
2762	3934
2763	3332
2765	3004
2765	3976
277	2021
277	277
2770	2770
2770	2902
2770	3406
2770	3504
2776	2776
2776	3546
2776	3939
2776	3953
278	278
278	3198
278	3489
2781	2781
2781	3033
2788	3141
2788	3220
2788	3955
279	279
2790	2790
2790	3454
2790	3491
2790	3497
2790	3602
2791	2791
2791	3011
2792	2792
2792	2808
2798	2798
28	790
280	280
2800	3906
2801	2801
2801	3817
2802	3697
2803	2803
2803	3434
2804	2804
2806	2806
2806	3379
2806	3433
2806	3519
2806	3532
2808	2808
2808	3222
2808	3918
281	2100
281	281
2811	2811
2813	2813
2818	3090
2819	2819
2819	3689
282	282
2820	2820
2820	3254
2822	2822
2827	2827
2828	2828
2830	2830
2832	2832
2833	2833
2836	2836
2836	3768
2838	2838
2838	3941
284	2080
284	284
284	591
2840	3172
2842	2842
2842	2969
2842	3687
2842	3800
2843	2843
2843	3617
2844	2844
2844	3673
2848	3456
285	1046
285	1819
285	1995
285	2588
285	2597
285	2798
285	285
285	2925
285	2991
285	3061
285	3332
285	3537
285	3899
285	436
285	845
285	949
2850	3846
2851	3039
2851	3095
2852	2852
2852	3316
2852	3941
2856	2856
2858	2858
2859	2859
286	1931
286	2283
286	3022
286	3539
286	371
2860	2860
2860	3707
2863	2863
2866	2866
2866	2961
2866	3175
2866	3625
2868	2868
2869	2892
2871	2871
2871	3881
2875	2875
2875	2878
2876	3481
2876	3491
2879	2879
2879	3662
2884	3179
2884	3772
2885	2885
2885	3188
2890	2890
2891	3771
2891	3801
2892	2892
2893	2893
2894	2894
2895	3115
2895	3395
2895	3586
2898	2898
2898	3327
2898	3964
2899	2899
2899	3039
2899	3095
2899	3827
2899	3910
29	1034
29	119
29	1233
29	127
29	1632
29	2384
29	29
29	2931
29	3084
29	369
29	718
29	781
290	290
2900	3408
2902	3533
2904	2904
2904	3006
2904	3243
2907	2907
2907	2913
2909	2909
2914	2914
2914	3665
2916	2916
2916	3484
2917	3038
2918	3594
292	2670
292	2844
292	292
292	3599
2925	2925
2927	2927
2927	3268
2927	3387
2928	2928
2928	3427
293	293
2931	2931
2936	3229
2936	3693
2939	2939
2939	3095
294	2160
294	2657
294	294
294	3057
294	515
294	652
294	924
2948	2948
2948	3899
2948	3998
2949	2949
2958	3502
296	1012
296	1422
296	1589
296	2259
296	2335
296	2486
296	2828
296	296
296	3316
296	3500
296	3585
296	3605
296	661
296	825
296	918
2961	2961
2963	2963
2964	2964
297	3817
2971	3130
2972	2972
2974	3769
2975	2975
2976	2976
2976	3714
298	2008
298	3249
2982	3870
2983	2983
2984	3145
2984	3188
2987	2987
2987	3249
2987	3721
2988	2988
2989	2989
2989	3479
299	1104
299	1123
299	2120
299	2310
2991	3537
2993	2993
2995	3188
2995	3512
2995	3722
2996	2996
2998	2998
3	1113
3	2106
3	2386
3	3
3	825
300	300
3001	3310
3001	3865
3003	3450
3004	3815
3004	3976
3006	3006
3006	3317
3006	3652
3006	3881
3015	3875
3016	3016
3016	3206
3019	3019
3019	3577
3019	3597
302	1895
302	2372
302	2646
302	302
302	3592
302	381
302	562
3023	3023
3025	3025
3029	3139
303	1729
3033	3033
3033	3275
3034	3034
3034	3278
3034	3768
3036	3036
3037	3406
3038	3038
3039	3095
3039	3827
304	1742
304	1888
304	3889
304	936
3042	3042
3043	3043
3047	3047
3047	3058
3049	3404
3050	3050
3050	3475
3051	3051
3051	3263
3051	3405
3051	3521
3051	3569
3051	3740
3052	3052
3052	3243
3057	3697
3058	3058
3058	3124
306	306
306	845
3061	3995
3062	3062
3064	3070
3065	3713
3068	3068
3068	3370
3068	3585
307	3504
3070	3270
3070	3580
3071	3077
308	1007
308	1560
308	2765
308	2784
308	3004
308	3976
3080	3080
3082	3082
3086	3959
3088	3088
3089	3688
3090	3440
3090	3611
31	1028
31	1398
31	1466
31	2678
31	3481
31	3497
310	2091
310	2586
310	2961
310	3206
310	3430
310	845
3104	3104
3111	3111
3111	3520
3112	3112
3114	3114
3118	3118
3118	3451
312	1048
312	2942
312	531
3121	3121
3125	3125
3129	3129
3131	3744
3132	3132
3141	3141
3141	3220
3141	3955
3142	3142
3143	3183
3144	3144
3145	3188
315	1463
315	1573
315	315
3152	3177
3154	3154
3156	3156
3156	3500
316	2225
316	3141
316	316
316	3220
316	3884
316	621
3166	3166
317	2653
317	354
3170	3170
3172	3172
3178	3969
3179	3179
3179	3435
3183	3183
3183	3383
3186	3186
3187	3187
3189	3189
3189	3234
319	2379
319	2465
319	2629
319	2779
319	319
3192	3192
3192	3321
3193	3193
3195	3195
3196	3196
3196	3642
3197	3539
3198	3198
3198	3489
32	2814
320	320
320	693
3201	3201
3204	3204
3204	3782
3204	3873
3206	3206
3207	3207
3208	3901
321	2043
321	2607
321	321
3213	3497
3217	3217
322	3875
3220	3955
3222	3222
3224	3224
3226	3908
3229	3268
3229	3644
3232	3232
3232	3385
3233	3233
3234	3234
3234	3750
3234	3982
3236	3236
3238	3238
3243	3243
3243	3276
3243	3933
3249	3249
3249	3736
3253	3253
3256	3256
3257	3257
3260	3260
3260	3693
3260	3872
3267	3267
3268	3268
3268	3387
3268	3437
3268	3941
327	2189
327	2355
327	2936
327	3222
327	327
3270	3270
3270	3303
3270	3393
3273	3273
3273	3723
3277	3891
3277	3978
3278	3768
3278	3966
3284	3582
3287	3287
329	1936
329	2029
329	329
329	3470
329	350
329	3715
329	3834
329	3904
3293	3335
3293	3496
3293	3896
3293	3903
3300	3300
3302	3532
3302	3696
3302	3771
331	2698
331	2905
331	331
3318	3318
332	2113
332	332
3321	3321
3321	3463
3327	3423
3328	3328
3328	3488
333	3066
3332	3552
3335	3813
3337	3337
3338	3710
3339	3339
334	2629
3344	3344
3350	3350
3350	3623
3350	3799
3350	3813
3353	3353
3365	3365
3368	3368
3368	3606
3369	3369
3369	3600
337	1141
337	1628
337	337
337	3600
3370	3370
3377	3541
3377	3710
3378	3378
3380	3380
3385	3452
3386	3386
3387	3437
339	1655
339	2781
339	2858
339	3033
3391	3391
3391	3971
3393	3393
3395	3395
34	151
34	3023
34	3289
340	1088
340	1277
340	1341
340	1361
340	3270
340	340
340	3536
340	3875
340	3995
340	494
340	897
340	951
3403	3539
3405	3417
3405	3707
3405	3827
3407	3407
3408	3408
341	2182
3411	3411
3411	3615
3414	3414
3415	3612
3423	3423
3426	3426
3426	3735
343	1576
343	3207
343	343
3433	3433
3435	3776
3437	3772
3437	3928
3439	3439
3442	3442
3442	3567
3445	3445
345	1011
345	1515
345	1522
345	1724
345	1736
345	1886
345	2072
345	2616
345	2718
345	3034
345	3299
345	345
345	3521
345	3685
345	3750
345	400
345	458
345	799
3457	3988
346	346
3468	3468
3468	3566
3482	3482
3485	3485
3486	3486
3488	3488
3489	3489
349	1996
349	349
3490	3490
3491	3491
3491	3602
3493	3493
3496	3496
3497	3497
3497	3602
35	270
35	741
350	1936
350	350
3504	3692
3504	3899
3504	3934
3505	3505
3505	3519
351	1347
351	1361
351	2227
351	2443
351	2790
351	3396
351	351
351	3547
351	3674
351	3777
351	529
351	719
351	776
3510	3510
3512	3512
3513	3513
3519	3519
352	1369
352	1410
352	1496
352	2041
352	2681
352	3499
352	352
352	408
352	461
3520	3520
3522	3522
3522	3587
353	3821
353	605
3531	3531
3531	3657
3532	3532
3532	3696
3535	3535
3536	3536
3536	3875
3537	3537
354	1057
354	2003
354	2347
354	2370
354	3064
354	3070
354	3270
354	354
354	3651
354	3820
354	654
3541	3710
3544	3544
3545	3933
3548	3548
355	2464
355	355
355	791
3557	3557
3559	3559
3559	3807
356	1021
356	1622
356	2170
356	2201
356	2449
356	2559
356	3353
356	3392
356	3732
356	384
356	552
356	724
356	729
356	794
356	848
356	927
3562	3562
3562	3966
3565	3565
3565	3941
3566	3566
357	2344
3576	3576
3577	3991
3580	3580
3593	3593
3593	3884
3595	3595
3595	3879
3599	3599
36	36
360	3615
360	3654
360	541
3600	3600
3600	3966
3604	3604
3606	3606
3607	3607
361	1018
361	1582
361	1779
361	2076
361	2538
361	2673
361	3121
361	361
361	490
361	565
361	652
3612	3612
3615	3615
3618	3618
3618	3701
362	2534
3622	3622
3622	3792
3625	3625
3626	3862
3627	3627
3627	3817
363	3142
363	363
3630	3630
3632	3632
3633	3633
3638	3638
3641	3641
3646	3753
3648	3648
365	1038
365	1805
365	3086
365	3241
365	365
365	3959
3651	3651
3655	3655
3655	3682
3657	3657
3659	3659
366	1118
366	3547
366	3650
366	366
366	464
366	484
3662	3704
3663	3663
3668	3668
367	1165
367	1734
367	2548
367	367
3673	3673
3674	3674
3677	3677
3683	3683
3687	3800
369	1120
369	2931
369	3439
369	3655
369	369
369	939
3690	3690
3692	3934
3693	3693
3693	3809
3696	3696
3696	3771
3696	3801
3697	3697
3698	3939
370	1289
370	2797
370	658
3700	3700
3700	3728
3702	3702
3704	3704
3705	3705
3706	3706
371	1155
371	1308
371	1438
371	1678
371	1765
371	1979
371	2415
371	2675
371	2679
371	2718
371	2756
371	3034
371	3299
371	3539
371	371
371	545
3711	3711
3714	3714
372	372
3722	3722
3723	3723
3728	3728
373	1341
373	1635
373	2359
373	540
373	797
373	866
3732	3807
3732	3982
3735	3735
3743	3743
3744	3744
375	1975
375	2872
3750	3982
376	2002
3764	3764
3768	3768
377	2228
377	377
3770	3770
3771	3771
3771	3801
3772	3772
3772	3928
3776	3776
3776	3888
3778	3778
378	378
3783	3783
3783	3930
379	1948
379	3566
379	379
3796	3796
38	2355
38	327
38	38
38	656
380	1160
380	1712
380	1922
380	506
3807	3807
381	1895
381	3622
381	3792
381	381
3817	3817
3818	3818
382	2211
3820	3820
3827	3827
3832	3832
3837	3837
3839	3839
384	1021
384	1622
384	1680
384	1815
384	2000
384	2174
384	2415
384	2559
384	2876
384	3353
384	3445
384	3491
384	3497
384	3520
384	3602
384	3654
384	384
384	552
384	569
384	744
384	765
384	848
3845	3845
385	1004
385	1108
385	1457
385	1806
385	2552
385	3378
385	3565
385	385
385	3941
385	713
3862	3862
3863	3863
3865	3865
3866	3866
3867	3867
3869	3869
3870	3870
3872	3872
3875	3875
3880	3880
389	3013
389	389
3891	3978
3904	3904
3906	3906
3915	3915
3917	3917
3919	3919
392	3753
392	392
3929	3929
393	1484
393	1627
393	2032
393	3929
393	393
393	722
393	764
3933	3933
3934	3934
3936	3936
3941	3941
3942	3942
395	2432
395	3391
395	3772
395	395
395	3971
395	529
3952	3952
396	1155
396	1438
396	1460
396	1678
396	2020
396	2156
396	2718
396	3247
396	3263
396	3403
396	396
396	433
396	718
3960	3960
3964	3964
3966	3966
397	681
3972	3972
398	2061
398	398
3985	3985
399	399
3992	3992
3995	3995
3999	3999
4	2076
4	2546
4	4
4	857
40	1175
40	1220
40	1424
40	1821
40	1980
40	201
40	2711
40	2781
40	2811
40	40
40	913
402	1081
402	1217
402	1300
402	1312
402	2010
402	2655
402	3897
402	402
403	3820
403	403
404	1069
404	404
405	1749
405	3103
405	405
407	1030
407	3861
407	407
408	1265
408	1948
408	2110
408	2144
408	2298
408	2515
408	2641
408	2703
408	2762
408	2895
408	3015
408	3020
408	3270
408	3700
408	408
408	449
408	494
408	631
408	693
408	843
408	996
410	1694
410	1701
410	2150
410	2582
410	2714
410	3075
410	3257
410	937
411	2230
413	2728
413	504
413	666
414	2466
414	3525
414	422
416	1948
417	1085
417	1523
417	1648
417	2500
417	3613
417	417
417	667
419	1893
419	2622
420	1664
420	3530
420	3932
420	420
422	2466
423	423
425	1555
425	1583
425	1920
425	3841
425	425
425	845
425	991
426	1509
426	693
426	807
427	2486
427	3288
428	1146
428	2185
428	428
429	1190
429	2057
429	2632
430	1638
430	2151
430	733
431	2298
431	431
433	1519
433	1678
433	2156
433	2718
433	3376
433	433
434	2803
434	3434
434	576
434	579
435	1325
435	3222
444	2391
444	2462
444	2845
444	3854
444	505
445	2660
446	446
446	454
449	1229
449	1571
449	1631
449	2180
449	2359
449	2515
449	2641
449	3015
449	3567
449	449
449	996
45	2565
45	45
450	2112
450	2887
450	3902
450	450
452	1186
452	1220
452	1430
452	1490
452	1497
452	1598
452	1606
452	2209
452	2372
452	2776
452	3202
452	3430
452	3465
452	3546
452	3908
452	797
452	865
454	1075
454	1541
454	2029
454	2075
454	2102
454	2345
454	3232
454	3904
454	454
456	3497
457	2705
457	3776
457	3797
458	2079
458	2408
458	2679
458	458
458	757
458	802
460	1332
460	832
461	1100
461	1369
461	461
461	550
461	557
461	880
463	2423
463	2557
463	463
464	1052
464	1118
464	1719
464	3118
464	3188
464	3568
464	464
464	792
467	1022
467	3382
467	467
469	1056
469	469
47	47
470	2335
470	3423
471	2166
471	471
472	2949
472	472
474	1653
474	2595
474	474
474	562
474	631
475	2151
475	2844
475	475
477	477
478	1907
478	3491
478	478
480	2740
480	480
480	694
480	974
483	2228
483	3439
483	483
484	2119
484	3145
486	2906
486	486
487	487
49	1702
49	3368
49	49
49	634
490	2475
490	2587
490	3121
490	490
492	1079
492	1289
492	1316
492	1365
492	1512
492	1808
492	1826
492	2235
492	3212
492	3975
492	492
494	1108
494	1445
494	2003
494	2110
494	2690
494	2803
494	494
495	1616
495	3237
495	3349
495	3368
495	495
495	766
497	1294
497	1455
497	2205
497	2711
497	2736
497	497
497	866
500	500
502	3619
503	2150
503	2330
503	2449
503	2507
503	2755
503	2790
503	2866
503	2916
503	3175
503	3353
503	3491
503	3625
503	503
503	552
503	724
503	917
504	1294
504	2728
504	504
504	666
505	1411
505	2679
505	2712
505	2739
505	3768
505	3881
505	3928
505	843
505	951
506	1018
506	1160
506	1232
506	1500
506	1647
506	1712
506	1922
506	2322
506	506
506	975
508	1168
508	2513
508	2824
508	3348
508	3534
508	508
508	950
51	1165
51	1309
51	1438
51	145
51	1519
51	1555
51	1610
51	1841
51	2119
51	2185
51	2415
51	269
51	2690
51	2762
51	3189
51	3302
51	3523
51	3772
51	454
51	51
51	842
51	865
510	1959
512	2726
515	3697
515	3964
515	3982
515	515
515	551
515	797
515	809
518	1736
518	3234
518	3497
518	518
52	3904
520	520
520	591
520	808
521	521
522	1087
522	1278
522	1569
522	1815
522	2227
522	2260
522	2602
522	2796
522	3118
522	3451
522	3654
522	522
522	569
523	1569
523	3120
523	3204
523	3782
523	3815
523	523
523	534
523	634
523	828
524	1061
524	1328
525	525
528	3492
528	528
528	706
529	3391
529	3971
529	798
53	53
530	1706
530	530
531	531
532	3439
533	533
535	2262
535	535
537	537
539	1043
539	1476
539	2457
539	2648
539	3682
539	539
539	872
54	402
540	1129
540	1190
540	1341
540	1468
540	2403
541	1132
541	1311
541	1433
541	2153
541	2416
541	2776
541	2842
541	2969
541	3687
541	3698
541	3939
541	541
541	730
543	1610
543	1805
543	2490
543	2528
543	3521
543	954
543	955
545	3197
545	3539
545	545
546	1266
546	1486
546	2251
546	2975
546	3235
546	546
550	1309
550	1887
550	2149
550	2467
550	3426
550	550
550	732
551	3964
552	1052
552	1259
552	1344
552	1466
552	1475
552	1933
552	2000
552	2100
552	2559
552	2876
552	3257
552	3353
552	3520
552	3640
552	3723
552	3971
552	552
552	848
552	927
552	998
553	1129
553	1665
553	2149
553	2403
553	3058
553	553
553	941
555	2188
556	2660
556	2858
556	998
557	880
560	730
560	898
560	975
561	2174
561	744
562	2603
562	562
562	854
563	2624
563	563
565	1018
565	1827
565	2673
565	3512
566	2690
566	566
567	1476
567	1930
567	2090
567	2130
567	3219
567	567
568	1588
569	1931
569	1966
569	2449
569	2602
569	2876
569	3118
569	569
57	1810
57	2902
57	57
570	1222
570	3881
570	570
570	631
571	1402
571	1919
571	2806
571	3634
571	3929
571	571
571	969
573	573
574	2317
574	2880
574	3758
574	596
576	2803
577	1159
577	2553
577	654
579	1473
579	3115
579	3179
580	580
581	2790
581	3454
582	1098
582	1477
582	582
584	1006
584	1007
584	1125
584	2765
584	3004
584	3272
584	3976
584	584
586	1024
586	1142
586	2671
586	2714
586	586
587	1033
587	1281
587	1550
587	2635
587	2746
587	2920
587	749
587	948
588	2307
588	3973
588	630
589	1369
589	1568
589	589
590	1680
590	1849
590	2491
590	3497
590	590
590	864
591	591
591	808
592	1016
592	1241
592	2538
594	2459
594	594
596	3758
596	596
598	1013
598	1440
599	2967
599	3437
599	3746
599	599
6	1588
6	164
6	1753
6	1757
6	3446
6	948
60	210
600	600
600	622
603	3933
603	603
604	604
605	2423
605	3682
605	3821
605	605
606	1303
606	3709
606	606
607	607
608	1147
611	1038
611	1805
616	1795
616	1821
616	1962
616	2232
616	2388
616	2465
616	2705
616	3033
616	616
616	631
616	899
616	957
617	1183
617	737
618	1165
618	618
62	2287
620	1486
620	1767
620	2762
620	3728
621	1818
621	1868
621	2325
621	2821
621	2973
621	3884
622	1404
622	1940
622	2194
622	3042
622	3342
622	622
622	748
622	985
626	1193
626	1698
627	1386
627	2318
627	627
628	2346
628	2528
628	628
629	1723
629	2981
629	2996
629	629
63	63
630	2736
630	2975
630	630
631	1033
631	1045
631	1222
631	1962
631	2209
631	2225
631	2559
631	2682
631	2790
631	3226
631	3491
631	3497
631	3593
631	3602
631	3700
631	3849
631	3881
631	3884
631	631
631	668
631	749
632	2813
632	632
633	1257
633	1630
633	633
634	3505
634	3557
634	634
634	803
638	2807
638	3374
638	638
639	1825
639	2337
639	3178
639	3255
64	3042
640	2124
640	2749
641	2905
641	798
645	1456
645	645
646	1259
646	927
65	1155
65	2756
65	3034
65	3263
65	3354
65	396
65	65
652	2657
652	2673
652	3512
652	652
652	924
654	2347
654	3556
654	845
656	656
658	1469
658	3896
660	660
661	3316
661	3781
661	978
664	2505
666	1885
666	2264
666	2728
667	1085
668	1962
668	2892
67	1248
67	155
67	1662
67	1855
67	1995
67	2292
67	2413
67	285
67	2925
67	3769
67	436
67	630
67	67
67	797
67	809
671	3707
671	671
673	3593
673	673
674	3774
675	1548
675	3581
676	1411
676	2071
676	690
678	3995
679	3904
68	1403
68	1801
68	2887
68	3125
68	450
68	68
681	1949
682	2939
684	2403
685	1569
685	685
687	1344
687	1561
687	2000
687	3257
687	3967
687	687
688	1393
688	688
689	3697
689	3778
689	689
689	728
69	1280
69	1361
69	1622
69	2142
69	2227
69	3183
69	3383
69	3451
69	3452
69	3709
69	606
69	880
69	951
690	2656
690	3894
690	690
690	919
691	1232
691	2212
691	691
693	1079
693	1205
693	1316
693	1411
693	1864
693	1948
693	2268
693	2479
693	2529
693	2936
693	3229
693	3559
693	3588
693	3595
693	3644
693	3650
693	3667
693	3696
693	3975
693	693
693	758
693	965
694	1363
694	1485
694	1765
694	2651
694	2740
694	3241
694	3408
694	694
694	974
695	1181
695	2838
695	942
696	1751
696	696
698	1954
698	698
7	151
7	3398
7	34
7	7
70	1893
70	2325
70	2821
70	2973
70	3478
70	70
701	701
701	876
703	703
704	1303
704	2462
704	2711
704	704
704	778
705	1184
705	1430
705	2928
705	3465
705	939
707	3814
707	707
71	1720
71	2527
71	639
71	71
711	2128
711	3414
712	3927
712	712
713	1925
713	2075
713	2200
713	2267
713	2515
713	3179
713	3904
713	713
713	777
718	1319
718	2191
718	2367
718	2655
718	2675
718	3383
718	3677
72	2335
72	285
72	72
720	720
721	1444
721	2004
721	2774
722	1548
722	1815
722	2401
724	1600
724	2267
724	2330
724	2885
724	2890
724	2916
724	3491
724	724
724	888
724	913
725	1109
726	1492
726	2895
726	3586
726	726
727	1407
727	2467
727	2515
727	2749
727	727
727	732
728	2471
728	3464
728	728
729	1244
729	1469
729	1641
729	2142
729	3335
729	3350
729	3813
729	3903
729	729
73	3989
730	1018
730	1608
730	1658
730	2333
730	2536
730	2627
730	2802
730	3439
730	3668
730	3697
730	3732
730	730
730	975
732	1887
732	2227
732	2467
732	3837
732	732
733	1638
733	2257
733	733
733	940
734	1725
734	1916
734	2409
735	1011
735	1454
735	1843
735	1973
735	2367
735	735
737	1183
738	738
739	1075
739	1490
739	2130
739	739
74	1424
74	2015
74	3101
74	902
741	1820
741	741
742	2993
742	939
744	1344
744	2174
744	2369
744	3257
744	744
744	765
746	1075
746	2054
748	3834
748	748
749	1033
749	1660
749	2227
749	2635
749	3213
749	3451
749	749
75	1348
75	1450
75	1558
75	1656
75	2273
75	242
75	2688
75	299
75	3232
75	3268
75	3691
75	3750
75	3891
75	3982
75	458
75	75
750	750
754	3071
754	3077
755	755
757	1734
757	2899
758	1003
758	1079
758	1131
758	1223
758	1250
758	1327
758	1785
758	1808
758	1864
758	2372
758	2846
758	2936
758	3212
758	3229
758	3644
758	3799
758	3968
758	3975
758	758
758	830
758	861
761	1620
761	2456
761	2607
761	2981
761	3147
761	761
763	763
764	764
765	1561
765	1595
765	1680
765	2174
765	2371
765	3262
765	3672
766	1616
766	2578
766	3349
766	3368
766	919
767	1893
767	2622
767	3941
768	991
769	2812
77	3177
772	2688
772	772
773	2593
774	1607
774	1973
774	2365
774	3103
774	774
776	3777
776	776
777	1925
782	1661
782	782
784	1303
784	3547
784	784
785	3889
788	2901
790	2259
791	1815
791	2598
791	791
792	1534
792	1625
792	2259
792	2634
792	2744
792	2788
792	2917
792	3298
792	792
794	2170
794	2201
794	794
796	796
797	1424
797	1437
797	1449
797	1769
797	1821
797	1906
797	2359
797	2632
797	2762
797	3379
797	3541
797	3964
797	3982
797	797
797	809
797	814
797	840
797	841
798	2330
798	2992
798	3081
798	3310
798	3391
799	1522
799	1724
799	1747
799	1761
799	2678
799	2688
799	2718
799	3034
799	3097
799	3521
799	3895
799	3978
799	799
8	1559
8	2588
80	3201
80	80
802	1104
802	1155
802	1217
802	1656
802	2100
802	2513
802	2879
802	3278
802	3895
802	802
802	878
803	1173
803	3225
803	3505
803	803
804	804
806	3474
806	806
807	1195
807	2058
807	2100
807	807
807	985
809	1171
809	1265
809	1566
809	1880
809	3423
809	3710
809	3964
809	809
809	840
81	1734
81	2376
81	2683
81	3232
81	3532
81	3746
81	712
81	81
810	1828
811	1157
811	3817
811	848
812	812
814	1186
814	2406
814	814
817	2016
817	817
819	2905
819	819
82	685
820	2887
820	3249
820	820
823	1341
823	1537
823	1559
823	1880
823	2177
823	2898
823	3156
823	3165
823	3232
823	823
823	962
824	1463
824	824
825	2486
825	3240
825	3695
825	825
825	918
827	1483
827	2720
828	3782
83	1190
831	3867
832	1332
834	1034
834	2661
834	3597
834	940
835	1021
835	2885
835	2984
835	3188
835	835
836	836
837	1070
837	2265
839	1001
839	1671
839	3882
839	839
84	2209
84	2225
84	2307
84	2344
84	2419
84	2781
84	84
840	1942
840	1951
840	3377
840	3541
841	1821
841	2359
841	2806
841	3234
842	2676
842	2995
842	3131
842	3302
842	3523
842	858
843	1175
843	1341
843	1449
843	1769
843	1948
843	2200
843	2262
843	3064
843	3437
845	3079
845	3556
845	845
846	2229
846	2262
848	1157
848	1648
848	848
848	896
85	2211
852	1841
852	2762
852	3424
858	1046
858	1369
858	1617
858	1706
858	1818
858	1893
858	1914
858	2925
858	3031
858	3131
858	3744
858	858
858	916
86	3530
86	3932
86	420
86	86
861	3968
864	1086
864	1203
864	1404
864	1450
864	2449
864	2491
865	865
866	1152
866	1308
866	1635
866	1747
866	2234
866	2679
866	2718
866	2736
866	2811
866	3768
866	866
866	996
87	2858
87	654
870	1445
870	2057
870	2110
870	2632
873	2224
873	3358
875	3535
876	1073
876	1509
876	1752
878	2314
878	2437
878	3933
880	3559
882	1504
882	882
884	1998
884	2181
884	884
886	1893
886	2259
888	2376
888	3039
888	3593
888	888
889	1857
89	3493
890	2248
891	1287
891	1587
891	891
893	1613
893	1778
893	3524
893	893
894	2492
894	2587
894	3121
897	1092
897	1484
897	1849
897	2449
897	2493
897	3189
897	3249
897	3662
897	3704
897	3736
897	3895
897	897
90	1888
90	2538
90	2934
90	90
900	2606
900	900
902	1424
902	1437
902	1754
902	902
903	1444
903	903
905	1009
905	2820
905	3254
905	905
905	968
906	2331
91	471
912	2425
912	912
913	1080
913	1087
913	1680
913	1980
913	2205
913	2630
913	2711
913	2736
913	2955
913	3416
913	3529
913	3728
913	913
915	915
918	2486
918	3240
919	1616
919	2024
919	919
92	92
920	920
923	1442
923	2960
923	923
924	1123
924	1149
924	2657
924	2802
924	3427
924	924
925	1389
925	1490
925	1808
925	1880
925	2467
925	2616
925	3302
925	3327
925	925
925	993
927	1259
927	2523
927	2879
927	927
929	1157
929	1622
930	2765
930	3004
930	3753
930	3976
930	930
936	1686
936	1742
936	2149
937	1765
937	2900
937	937
938	1117
938	2954
939	1120
939	2208
939	2418
939	2842
939	3130
939	3655
939	3687
939	939
94	94
940	1712
940	1793
940	1824
940	2811
940	3597
940	3807
940	940
941	1488
941	3504
941	941
942	2838
943	1078
943	1937
945	1190
945	2298
946	946
947	1467
947	3797
948	1200
948	1210
948	1258
948	1292
948	1357
948	1757
948	1819
948	2128
948	2167
948	2199
948	2450
948	2486
948	2581
948	2635
948	2694
948	2746
948	2852
948	2894
948	2920
948	2968
948	3068
948	3298
948	3607
948	3982
948	948
949	1468
949	1543
949	1706
949	2298
949	2499
949	2762
949	3297
949	3367
949	3565
949	949
95	1004
95	3565
95	385
95	3941
95	3955
95	949
951	1007
951	1165
951	1361
951	1593
951	1769
951	1931
951	1948
951	2184
951	2391
951	2439
951	3437
951	3772
951	3928
951	3981
951	951
953	1022
953	2401
953	2529
953	2662
953	3595
953	3696
953	3950
953	953
954	2490
954	954
955	1169
957	2388
958	1992
958	2470
958	2879
962	962
965	1948
967	1875
967	3217
968	2820
969	1402
971	971
972	1286
973	2486
973	3327
973	973
974	2900
974	3408
975	1018
975	1647
975	2450
975	975
976	3818
978	3781
978	978
979	1108
979	3234
980	1580
983	2733
983	983
984	3766
984	984
985	1458
985	1720
985	1940
985	2194
985	2527
985	985
986	1417
986	2798
986	986
988	3518
990	990
991	1583
991	3458
991	991
993	1970
993	2449
993	2786
993	2845
993	2876
993	3491
993	993
996	1152
996	1242
996	1318
996	1486
996	1948
996	2113
996	2579
996	2703
996	2762
996	3297
996	3499
996	3710
996	3872
996	996
996	997
997	1918
997	2703
997	997
998	1622
998	1728
998	1933
998	2207
998	998
999	999
