#Nodes	4000
#Edges	580
1003	1327
1006	1125
1018	3697
1022	1881
1022	2946
1022	3595
1022	3696
1024	2899
1024	3910
1027	1786
1027	3112
1034	1818
1039	2923
1048	1569
1057	3838
1059	1091
1059	2664
1059	2686
1059	3001
1059	3982
106	2626
1060	2138
1065	1093
1079	1278
11	1463
11	2513
11	3299
1104	1911
1104	2582
1108	1918
1109	2467
111	444
1114	2515
1115	3195
1123	1149
1123	2657
1129	2370
1134	2827
1139	1735
1142	2714
1149	2657
1156	1953
1156	3407
1159	2283
1160	1647
1165	1450
1171	3276
1173	3111
1179	2001
1179	3036
1180	1656
119	1463
1196	1583
1196	3054
120	3234
1217	3034
1224	1754
123	3699
1232	1951
1233	2466
1239	2683
124	1003
124	1327
124	1682
1248	1486
1248	3529
1259	2371
1259	3262
126	1221
126	3753
126	392
127	2198
127	2790
1281	2635
1288	1449
1288	3776
1289	1512
1289	1710
1289	3654
1289	3953
1289	3975
1290	2677
1294	2736
1304	3196
133	2614
1335	2642
1341	2298
1341	3064
135	2079
1352	1998
1369	2027
1389	3061
1404	3064
1405	2029
1406	2534
1411	3776
1412	3845
1431	1849
1431	3502
1449	1519
1449	3231
1449	3715
1449	3772
1449	3928
1460	1536
1463	1642
1472	2570
1472	3156
1472	3443
1477	2298
1484	2493
1484	3704
1490	3467
1490	3546
1495	2332
1518	2915
1519	3954
1543	2113
1543	2515
1559	1632
1559	2302
1563	2516
1570	3925
1574	1734
1576	3535
1578	1911
1578	2785
1579	2917
158	2811
1610	3477
1620	2456
1631	3070
1646	3015
1655	3789
1655	3841
1656	3257
1659	2007
166	3614
167	3904
1677	2573
1680	2100
1694	3870
1704	3132
1710	3285
1710	3975
1716	3393
1722	2608
1725	1916
173	1248
1733	2442
1746	2279
1754	2234
1754	3302
176	1205
176	3815
1787	3655
1795	2212
1801	3997
1806	3378
1808	3968
1809	3174
1809	3888
1829	2776
1841	2922
1842	3490
1846	2428
1849	3041
1868	2356
188	2862
188	3085
188	3399
1880	3061
1880	3327
1881	3650
1881	3696
1893	2788
1893	3154
1893	3955
191	2483
1911	2523
1911	2785
1914	3430
1935	2740
1950	2471
1950	3992
1953	3407
196	3879
196	661
1960	2147
1989	2368
199	458
1994	2734
1994	3595
1994	3651
1999	3991
2000	2871
2000	2885
2000	3257
2000	3350
2000	3699
2000	3847
2001	2442
2001	3416
2003	3231
2007	2200
2007	2383
2024	2604
2036	2476
2041	3270
205	2111
2055	3152
2055	3953
2061	3601
208	1232
2100	3278
2100	3966
2109	3652
2111	2928
2115	2536
2120	2185
2120	2317
2120	2690
2124	2838
2128	2975
2138	3202
2138	3654
2138	3689
2142	3183
2142	3383
2163	2381
2167	2450
2185	2690
2198	3491
22	2835
220	610
2211	3955
2212	3781
2214	3711
2225	2653
2229	2585
2229	3470
2229	3949
2234	3141
2248	2328
2248	2449
2248	3213
2253	3088
2285	2490
2287	2885
2287	3977
2301	3423
231	2061
231	2153
231	3601
2314	3017
2330	2755
2335	3061
2338	3360
2341	3053
2364	3953
237	2316
237	3189
237	3818
237	957
2371	3262
2372	3958
2376	2414
2376	3619
2386	3186
24	427
24	506
2416	3226
242	2120
242	2177
242	3497
242	456
242	616
244	312
2447	3015
2447	3231
2447	3270
2449	3213
2462	3788
2466	3701
2471	2603
2475	2858
2477	3125
2486	3240
2489	3186
2492	3949
2493	2630
2493	3745
25	1426
25	2245
250	472
2514	3908
2525	2922
254	1659
2546	3121
2546	3973
2560	2895
2570	3242
2570	3561
258	2517
2587	3121
2596	3712
2606	3865
2633	3553
2636	3257
2649	3170
2653	3595
2656	3894
2657	3452
267	1955
267	384
2679	3342
2679	3768
2690	3715
2694	2852
270	1757
270	2167
270	2450
270	328
2718	3234
2718	3750
2734	3651
2746	2920
2748	3174
2762	2898
2762	3515
2788	3154
28	449
2802	3711
281	2100
2813	3488
2842	3687
2858	3393
2862	3399
2885	3188
2885	3699
2899	3910
2922	3231
294	2160
294	515
294	924
2946	3696
2962	2969
2976	3657
299	1656
299	2120
299	3268
299	610
3002	3243
3009	3528
3068	3370
3071	3077
3099	3714
313	1933
315	1573
3152	3285
3154	3955
3170	3931
3178	3566
3183	3383
3188	3529
3202	3689
3242	3561
3273	3723
3342	3768
3365	3986
338	2652
3442	3854
345	2718
345	2836
345	3750
3452	3525
3490	3881
351	3674
3529	3870
353	3821
3530	3932
354	2479
354	749
3541	3647
3547	3571
3593	3953
3595	3696
364	1280
365	3753
366	1118
366	1710
366	1881
366	3152
366	3650
366	492
367	1842
367	3586
3687	3800
369	3750
3704	3969
3715	3772
3718	3928
373	2057
373	2355
3837	3955
384	1318
384	1955
384	552
384	848
392	3753
393	1627
393	3426
393	722
40	1220
40	902
407	3861
408	1543
408	1948
408	2515
410	3034
414	3904
420	3530
420	3932
425	1583
427	2657
43	345
444	719
449	2547
449	621
449	996
452	2528
452	778
453	1880
456	3497
462	2262
463	2163
463	2381
47	1895
47	3049
470	3964
470	809
475	2844
490	3089
492	1289
492	1365
492	3975
497	2473
497	2541
503	2866
503	842
505	2739
506	1160
506	1647
506	2322
508	2100
508	3966
509	3649
51	668
515	924
520	808
521	2214
521	3711
524	1061
529	2476
529	3490
529	3881
530	1472
532	1964
540	2057
541	2962
541	2969
55	357
552	848
553	3058
553	713
562	3950
565	1582
568	758
569	2838
569	848
571	1402
576	2994
58	521
582	1477
582	2298
583	1733
583	2442
589	1369
589	2027
591	1216
616	2177
616	2493
618	803
632	2813
638	2109
638	2807
661	3879
668	3723
67	1248
67	2018
677	2426
687	3257
690	1564
690	3894
693	1710
693	1808
693	1948
693	2585
693	2748
693	3152
693	3212
693	3285
693	3968
693	758
698	1954
70	2383
70	3471
707	3814
708	1716
711	2128
713	3179
717	2622
721	3096
721	3188
728	2649
749	3538
758	1303
758	1808
758	2235
758	3212
758	3968
761	1993
792	1659
792	2276
792	3878
803	1173
806	3474
808	1020
808	3405
81	3746
814	3463
825	2486
825	3240
836	1544
842	2866
845	3006
853	2174
866	2041
866	3923
870	1341
870	2327
870	3393
884	2519
886	3837
886	3955
90	621
902	1175
902	1424
902	1821
91	471
913	1980
92	1018
931	2212
939	2208
940	1653
940	1793
940	1824
940	2073
940	2752
940	3597
948	2199
95	3565
95	3955
951	3981
953	2401
957	3818
965	1411
985	2527
996	1880
996	3541
