#Nodes	4000
#Edges	9879
1	1
1	1289
1	1541
1	1908
1	2004
1	2345
1	2486
1	2567
1	2772
1	3216
1	3500
10	10
10	1258
10	1307
10	1384
10	1719
10	193
10	2709
10	2896
10	2916
10	3691
10	37
10	478
10	948
100	100
100	1315
100	2993
100	565
1000	1935
1001	1512
1001	3382
1002	1002
1002	2995
1002	3114
1002	3661
1003	1003
1003	1078
1003	1327
1003	2229
1005	1005
1005	1079
1005	1171
1005	2175
1005	2177
1005	2249
1005	2392
1005	2660
1005	2767
1005	2963
1005	3114
1005	3168
1005	3252
1005	3276
1005	3436
1005	3735
1005	3779
1005	3828
1005	3904
1007	1007
1007	1545
1007	2262
1007	3126
1007	3628
1007	3927
1008	1008
1008	1610
1008	1931
1008	3540
101	101
101	1447
1010	1010
1010	3721
1011	3765
1012	3288
1012	3455
1014	1014
1015	3272
1015	3982
1016	1067
1016	1071
1016	1247
1016	3668
1017	3110
1017	3380
1017	3408
1019	1874
1019	1931
1019	2006
1019	2517
1019	3041
1019	3094
102	102
1020	1020
1020	2079
1020	3397
1021	1021
1021	1235
1021	1595
1021	1622
1021	1925
1021	2347
1021	2454
1021	2911
1021	3176
1021	3257
1021	3491
1021	3562
1021	3723
1021	3922
1022	3696
1023	1023
1023	1144
1023	1700
1023	2776
1023	2931
1023	2971
1025	1198
1025	1217
1025	1363
1025	2574
1025	3348
1026	2211
1028	1094
1028	2430
1028	3260
1028	3561
103	103
103	152
103	2258
103	3005
103	535
103	747
103	773
1031	1767
1031	2790
1031	2848
1032	1032
1032	1556
1033	1610
1035	1920
1035	2266
1035	3276
1035	3301
1035	3518
1037	1037
1037	1637
1037	2888
104	104
104	1666
104	1766
104	291
104	3042
104	3388
1040	1040
1041	1041
1041	1067
1041	1591
1041	1841
1041	1890
1041	2057
1041	2062
1041	2095
1041	2110
1041	2290
1041	2410
1041	3231
1041	3270
1041	3595
1043	3821
1044	1948
1045	2584
1046	1046
1046	2373
1046	3723
1047	3149
1048	3711
1049	1049
1049	1075
1049	2486
1049	2550
1049	2768
1049	2837
1049	2925
105	105
105	1154
105	1635
105	1732
105	2074
105	2122
105	2298
105	2403
105	2693
105	2798
105	2840
105	3562
105	3754
105	561
105	572
105	684
105	915
1051	1112
1051	1187
1051	3361
1051	3692
1051	3842
1052	1447
1052	3640
1053	1264
1053	1903
1053	1998
1056	2649
1056	3914
1057	1057
1057	1288
1057	1521
1057	2479
1057	2734
1057	3651
1058	1058
1058	1670
1059	1737
1059	2664
106	106
106	1079
106	1143
106	1289
106	1361
106	1413
106	1791
106	1803
106	1879
106	192
106	1945
106	1948
106	2054
106	2169
106	2196
106	2244
106	2337
106	2347
106	2407
106	2626
106	2660
106	2710
106	2772
106	2774
106	2790
106	2874
106	2911
106	2985
106	302
106	3066
106	3070
106	3226
106	3329
106	3467
106	3491
106	356
106	3593
106	3602
106	3747
106	3771
106	385
106	3879
106	3971
106	406
106	454
106	562
106	620
106	642
106	721
106	724
106	993
1060	1060
1060	1072
1060	1461
1060	1719
1060	2714
1060	3141
1060	3436
1060	3501
1061	1061
1062	3558
1062	3671
1063	1124
1063	2373
1063	2893
1063	3176
1063	3438
1063	3872
1066	1280
1066	1728
1066	2925
1066	3132
1067	1067
1067	1591
1067	2410
1067	2907
1067	3435
1067	3464
1069	1101
1069	1240
1069	1665
1069	3406
1069	3984
1072	1719
1072	2714
1072	3740
1073	1527
1073	2767
1074	1074
1074	2798
1074	3279
1075	1524
1075	1576
1075	1727
1075	2486
1076	1076
1076	1114
1076	1232
1076	1264
1076	1972
1076	2104
1076	3006
1076	3491
1076	3507
1077	1077
1077	1931
1077	2184
1077	2433
1077	2748
1077	2759
1077	2784
1077	3004
1078	1524
1078	2072
1079	1079
1079	1496
1079	1796
1079	2242
1079	2390
1079	2660
1079	2961
1079	3066
1079	3212
1079	3664
1079	3728
1079	3735
108	108
108	1189
108	1262
108	1457
108	1477
108	1512
108	171
108	1734
108	175
108	2204
108	2411
108	2693
108	2776
108	2987
108	3035
108	3248
108	3469
108	3744
108	3808
108	394
108	405
108	491
108	751
108	837
108	901
1080	1080
1082	1090
1082	1408
1082	2963
1082	3134
1082	3499
1083	1083
1083	1409
1083	1777
1083	3151
1083	3313
1083	3434
1083	3853
1084	1084
1084	2118
1084	2777
1085	1085
1085	1257
1085	1524
1085	1727
1085	1734
1085	1796
1085	1889
1085	1897
1085	2242
1085	2331
1085	2373
1085	2386
1085	2946
1085	3164
1085	3518
1085	3608
1085	3963
1085	3967
1089	1198
1089	1485
1089	1935
1089	2490
1089	3044
1090	1196
1090	1408
1092	1092
1092	1525
1092	2517
1092	3589
1093	1093
1093	1956
1093	2061
1093	2484
1093	3697
1094	3073
1098	1477
11	1082
11	11
11	1187
11	1203
11	1278
11	1307
11	1336
11	1421
11	1448
11	1484
11	1602
11	1652
11	1668
11	167
11	1783
11	1803
11	1879
11	193
11	1941
11	2047
11	2098
11	2233
11	2273
11	2328
11	2559
11	2869
11	2963
11	3255
11	3286
11	3532
11	3571
11	3592
11	3704
11	3723
11	3729
11	3735
11	3761
11	3805
11	3847
11	3875
11	3936
11	460
11	478
11	488
11	501
11	669
11	714
11	75
110	1757
110	1774
110	2348
110	3099
110	3427
110	3516
110	3603
110	3697
110	3836
110	498
110	637
110	924
1100	1100
1100	1189
1100	1263
1100	1411
1100	1533
1100	1590
1100	1636
1100	1719
1100	1995
1100	2372
1100	2598
1100	2961
1100	3134
1100	3518
1100	3984
1101	2108
1102	1102
1103	2504
1103	2850
1104	1104
1104	1155
1104	1795
1104	1911
1104	2900
1104	3074
1104	3403
1108	2064
1108	3621
1111	1111
1111	2726
1112	1112
1112	3657
1112	3735
1113	1163
1113	2106
1113	2295
1113	2407
1113	3279
1113	3327
1113	3819
1115	3195
1116	1360
1116	1370
1116	1686
1116	1777
1116	2243
1116	2290
1116	2927
1116	3121
1116	3556
1119	1495
1119	1624
1119	2841
1119	3563
1119	3606
1121	1121
1121	1155
1121	1519
1121	1600
1121	1610
1121	1986
1121	2088
1121	2123
1121	2612
1121	3128
1121	3335
1121	3403
1123	3242
1124	1124
1124	1264
1124	1622
1124	1719
1124	1768
1124	2985
1124	3176
1124	3575
1124	3805
1126	1538
1126	1566
1127	1127
1127	1635
1127	1984
1127	2149
1128	1128
1128	1453
1128	1469
1128	2424
1128	3817
1129	1732
1129	2644
113	113
113	2996
113	520
1130	1130
1130	3209
1130	3697
1132	1132
1132	1367
1132	2065
1133	1190
1133	2122
1133	2311
1133	3899
1134	2827
1134	3085
1136	1136
1136	2555
1136	2748
1136	3004
1137	1137
1137	1146
1137	1197
1137	2185
1137	2972
1137	3228
114	114
114	1373
114	1628
114	2148
114	2454
114	349
114	3497
114	3816
1140	1140
1140	2536
1140	3504
1141	1959
1141	2493
1141	3150
1141	3341
1141	3359
1141	3691
1141	3913
1143	1143
1143	1185
1143	1590
1143	1879
1143	2249
1143	2498
1143	2772
1143	2817
1143	2866
1143	2932
1143	3008
1143	3109
1143	3749
1143	3824
1143	3946
1143	3984
1144	1144
1144	1558
1144	2538
1144	2776
1144	2993
1144	3348
1145	1181
1145	1361
1145	1368
1146	1197
1146	1305
1146	1770
1146	3715
1147	1147
1147	2473
1147	3694
1148	1457
1148	1468
1148	1773
1148	2074
1148	3741
1149	1149
1149	2221
1149	2592
1149	2657
1149	3100
115	1019
115	115
115	1199
115	1331
115	1360
115	1931
115	1986
115	204
115	219
115	2210
115	2238
115	726
1150	1150
1150	1533
1150	1881
1150	2330
1150	2498
1150	2559
1150	2755
1150	3257
1150	3350
1151	1151
1151	1261
1151	2661
1151	2749
1151	3436
1151	3697
1154	1154
1154	1263
1154	1340
1154	2273
1154	2373
1154	2407
1154	2653
1154	3398
1154	3491
1154	3562
1154	3845
1155	1155
1155	1519
1155	1684
1155	2094
1155	2177
1155	2513
1155	2848
1155	3097
1155	3157
1155	3177
1155	3805
1158	1158
1158	1260
1159	1159
116	116
116	1656
116	2342
116	2639
116	2651
116	2835
116	3229
1162	1327
1162	2274
1162	3469
1162	3559
1163	1163
1163	2106
1163	2284
1163	2410
1163	2809
1163	3624
1164	1164
1164	1271
1164	2778
1165	1165
1165	1519
1165	1848
1165	2415
1165	2837
1165	3023
1165	3115
1165	3232
1165	3317
1167	1335
1167	2104
1167	2124
1167	2337
1167	2392
1167	3148
1167	3276
1167	3472
1168	1168
1168	1461
1168	1817
117	1022
117	117
117	1360
117	1717
117	1879
117	2305
117	3551
117	3696
117	3913
117	935
1171	1171
1171	1180
1171	1337
1171	1422
1171	1694
1171	1748
1171	2843
1171	3276
1171	3610
1171	3735
1174	2780
1175	1543
1175	1680
1175	2407
1175	2559
1176	1176
1178	1382
1178	2369
1178	3941
118	1580
118	1695
118	3305
1181	1368
1181	1622
1181	3616
1182	1182
1183	3446
1184	2039
1184	2132
1184	2434
1184	2767
1184	2810
1184	2857
1184	3114
1184	3235
1184	3363
1184	3545
1184	3727
1184	3787
1184	3912
1185	2772
1185	3008
1185	3654
1185	3790
1187	1187
1187	1796
1187	2051
1187	2347
1187	3226
1187	3508
1187	3814
1189	1189
1189	1578
1189	1689
1189	1719
1189	1862
1189	1959
1189	2054
1189	2257
1189	2363
1189	2454
1189	2559
1189	2896
1189	3035
1189	3301
1189	3609
1189	3805
1190	1190
1190	1338
1190	1468
1190	1732
1190	1924
1190	2074
1190	2122
1190	2298
1190	2302
1190	2311
1190	2327
1190	2403
1190	3003
1190	3678
1190	3899
1191	1935
1191	2593
1191	3351
1192	1192
1193	1193
1193	2063
1193	2391
1195	1195
1195	3483
1195	3609
1196	2510
1197	1197
1197	1645
1197	2935
1198	1198
1198	1656
1198	1765
1198	2079
1198	2339
1198	2717
1198	3150
1198	3162
1198	3348
1198	3394
1199	1360
1199	1457
1199	1931
12	1082
12	1086
12	1173
12	12
12	1254
12	1370
12	1612
12	1622
12	1734
12	2026
12	2047
12	264
12	3015
12	3134
12	397
12	460
12	596
12	952
120	1012
120	1085
120	120
120	2331
120	2377
120	2440
120	2635
120	267
120	2847
120	2964
120	302
120	3654
120	3865
120	3941
120	749
120	752
120	801
120	849
1200	1200
1202	1202
1202	1340
1202	2995
1203	1370
1203	1404
1203	1450
1203	1602
1203	1803
1203	1931
1203	2225
1203	2631
1203	2679
1204	1204
1204	1535
1204	1856
1204	1980
1204	3938
1205	1205
1205	1231
1205	2716
1205	3588
1205	3776
1206	1752
1206	3107
1207	1207
1207	2493
1207	3122
121	3063
1211	1211
1211	1245
1211	1480
1211	2965
1212	1212
1212	1902
1212	1956
1212	2479
1212	2640
1212	2708
1212	2806
1212	3180
1215	1215
1215	2035
1215	2171
1215	3668
1217	1217
1217	1384
1217	1558
1217	1656
1217	3051
1217	3342
1217	3348
1217	3380
1217	3750
1217	3940
1218	1218
1219	1219
1220	1220
1220	2164
1221	1221
1221	2250
1221	3484
1221	3753
1223	1223
1223	1327
1224	1424
1224	1754
1224	3869
1225	1225
1225	2189
1225	2192
1225	2808
1227	3001
1228	3873
1229	1821
1229	3343
123	123
1230	1230
1230	1879
1230	2028
1230	3562
1231	1231
1232	1232
1232	1637
1232	1639
1232	1762
1232	1803
1232	2567
1232	3026
1232	3681
1235	1235
1235	1278
1235	1344
1235	1375
1235	1454
1235	1799
1235	2065
1235	2085
1235	2820
1235	2945
1235	3166
1235	3737
1235	3984
1237	1237
1238	1238
1238	1721
1238	2457
1238	2534
1239	1239
1239	2635
1239	3654
1239	3825
124	1146
124	1197
124	124
124	1731
124	1770
124	2229
124	705
1240	1240
1240	2468
1241	1241
1241	1686
1241	2587
1241	2661
1241	2934
1242	1242
1242	1551
1242	2161
1242	2373
1242	2559
1242	2797
1242	2953
1242	3176
1242	3805
1242	3813
1243	1243
1243	2699
1244	1339
1244	1549
1245	1245
1245	1480
1245	1742
1245	2057
1245	2965
1245	3151
1245	3434
1246	3715
1247	1295
1247	1832
1247	1862
1247	2245
1247	3860
1248	1248
1248	1486
1248	1490
1248	2292
1248	2672
1248	3031
1248	3066
1248	3616
1248	3870
125	125
125	1562
125	2754
125	3574
125	740
125	888
1250	1250
1250	1785
1250	3644
1251	1251
1251	1746
1253	1253
1253	1369
1253	2510
1253	2975
1255	1570
1256	1369
1256	2529
1256	2903
1256	3285
1257	1257
1257	1291
1257	1378
1257	1792
1257	2113
1257	2124
1257	2373
1257	2410
1257	2567
1257	2693
1257	2866
1257	2946
1257	2961
1257	3566
1257	3868
1259	2541
1260	1260
1261	1261
1261	2486
1263	1969
1263	2245
1263	3566
1264	1264
1264	1271
1264	1387
1264	1490
1264	1497
1264	1927
1264	2672
1264	2927
1264	2973
1264	2985
1264	3566
1265	1695
1265	2708
1266	1895
1266	1907
1266	2658
1266	2797
1266	3813
1266	3814
1266	3965
1267	2021
1270	1295
1270	2726
1271	1271
1271	1680
1271	1734
1271	1870
1271	1895
1271	1931
1271	1933
1271	1948
1271	2559
1271	2778
1271	3066
1271	3067
1271	3073
1271	3517
1271	3699
1271	3872
1272	1272
1272	2222
1272	2984
1273	2560
1273	3694
1275	1275
1275	1381
1276	1571
1276	2575
1278	1278
1278	1280
1278	1310
1278	1333
1278	1490
1278	1540
1278	1665
1278	1689
1278	1719
1278	1768
1278	1810
1278	1893
1278	2424
1278	2486
1278	3129
1278	3304
1278	3606
1278	3699
1278	3854
1278	3870
1278	3955
1279	1279
1279	2159
128	128
128	1965
128	3086
128	3307
1280	1280
1280	1490
1280	1590
1280	1680
1280	1767
1280	2390
1280	3452
1280	3903
1283	1665
1283	2736
1284	1284
1284	1983
1284	2528
1285	1285
1288	2283
1289	1768
1289	1866
1289	2347
129	1137
129	129
129	1821
129	220
129	2884
129	3184
1290	1651
1290	1973
1290	2677
1291	1291
1291	2104
1293	1356
1295	2044
1295	2245
1295	2726
1296	1296
1297	1342
1297	1809
1298	1600
1299	1299
1299	1743
1299	3460
13	2393
13	2744
13	3007
130	1021
130	1150
130	1244
130	130
130	1344
130	1680
130	1928
130	2330
130	2729
130	2755
130	2820
130	3257
130	3665
130	387
130	451
130	746
130	968
1305	1455
1305	1770
1305	2020
1305	3121
1305	3688
1305	3889
1306	1306
1307	1307
1307	1390
1307	1412
1307	1858
1307	2031
1307	2913
1307	3444
1307	3566
1307	3927
131	3528
131	366
1310	1310
1310	1893
1310	2449
1311	1673
1311	3796
1311	3993
1313	1856
1313	2249
1316	1316
1316	2176
1317	1317
1317	1522
1317	3241
1317	3271
1318	1318
1318	1524
1318	3722
1319	2045
1319	2250
1319	3440
1319	3677
132	132
132	1774
132	2888
132	3099
132	3516
1321	1532
1321	2228
1321	3074
1322	1322
1322	1645
1323	1323
1323	3072
1324	1324
1324	1457
1324	1519
1324	1833
1324	1935
1324	2639
1324	2645
1324	2676
1324	2688
1324	2693
1324	2718
1324	3007
1324	3034
1324	3183
1324	3484
1324	3920
1325	2189
1329	1329
1329	1567
1329	1707
1329	1723
1329	2099
1329	2981
1329	3314
133	133
133	1729
133	1809
133	1872
133	2735
133	2748
133	3004
133	3204
133	3604
133	3674
133	3888
133	833
1330	1330
1330	1766
1331	1331
1331	2290
1331	3184
1332	1332
1332	1448
1332	1734
1332	2098
1332	3904
1333	1333
1333	1591
1333	1664
1333	1737
1333	1803
1333	2486
1333	3324
1333	3955
1334	1334
1334	1361
1334	2066
1334	2525
1334	3491
1334	3875
1335	2039
1335	2392
1336	1336
1336	1680
1336	1848
1336	2025
1336	2131
1336	2328
1336	2872
1336	3571
1336	3723
1337	1337
1337	3307
1338	1468
1338	2298
1338	3741
1339	1387
1339	3276
134	1272
134	134
134	1413
134	1833
134	2697
1340	1340
1340	1369
1340	1532
1340	2112
1340	2321
1340	2995
1340	3562
1340	3817
1341	1341
1341	1777
1341	2771
1341	3313
1341	3853
1342	3630
1343	1343
1343	1464
1343	1889
1343	2400
1343	2961
1343	3255
1343	3503
1344	1344
1344	1526
1344	2363
1344	2820
1344	2961
1344	2995
1344	3176
1344	3257
1344	3609
1345	1462
1345	1695
1345	2660
1346	1537
1346	1827
1346	2486
1346	3156
1346	3456
1346	3852
1347	1347
1349	2028
1349	2242
1349	2576
1349	2732
1349	2982
1349	3391
1349	3747
135	221
135	3341
135	3359
135	3691
1351	1351
1351	1652
1351	1857
1351	1937
1354	1354
1354	1533
1354	2951
1354	3213
1355	2541
1358	1358
1358	1540
1358	1803
1358	2411
1358	2416
1358	2936
1359	1359
1359	1390
1359	1535
1359	1639
1359	1695
1359	1863
1359	2700
1359	3161
1359	3232
1360	1360
1360	1731
1360	1803
1360	2029
1360	2210
1360	2528
1360	2609
1360	3863
1360	3869
1361	1368
1361	1576
1361	1889
1361	2911
1361	2961
1361	3176
1361	3723
1361	3875
1361	3941
1364	1364
1364	1608
1364	2453
1364	3945
1365	1365
1365	1399
1365	1825
1365	1826
1365	2625
1365	2891
1365	3193
1365	3595
1365	3676
1366	1366
1366	3608
1367	1367
1367	2065
1367	2239
1368	1368
1368	1600
1368	1622
1368	1879
1368	1895
1368	1982
1368	2044
1368	2245
1368	2292
1368	2985
1368	3491
1368	3805
1369	1369
1369	1465
1369	3331
1369	3378
1369	3654
1369	3790
137	1332
137	3008
137	767
1370	1370
1370	1719
1370	1861
1370	2424
1370	2583
1370	2726
1370	3985
1371	1371
1371	3007
1371	3403
1373	1448
1373	2047
1373	2869
1373	3497
1377	1377
1377	1599
1377	1830
1377	2097
1378	1378
1378	2124
1378	2463
1379	1579
1379	2917
138	138
138	2776
138	2984
138	3707
138	791
138	916
1380	1380
1380	1534
1380	1896
1380	2102
1380	3824
1381	1381
1381	1783
1382	1657
1382	1836
1382	1959
1382	2559
1382	2572
1382	2590
1382	3664
1382	3802
1383	1988
1384	1384
1384	1578
1384	2900
1384	3044
1384	3592
1386	1386
1386	2236
1386	2318
1386	3105
1386	3679
1387	1387
1387	3031
1387	3457
1387	3893
1388	1388
1388	3874
1389	3449
139	139
139	1988
139	2570
139	985
1390	1390
1390	1398
1390	1463
1390	1863
1390	1892
1390	1980
1390	2543
1390	3540
1390	3654
1390	3938
1391	1391
1391	3449
1393	3589
1394	1394
1394	1646
1394	1650
1394	1690
1394	3015
1394	3049
1396	1396
1396	1652
1396	2148
1396	3527
1396	3925
1397	1645
1397	1777
1397	2113
1397	2410
1397	3070
1397	3823
1397	3868
1397	3974
1398	1398
1398	1412
1398	1466
1398	2195
1398	2543
1398	2906
1398	3257
1398	3566
1399	2660
1399	3735
14	872
140	140
140	1476
1401	1401
1401	1535
1401	1689
1401	2133
1401	2229
1401	2726
1401	3466
1401	3921
1402	3587
1404	1404
1404	1450
1404	1877
1404	1932
1404	2084
1404	2117
1406	2959
1408	3134
1409	1409
1409	1777
1409	2388
1409	3313
1409	3400
1409	3853
1409	3974
1411	1825
1411	1895
1411	2133
1412	1412
1412	1858
1412	1867
1412	1891
1412	2031
1412	2465
1412	3444
1413	1532
1413	2228
1414	3118
1415	1415
1415	3203
1418	1579
1418	2917
1419	1419
1419	1689
1419	3788
142	142
142	212
142	3691
142	543
142	611
1421	1421
1421	1448
1421	1652
1421	1830
1421	3663
1422	1422
1422	1694
1422	2088
1422	2594
1422	3941
1423	1423
1424	1424
1424	1754
1425	1804
1425	2897
1425	3043
1425	3280
1426	1426
1426	1517
1426	1706
1426	2150
1426	2591
1426	2796
1426	3066
1428	2245
1428	3404
1430	1430
1430	1471
1430	2150
1430	2449
1430	3723
1432	2438
1432	2753
1434	3384
144	1238
144	144
144	1721
144	2534
144	2735
144	310
144	758
1442	2960
1444	1444
1444	1654
1444	1908
1444	2004
1444	2763
1444	2925
1444	3132
1444	3260
1445	1729
1447	1447
1447	1880
1447	2051
1447	2215
1447	3640
1448	2026
1448	2047
1448	2415
1448	2869
1448	3317
1448	3691
1449	1769
145	145
145	1457
145	1977
145	2159
145	226
145	3305
1450	1450
1450	2173
1451	2385
1451	2509
1451	2886
1453	1824
1453	2653
1454	1454
1455	1455
1455	1872
1455	3604
1457	1457
1457	1537
1457	1833
1457	1931
1457	2088
1457	2852
1457	3754
1457	3982
1458	1458
1458	1940
1458	3600
146	1079
146	1100
146	1143
146	1185
146	1271
146	146
146	155
146	1734
146	2242
146	2772
146	2925
146	3066
146	344
146	3984
146	849
146	987
1461	1461
1461	1663
1461	2075
1461	2734
1461	3501
1462	1462
1462	1695
1462	3200
1462	3305
1462	3656
1463	1463
1463	1849
1463	1980
1463	2278
1463	3206
1463	3261
1463	3938
1464	1464
1464	1609
1465	1465
1465	1477
1465	2242
1465	2255
1465	2518
1465	2888
1465	3533
1466	1680
1467	1989
1468	1468
1468	1773
1468	2298
1468	2771
1468	2970
1468	3741
1468	3899
1469	1927
1469	2797
1469	3813
1469	3817
147	1025
147	1217
147	1363
147	147
147	152
147	1656
147	1783
147	1805
147	1979
147	199
147	1991
147	2079
147	2258
147	2373
147	2651
147	2718
147	3005
147	3348
147	3432
147	345
147	3484
147	3519
147	3887
147	400
147	587
147	747
147	766
147	844
147	988
1470	3613
1471	3511
1472	1472
1472	2077
1472	2796
1472	2822
1472	3274
1472	3585
1476	1476
1476	3803
1477	1477
1477	1533
1477	1578
1477	2028
1477	2064
1477	2518
1479	1479
1479	1788
1479	3970
1480	2965
1480	3980
1481	1481
1481	3985
1482	1980
1482	2347
1482	2492
1482	3229
1482	3737
1483	1483
1483	2685
1483	2911
1483	3562
1483	3770
1483	3971
1484	1519
1484	1543
1484	1688
1484	3178
1485	1485
1485	2574
1485	2612
1485	2900
1486	2292
1489	1489
1489	1543
1489	2021
1489	2273
1489	3257
149	1261
149	149
149	1967
149	2647
149	2703
149	2884
149	2913
149	3371
149	3499
149	3697
149	385
149	3964
149	797
149	866
149	996
1490	1490
1490	1497
1490	2196
1490	2198
1490	2654
1490	2776
1490	2786
1490	3566
1490	3844
1491	2599
1494	1494
1495	2332
1495	2813
1496	1496
1496	1750
1496	1879
1496	1910
1496	1976
1496	2004
1496	2995
1496	3033
1496	3066
1496	3132
1496	3378
1497	1497
1497	1667
1497	1847
1497	1956
1497	2035
1497	2198
1497	2776
1498	2923
1500	1500
1500	2331
1500	2961
1500	2964
1500	3389
1500	3518
1500	3947
1503	1503
1503	2891
1503	3425
1504	1878
1505	2114
151	1110
151	1233
151	1361
151	151
151	1925
151	2388
151	270
151	3805
151	3835
151	3869
151	527
151	578
151	810
1510	1510
1510	2337
1511	3217
1511	3565
1512	2088
1512	2300
1512	2763
1512	3248
1512	3566
1512	3808
1513	1513
1513	1589
1513	2211
1513	2253
1513	2402
1513	2522
1513	3148
1513	3363
1513	3436
1513	3545
1513	3727
1514	1514
1514	1523
1514	1956
1514	3066
1514	3454
1515	2740
1515	3055
1516	3316
1516	3605
1517	1517
1517	1551
1517	2245
1517	2375
1517	2390
1517	2738
1519	1519
1519	1656
1519	1795
1519	2123
1519	2415
1519	2730
1519	3150
152	152
152	1558
152	1600
152	1718
152	2116
152	2236
152	2247
152	2258
152	2286
152	2320
152	2593
152	2717
152	2938
152	3005
152	3351
152	3954
152	535
152	773
1520	1520
1522	1603
1522	1886
1522	1977
1522	3091
1522	3271
1523	2004
1523	2357
1524	2792
1526	1526
1526	3540
1527	2013
1528	2675
1530	1530
1530	1543
1530	1942
1530	2601
1530	2995
1530	3424
1531	1531
1531	1935
1531	2486
1531	2731
1531	2973
1531	3192
1532	1532
1532	2228
1533	1533
1533	1893
1533	3869
1533	3973
1534	1534
1534	2579
1535	1535
1535	2051
1535	3807
1535	3921
1535	3938
1537	1537
1537	1658
1537	1959
1537	2367
1537	3275
154	1116
154	154
154	2415
154	2504
154	3023
154	340
154	3794
154	3995
154	878
1540	1562
1540	2411
1540	2583
1540	2786
1540	2835
1540	2936
1540	3212
1540	3229
1540	3238
1541	2345
1542	1542
1543	1543
1543	2048
1543	2113
1543	2369
1543	2415
1543	2449
1543	2679
1543	2837
1543	3377
1543	3806
1545	1545
1545	1560
1545	2023
1547	1547
1547	1757
1547	1780
1547	2015
1547	2348
1547	2453
1547	3101
1547	3535
1548	2957
1548	3139
1549	1887
1549	2372
1549	3401
155	1369
155	155
155	1887
155	1946
155	2242
155	3033
155	3378
155	620
155	916
1551	2161
1551	2390
1552	1552
1552	3630
1554	1795
1554	2196
1554	2253
1554	2445
1554	2514
1554	2522
1554	3114
1554	3661
1556	2400
1558	2116
1558	2593
1558	3750
156	1338
156	156
156	2695
156	3189
1560	3039
1560	3816
1562	1562
1562	2224
1562	2449
1562	2531
1562	2795
1562	2911
1562	3120
1562	3226
1562	3438
1562	3454
1562	3574
1567	1707
1567	2277
1568	2052
1568	3583
1569	3976
157	157
157	2449
1570	1570
1571	3070
1571	3523
1572	1572
1574	1574
1575	1575
1575	1738
1575	1743
1575	1859
1575	3357
1576	2207
1576	3535
1576	3941
1577	1577
1577	2409
1577	2476
1577	2624
1577	2871
1577	2977
1577	3213
1577	3379
1577	3529
1577	3731
1577	3771
1577	3899
1578	1803
1578	2518
1578	3166
1578	3562
1578	3592
1578	3627
1579	1579
1579	2417
1579	2822
1579	2917
1579	3702
1579	3711
158	1165
158	158
158	2588
158	574
158	867
1581	1581
1581	3865
1582	1637
1583	1754
1584	1584
1585	1585
1585	1668
1585	1759
1585	3532
1589	1589
1589	1774
1589	3235
159	1365
159	354
1590	1590
1590	1622
1590	2576
1590	2911
1590	3491
1591	1890
1591	1919
1591	2113
1591	2486
1591	3583
1591	3734
1592	2407
1592	2630
1592	2701
1592	3656
1592	3739
1592	3805
1594	1594
1595	1679
1595	2454
1595	3568
1596	2303
1596	2612
1596	3091
1596	3342
1596	3768
1597	1597
1597	1622
1597	2996
1597	3322
1597	3329
1599	1675
16	1178
16	2369
16	313
1600	1600
1600	1610
1600	1622
1600	1907
1600	2020
1600	2658
1600	3183
1600	3920
1602	1602
1602	1641
1602	1803
1602	2004
1602	2198
1602	2357
1602	2660
1602	3731
1602	3811
1603	1603
1603	2116
1603	2250
1603	2258
1603	2651
1603	2740
1603	3354
1604	1855
1604	2736
1606	3217
1606	3565
1606	3955
1607	2568
1608	1608
1608	1719
1608	1777
1608	2585
1608	3252
1608	3266
1608	3536
1608	3974
161	1514
161	161
161	3066
1610	1927
1610	2320
1610	3335
1610	3376
1612	1612
1612	2493
1612	2513
1613	1613
1613	1697
1615	1615
1620	2456
1622	1622
1622	1679
1622	1719
1622	1933
1622	1980
1622	2233
1622	2273
1622	2294
1622	2363
1622	2454
1622	2559
1622	2985
1622	3045
1622	3134
1622	3496
1622	3609
1622	3723
1622	3805
1622	3923
1623	1623
1624	3563
1624	3606
1628	1628
1628	2493
1628	3497
163	163
163	1776
163	318
163	3469
163	3473
163	394
163	572
1630	3927
1633	1942
1633	3001
1633	3512
1634	3491
1634	3602
1635	1792
1635	1918
1635	2113
1635	2281
1635	2403
1635	2410
1635	2726
1635	2896
1635	3371
1635	3377
1636	1916
1636	2492
1637	1654
1637	2532
1637	2700
1637	2715
1637	2768
1637	2993
1637	3010
1637	3266
1639	1639
1639	1762
1639	1774
1639	1856
1639	2876
1639	3026
1639	3109
1639	3156
1639	3500
164	1051
164	1187
164	1349
164	164
164	1772
164	1860
164	2092
164	266
164	2732
164	3298
164	3512
164	3668
164	3692
164	3957
164	836
164	934
1640	3022
1640	3909
1641	1641
1641	1893
1641	2044
1641	2065
1641	2449
1641	2559
1643	1700
1644	1644
1644	2328
1645	1645
1645	2935
1649	2208
1649	2648
1649	2751
1649	2998
165	165
165	173
1650	2773
1651	1651
1651	1759
1651	3267
1651	3493
1652	1652
1652	2321
1652	2454
1652	2783
1652	3925
1654	1654
1654	1665
1654	2295
1654	2622
1654	2663
1654	2762
1654	2806
1654	3020
1654	3025
1654	3124
1654	3260
1654	3515
1654	3697
1656	1656
1656	2651
1656	3348
1656	3887
1657	1657
1657	2330
1657	3574
1658	1736
166	166
166	2381
166	2607
166	321
166	3307
166	761
166	774
1663	1663
1663	2792
1663	3409
1664	1664
1664	2106
1664	3932
1665	1665
1665	1824
1665	2551
1665	2663
1665	2736
1665	3025
1665	3457
1665	3754
1665	3870
1665	3929
1667	1667
1668	1689
1668	3532
167	1361
167	1533
167	167
167	2190
167	2415
167	2504
167	253
167	2580
167	2845
167	3023
167	3391
167	3860
167	3875
167	3995
167	444
1670	2112
1670	3125
1671	2388
1671	2890
1671	3134
1671	3322
1671	3739
1671	3854
1671	3904
1672	3563
1673	1673
1673	1791
1673	1810
1673	2382
1673	3102
1673	3698
1673	3922
1675	2449
1678	2105
1678	2373
1678	2415
1679	1679
1679	2328
1679	2369
1679	3654
168	1432
168	1647
168	168
168	2984
168	3382
168	823
168	849
1680	1680
1680	1848
1680	2150
1680	2273
1680	2330
1680	2454
1680	2559
1680	3301
1680	3483
1680	3562
1680	3571
1680	3723
1681	1681
1681	1985
1684	1684
1684	2094
1685	3696
1685	3928
1686	1686
1686	3191
1687	1935
1687	3639
1689	1689
1689	3788
169	1021
169	1027
169	1051
169	1270
169	1310
169	1369
169	169
169	2044
169	2225
169	2300
169	2449
169	2589
169	2726
169	2887
169	3000
169	3257
169	3566
169	3884
169	3926
169	417
169	438
169	465
169	695
169	821
169	901
1692	1692
1692	1947
1693	1693
1693	2577
1693	3696
1694	1694
1694	2877
1694	3276
1695	1695
1695	2679
1695	2925
1695	2995
1695	3305
1695	3409
1695	3722
1695	3723
1695	3941
170	3286
1700	1757
1700	2015
1700	2125
1700	3101
1701	1701
1701	3066
1703	1703
1703	3654
1704	1704
1706	1706
1706	1813
1706	2150
1706	2647
1706	3603
1706	3844
1706	3968
1707	2460
1707	3631
1708	1708
1708	2092
171	1585
171	1685
171	171
171	1769
171	2023
171	2262
171	2853
171	308
171	3270
171	3419
171	3532
171	3808
171	3885
171	3928
1712	2871
1714	1714
1714	3018
1715	3558
1717	1717
1717	1778
1717	1944
1717	2143
1717	2826
1717	2877
1717	3183
1718	2236
1718	2654
1719	1719
1719	1785
1719	2051
1719	2088
1719	2133
1719	2138
1719	2257
1719	2303
1719	2507
1719	2985
1719	3022
1719	3396
1719	3644
172	1072
172	1189
172	1453
172	1719
172	172
172	1931
172	1959
172	2144
172	2454
172	2588
172	2714
172	2887
172	2961
172	3301
172	3805
172	820
172	867
1720	1720
1721	1721
1721	1808
1721	2208
1721	2229
1723	1723
1723	2981
1723	3821
1724	3920
1725	1725
1726	1726
1726	2332
1727	3814
1728	1728
1728	3078
1729	1729
1729	1809
1729	2734
1729	3776
1729	3914
173	1496
173	1910
173	1976
173	3378
1730	1730
1731	2007
1731	2029
1731	2229
1732	1732
1732	1773
1732	1814
1732	1924
1732	2311
1732	3738
1734	1734
1734	1931
1734	2144
1734	2435
1734	2480
1734	2481
1734	2498
1734	3371
1734	3910
1734	3963
1735	1913
1735	2896
1735	2973
1735	3378
1736	1736
1736	2486
1736	3234
1737	1737
1737	1922
1737	2486
1737	2664
1739	1739
174	1228
174	174
174	3873
1740	2648
1741	2494
1742	1777
1742	3853
1743	1743
1743	2183
1743	3782
1744	1744
1744	1980
1744	3824
1744	3938
1745	3382
1746	2912
1746	3172
1747	1747
1747	3110
1748	3263
1748	3707
1749	1749
1749	1875
1749	2312
175	1262
175	175
175	267
175	2776
1750	1750
1754	1754
1754	1986
1754	2863
1756	1756
1756	3213
1757	1757
1757	1780
1757	2015
1757	2118
1757	2348
1757	2453
1757	2458
1757	2782
1757	2867
1757	2951
1757	3101
1757	3427
1757	3535
1759	1759
1759	2514
176	3962
1761	1761
1761	1977
1761	2357
1761	3259
1762	2896
1763	1763
1763	1801
1764	1764
1764	1833
1764	2484
1764	2697
1765	1765
1765	1805
1766	1766
1766	3205
1767	1767
1767	2579
1767	2848
1768	2449
1768	2560
1768	2728
1768	2985
1769	1769
1769	1925
1769	2110
1769	2223
1769	2777
1769	2906
1769	3228
1769	3270
1769	3419
1769	3680
1769	3772
1769	3835
1772	1772
1772	2092
1773	1773
1773	1814
1773	3096
1773	3738
1773	3741
1774	1774
1774	3099
1774	3516
1777	1777
1777	2327
1777	3313
1777	3835
1777	3853
1777	3875
1777	3974
1778	1979
1778	2286
1779	1879
1779	2838
1779	3859
1781	2831
1783	1783
1783	1968
1783	2511
1783	2747
1783	3579
1785	1785
1785	2150
1785	2152
1785	2738
1785	3463
1785	3644
1785	3941
1788	1788
1788	2255
1788	2370
1788	2466
1788	2572
1788	2583
1788	2697
1788	2773
1788	3015
1788	3519
1788	3754
179	1164
179	2125
179	2778
179	3101
179	318
179	665
1790	3630
1790	3873
1791	2267
1791	2625
1791	3491
1791	3953
1792	2242
1792	2806
1794	3036
1795	2513
1795	3403
1796	1796
1796	2030
1796	2281
1796	2961
1796	3244
1796	3312
1797	1797
1797	2042
1799	1799
1799	2932
1799	3491
1799	3860
18	105
18	1051
18	1112
18	114
18	1154
18	1180
18	1187
18	1263
18	1344
18	1622
18	1680
18	1756
18	18
18	1830
18	193
18	2019
18	219
18	2317
18	2373
18	2559
18	2609
18	2693
18	2790
18	2911
18	3045
18	3111
18	3176
18	345
18	3491
18	3497
18	356
18	3562
18	3602
18	3658
18	3691
18	3731
18	3805
18	3814
18	3874
18	503
18	561
18	606
18	613
18	625
18	63
18	707
18	722
18	75
18	771
18	851
18	853
18	991
180	1329
180	1723
180	180
180	1829
180	2140
180	2842
180	2981
180	401
180	416
180	541
1801	1801
1801	2218
1801	3125
1801	3882
1802	1802
1802	2517
1802	2924
1802	3935
1803	1803
1803	1931
1803	2066
1803	2088
1803	2225
1803	2435
1803	2486
1804	1804
1804	2452
1804	2897
1804	3043
1805	1805
1805	1991
1807	1807
1807	1931
1807	3294
1808	1808
1808	1952
1808	3664
1808	3749
1809	1809
1809	2611
1809	2768
181	1654
1810	2573
1810	2583
1812	1812
1812	2422
1812	3007
1812	3954
1813	1813
1813	2074
1813	2782
1813	3379
1814	1814
1814	1924
1814	3741
1814	3899
1816	1886
1816	1909
1818	3449
182	1622
182	1634
182	182
182	3496
182	426
1820	2213
1821	2510
1821	2904
1821	3343
1821	3811
1824	1824
1824	2653
1824	2713
1824	3595
1825	1826
1827	1827
1827	2538
1827	2789
1827	2857
1829	2981
1830	1830
1830	3204
1831	1831
1831	2133
1831	2173
1831	2399
1831	2542
1831	3410
1831	3771
1832	2347
1833	1833
1833	2255
1833	2697
1833	3466
1833	3754
1834	1834
1834	2763
1836	2031
1836	2590
1836	3664
1837	2926
1838	3612
1839	1839
1839	3125
1840	1840
1840	3805
1841	1841
1841	2057
1841	2062
1842	1842
1842	2202
1842	2777
1842	2895
1842	3772
1842	3774
1846	3048
1847	1847
1848	2284
1848	2329
1848	2415
1848	2941
1848	2996
1848	3571
1848	3859
185	185
185	3391
1850	1850
1851	2858
1852	3615
1852	3631
1853	1853
1854	2115
1855	1995
1855	2205
1855	2427
1855	2736
1855	3338
1856	1856
1856	2124
1856	2211
1856	3114
1856	3403
1856	3938
1858	1891
1858	2031
1858	3444
1859	1859
1860	3512
1862	1893
1863	1981
1863	2392
1863	3276
1865	1865
1866	1866
1868	1868
1868	2419
1868	3457
187	1230
187	1719
187	187
187	2016
187	2911
187	3353
187	3468
187	3562
187	3747
1870	1870
1870	3291
1872	1872
1872	2604
1872	3604
1874	1931
1874	3780
1874	3965
1875	2665
1877	1877
1877	1898
1877	2729
1877	2866
1879	1879
1879	1880
1879	1887
1879	2019
1879	2028
1879	2067
1879	2242
1879	2498
1879	2774
1879	2868
1879	3023
1879	3445
1879	3490
1879	3536
1879	3592
1879	3612
188	1134
188	2827
188	3085
1880	1928
1880	2051
1880	2641
1880	2798
1880	3968
1881	1881
1881	2119
1881	2360
1881	2781
1881	2871
1881	3177
1882	3923
1884	1884
1884	1939
1885	2541
1887	1887
1887	1891
1887	2242
1887	2273
1887	2837
1887	2847
1887	2925
1887	3693
1888	1888
1888	2562
1888	2647
1889	2384
1889	2995
1889	3813
189	189
189	1979
189	2286
189	3184
189	371
1890	1890
1890	2113
1890	2410
1890	2679
1890	3377
1890	3435
1890	3868
1891	2465
1892	3657
1893	2044
1893	2141
1893	2449
1893	2961
1893	3881
1895	1895
1895	1959
1895	2207
1895	2391
1895	2723
1895	3450
1895	3728
1895	3813
1897	1897
1899	1899
19	1514
19	1654
19	1824
19	19
19	2585
19	2602
19	2653
19	2713
19	273
19	2739
19	3064
19	3513
19	3559
19	3888
19	879
190	190
190	891
190	955
1901	1901
1902	1902
1902	2295
1903	2013
1903	2018
1903	2776
1903	2982
1903	3857
1905	1953
1907	1907
1907	2658
1907	3865
1908	2004
1909	2708
191	1494
191	2483
1910	3378
1911	1911
1912	1912
1913	1913
1913	2627
1913	3378
1913	3923
1916	1916
1916	2179
1917	2208
1918	1918
1918	2113
1919	2510
1919	3734
192	1007
192	1167
192	1390
192	1831
192	192
192	2399
192	2542
192	2759
192	3305
192	3593
192	3941
1922	2664
1924	1924
1924	2122
1924	3899
1925	2062
1925	2911
1925	3210
1925	3774
1926	1926
1926	3020
1927	1927
1927	3109
1927	3696
1927	3913
1928	2798
1928	3456
1928	3852
1929	1929
1929	3791
193	1154
193	1377
193	1592
193	1622
193	1830
193	193
193	2564
193	270
193	2963
193	3176
193	3534
193	3562
193	371
193	3731
193	478
193	501
193	561
1931	1931
1931	2283
1931	2678
1931	3780
1931	3965
1932	2051
1932	2641
1933	1933
1933	2360
1934	2810
1934	3143
1934	3235
1934	3700
1935	1935
1935	3657
1935	3798
1937	2295
1937	2584
1937	3279
1937	3327
1937	3640
1937	3971
1938	1938
1939	1939
194	1217
194	1475
194	1517
194	194
194	2076
194	2302
194	2993
194	519
1941	1941
1942	1942
1943	2784
1944	1944
1944	3982
1945	2370
1946	2401
1948	1948
1948	2409
1948	2977
1948	3696
1948	3893
195	1779
195	195
195	2164
195	2941
195	2995
195	2996
195	3409
195	378
195	3859
195	403
195	506
195	765
195	790
195	825
1950	1950
1950	2128
1950	2872
1950	3755
1950	3830
1951	3973
1953	1953
1953	2449
1955	2051
1956	2057
1956	2115
1956	2571
1956	3439
1956	3697
1956	3894
1959	1959
1959	2572
1959	3480
1959	3718
196	2774
196	2913
196	560
196	768
1961	1961
1961	1987
1961	2288
1963	1963
1963	3214
1967	2913
1967	3479
1968	3007
197	197
1971	3208
1972	1972
1972	2019
1972	2579
1972	3073
1973	1973
1973	2277
1973	2981
1974	1974
1974	2129
1974	2370
1974	3894
1975	2345
1976	2359
1976	3964
1977	3051
1977	3091
1979	1979
1979	2079
1979	2286
198	1037
198	198
198	3710
1980	1980
1980	2372
1980	2762
1980	3045
1980	3938
1981	1981
1981	3033
1982	2987
1983	1983
1983	2528
1984	1984
1984	2149
1987	1987
1987	2634
1987	2844
199	1104
199	1155
199	243
199	3157
199	3351
199	646
1990	1990
1990	2084
1990	3007
1990	3810
1991	2542
1991	2730
1991	3258
1992	2449
1995	2051
1995	2737
1995	3230
1997	1997
1997	2233
1997	2781
1997	2871
1997	3177
1998	1998
1999	3603
2	1339
2	1382
2	1778
2	1836
2	1931
2	1986
2	2
2	3115
2	3802
2	501
2	512
2	526
2	572
2	726
2	802
20	1077
20	1901
20	192
20	20
20	2549
20	2759
20	685
20	731
200	1051
200	1187
200	1232
200	1289
200	1622
200	1719
200	1762
200	1848
200	1902
200	1932
200	200
200	2138
200	2169
200	2210
200	2242
200	2357
200	239
200	2579
200	266
200	2886
200	301
200	3207
200	356
200	858
200	886
200	978
2003	2003
2003	2884
2004	2004
2004	2104
2004	2467
2004	2737
2004	2848
2005	2005
2007	2007
2007	2200
2007	2756
2007	3382
201	1016
201	201
201	2076
201	2410
201	2662
2012	2432
2015	2340
2015	2736
2015	3101
2015	3523
2015	3957
2017	3784
2019	2019
2019	2925
2019	3941
202	202
202	316
2020	2020
2020	2340
2020	2884
2023	2023
2023	3014
2024	2230
2026	2026
2026	2047
2026	3065
2028	2876
2028	2877
203	1005
203	1167
203	1856
203	203
203	2170
203	2745
203	3028
203	3148
203	374
203	3912
203	662
2030	2030
2030	3312
2031	2031
2031	2434
2031	2531
2031	2810
2031	3235
2031	3777
2032	2104
2033	2033
2033	2128
2033	2554
2033	2872
2035	2035
2037	2545
2038	2434
2038	2810
2038	3235
2038	3257
2039	2050
2039	2392
2039	2904
2039	3431
204	1019
204	1447
204	204
204	525
2044	2088
2044	2449
2047	2047
2047	2314
2047	2317
2047	3065
2047	3122
2047	3944
2048	2679
2049	2049
205	1149
205	1261
205	1767
205	1774
205	1891
205	1956
205	205
205	2113
205	2216
205	2393
205	2413
205	2592
205	2657
205	3115
205	332
205	3371
205	3504
205	3661
205	3783
205	3785
205	380
205	3863
205	572
205	744
205	797
205	823
2050	2050
2050	2445
2050	2864
2050	2973
2050	3431
2051	2051
2051	2641
2051	3938
2052	2052
2053	2053
2053	2577
2053	3771
2054	2195
2054	2407
2054	2835
2054	3751
2054	3814
2054	3860
2056	2056
2057	2057
2057	2122
2057	2632
2057	3015
2057	3151
2057	3835
2059	2825
2061	2061
2061	2661
2061	3439
2061	3697
2062	2062
2062	2388
2062	2413
2062	2965
2062	3774
2062	3889
2063	2360
2064	2064
2064	2333
2064	2518
2064	3037
2064	3406
2064	3504
2064	3984
2065	2065
2065	2362
2066	2066
2067	3428
2067	3482
2068	2099
2068	3485
2070	2070
2072	2492
2072	3985
2074	2074
2078	2078
2078	2589
2079	2079
2079	2490
2079	3376
2079	3394
2079	3397
2082	2082
2083	2083
2083	2197
2083	3310
2084	2084
2084	2981
2084	3491
2085	2579
2085	2701
2085	3483
2088	2647
2088	3008
2088	3566
2088	3592
2089	2089
2089	2592
2089	3100
209	209
209	2229
2092	2092
2092	3298
2092	3668
2092	3852
2093	2787
2095	2095
2095	2110
2095	3876
2096	2285
2096	3560
2098	2098
2099	2975
2099	3957
21	138
21	1469
21	2786
21	2835
21	3229
21	3664
21	854
2100	3971
2102	2102
2102	2797
2102	3291
2102	3813
2103	2103
2103	2299
2103	2436
2103	2793
2103	3258
2103	3677
2104	2104
2104	3363
2104	3545
2104	3727
2105	3882
2106	2106
2106	3146
2109	2109
211	211
211	3565
2110	3270
2110	3889
2111	2111
2113	2220
2113	2269
2113	2307
2113	2410
2113	2884
2113	3377
2113	3595
2113	3728
2113	3868
2114	2493
2114	3528
2114	3726
2115	2115
2115	2536
2115	3199
2115	3512
2115	3550
2116	2593
2116	3005
2118	2118
212	1685
212	1741
212	1765
212	1805
212	212
212	2236
212	2342
212	2494
212	2717
212	3264
212	365
212	3959
212	543
212	793
2122	2632
2122	3754
2123	3707
2124	2124
2124	2271
2124	3243
2124	3610
2124	3828
2125	3101
2128	2128
2128	2138
2128	2872
2128	2995
2128	3146
2128	3347
2128	3389
2128	3806
2129	2129
2129	2571
213	1182
213	1418
213	213
213	464
213	948
2130	2130
2130	2367
2130	3219
2132	2132
2132	2170
2132	2253
2132	2767
2132	2821
2132	2973
2132	3114
2132	3363
2132	3545
2132	3727
2132	3871
2133	2173
2134	2134
2134	2392
2134	2642
2136	2136
2136	2385
2136	2662
2136	2840
2136	2886
2138	2138
2138	3371
214	1288
214	1414
214	3118
2140	3629
2141	2530
2141	3176
2141	3609
2141	3805
2143	2143
2143	2845
2144	2144
2144	2719
2144	2736
2144	2887
2144	2930
2144	3519
2144	3898
2145	2145
2148	3035
215	215
2150	2150
2150	2224
2150	2294
2150	2348
2150	2449
2150	2454
2150	2500
2150	2835
2150	2941
2150	2995
2150	3008
2150	3427
2150	3644
2150	3844
2151	2151
2151	2449
2151	2685
2151	3770
2152	2152
2152	2634
2152	3112
2152	3469
2152	3644
2154	2273
2154	2869
2154	3941
2157	2157
2157	2177
2157	2481
2157	3299
2157	3816
2157	3910
2159	2159
216	1456
216	421
216	645
2161	2390
2162	2162
2162	2658
2162	3935
2165	2165
2165	2389
2166	2166
2167	2221
2169	2169
2169	2406
2169	2486
2169	3471
2169	3499
2169	3879
217	1082
217	1278
217	1310
217	1540
217	1719
217	2927
217	367
217	988
2170	2821
2170	3148
2170	3436
2170	3945
2172	2172
2172	2388
2172	3289
2172	3706
2172	3835
2172	3869
2173	2173
2173	2708
2174	2925
2175	2416
2175	3213
2175	3593
2176	2176
2177	2481
218	1321
218	218
218	398
2181	2181
2182	2437
2182	2598
2182	3774
2183	2183
2184	3675
2185	2306
2185	3549
2186	3613
2186	3659
2189	2189
2189	2808
2189	2829
219	1154
219	1199
219	1360
219	1553
219	1734
219	1879
219	2157
219	2177
219	2210
219	2278
219	242
219	2528
219	2609
219	3041
219	3562
219	3592
219	561
219	826
219	879
2190	2190
2190	2366
2190	2463
2190	2580
2194	2685
2195	2195
2195	2774
2195	2820
2195	3360
2195	3566
2195	3860
2196	2774
2198	2198
2198	3401
2198	3454
2199	2476
2199	3213
2199	3900
22	920
220	1394
220	1482
220	1617
220	1744
220	220
220	266
220	2825
220	3034
220	3110
220	3344
2201	2253
2202	2504
2205	2205
2205	2736
2207	3822
2207	3924
2208	2208
2208	2381
2208	2457
2208	2648
2208	2971
2208	3227
2208	3307
2208	3615
2208	3796
221	221
221	3600
221	3691
2210	2243
2211	3114
2211	3156
2214	2214
2214	3773
2215	2493
2215	3835
2216	2216
2216	3194
2216	3481
2218	3882
2219	2477
2220	3941
2221	2573
2221	3573
2225	2225
2225	2772
2225	3008
2225	3884
2228	2228
2229	2229
2229	2425
2229	2935
2229	3379
2229	3650
2229	3906
223	1204
223	2050
223	223
223	2864
223	2973
223	3006
223	3583
223	3779
223	3938
223	845
2233	2233
2233	2273
2233	2641
2233	2743
2233	3360
2233	3566
2233	3704
2236	2236
2236	3959
2238	2238
2238	3170
2239	2239
224	1905
224	224
2242	2242
2242	2251
2242	2312
2242	2576
2242	2982
2242	3066
2242	3722
2243	2243
2244	2312
2244	2559
2245	2245
2245	2373
2245	2434
2245	3206
2245	3404
2245	3534
2245	3566
2247	2247
2247	2742
2249	2767
2249	3252
2249	3828
2250	2250
2250	3484
2252	2252
2252	3620
2253	2522
2253	2715
2253	3666
2253	3890
2254	2254
2255	2255
2255	2888
2255	3499
2258	3005
2258	3097
2259	2259
2259	2706
226	3051
226	3342
2260	2683
2260	3885
2262	2449
2262	3885
2266	2961
2266	3243
2266	3518
2268	2268
2268	2508
2269	2269
2269	3625
227	1104
227	1198
227	1281
227	1741
227	227
227	2394
227	2494
227	2900
227	3162
2270	2270
2273	2273
2273	2634
2273	2737
2273	2925
2273	2963
2273	3132
2274	2693
2274	3141
2275	2275
2276	2476
2276	2510
2276	3151
2276	3723
2277	2277
2277	2481
2277	2981
2277	3587
228	1098
228	1468
228	1477
228	1732
228	2281
228	2970
228	3169
228	373
228	515
2280	2280
2280	2479
2281	2403
2281	3139
2282	3179
2284	2852
2284	3982
2286	2286
2288	2288
2288	2580
229	229
229	3954
229	535
2290	2290
2290	2978
2290	3228
2290	3231
2290	3715
2290	3875
2293	2293
2294	2294
2294	3782
2295	3260
2297	2297
2298	2298
2298	3741
2299	2299
2299	2362
2299	2591
2300	2300
2300	2876
2301	2888
2302	2302
2302	2386
2302	3003
2302	3423
2303	2303
2303	2384
2303	2415
2303	3768
2303	3783
2303	3930
2304	3188
2305	2305
2305	3158
2305	3696
2305	3913
2306	3325
2307	3377
2311	2311
2311	3852
2311	3899
2312	2312
2312	2660
2313	2313
2313	2401
2317	2538
2317	2578
2317	3032
2317	3326
2317	3681
2318	3679
2319	3548
232	1629
232	285
232	3260
2320	3376
2321	2321
2321	2421
2321	2815
2321	3653
2321	3817
2321	3818
2321	3830
2323	2627
2326	2326
2327	3179
2328	2846
2328	3483
2329	2852
2330	2330
2330	2559
2330	2584
2330	2755
2330	2927
2330	3257
2330	3350
2330	3491
2330	3566
2330	3654
2331	2331
2331	2554
2331	2721
2331	2809
2331	3183
2331	3445
2331	3594
2331	3668
2331	3883
2332	2332
2333	2333
2333	3504
2334	2334
2336	2336
2336	3955
2337	2337
2337	2491
2337	3861
2339	3150
2339	3214
2340	2340
2340	2891
2340	3523
2340	3982
2341	3053
2347	2347
2347	2625
2347	2690
2347	2795
2347	3120
2348	2348
2348	3328
2348	3427
2349	2349
2349	2427
2351	3396
2351	3809
2355	2355
2357	2357
2357	2736
2358	2358
2358	3202
2359	3964
2360	2360
2360	2391
2360	3177
2360	3444
2363	2363
2363	2559
2363	2996
2363	3257
2363	3322
2363	3329
2363	3814
2364	2454
2364	2820
2364	3330
2366	2366
2366	2465
2369	2369
237	1591
237	1976
237	2113
237	2359
237	237
237	2493
237	2679
237	271
237	2762
237	2891
237	3189
237	3278
237	3377
237	362
237	3802
237	3961
237	3964
237	3982
237	678
237	953
2370	2370
2370	2571
2370	2666
2370	3519
2370	3894
2371	2371
2371	3262
2372	2372
2372	2486
2372	2498
2372	2891
2372	3143
2372	3194
2372	3938
2372	3946
2373	2373
2373	2893
2373	3805
2374	2374
2374	2517
2374	3589
2377	3149
2379	3444
2381	2381
2381	2457
2381	2460
2381	3153
2381	3307
2381	3800
2384	2384
2385	2385
2385	2907
2385	3156
2385	3364
2386	2386
2386	3967
2387	2387
2387	3136
2388	2388
2388	3023
2388	3289
2389	2389
239	1031
239	1767
239	239
239	2848
239	285
239	2907
239	620
2390	2390
2390	2416
2390	2817
2390	3438
2390	3613
2390	3654
2390	3728
2390	3922
2392	2642
2392	3436
2393	2476
2393	3204
2393	3873
2395	2395
2397	2397
24	2259
24	24
24	2573
24	2627
24	3189
24	3288
24	3455
24	3573
24	359
24	427
24	506
24	695
240	1829
240	240
240	3796
2402	2767
2402	3666
2403	2403
2404	2404
2407	2449
2407	2559
2407	2583
2407	2809
2407	3121
2407	3515
2407	3624
2407	3805
2407	3952
2409	2409
2409	2713
2409	2997
2409	3382
2409	3829
2410	3868
2411	2411
2411	2583
2411	2936
2411	3329
2411	3491
2411	3664
2411	3844
2413	2413
2415	2837
2415	3115
2415	3317
2416	2416
2416	2835
2416	2871
2416	2907
2416	3319
2416	3364
2416	3593
2416	3845
2416	3854
2419	2419
2419	3828
242	1124
242	1207
242	1421
242	1612
242	1684
242	2094
242	2100
242	242
242	2493
242	3122
242	336
242	337
242	3497
242	3726
242	3739
242	374
242	3745
242	3805
242	581
2420	3568
2421	2421
2421	2815
2421	3188
2421	3653
2421	3672
2422	2422
2422	3954
2424	2424
2424	2846
2424	2925
2424	3174
2424	3385
2424	3452
2424	3519
2424	3640
2424	3672
2425	2425
2425	2853
2425	3226
2426	2426
2427	2427
2427	2736
2427	2934
2427	3338
2428	2428
2428	3630
2429	3257
243	3183
243	3768
243	694
2431	3865
2432	2432
2432	3797
2434	2434
2434	2810
2434	3235
2434	3255
2434	3777
2436	2793
2437	3774
2440	2440
2440	2995
2440	3923
2440	3941
2442	2442
2442	3886
2444	2444
2445	2445
2445	3114
2445	3828
2445	3890
2449	2449
2449	2454
2449	2455
2449	2531
2449	2729
2449	2920
2449	3394
2449	3407
2449	3728
2449	3784
2449	3799
245	1128
245	2424
245	2432
245	2851
245	3640
245	822
245	838
245	901
2450	3057
2450	3914
2452	2452
2452	2547
2454	2941
2454	3568
2454	3723
246	1322
246	1350
246	2351
246	246
246	3179
246	331
246	3544
246	3809
2460	3046
2463	2463
2463	2694
2464	2464
2464	2665
2465	3706
2465	3944
2467	2467
2467	2738
2467	2891
2467	3194
2467	3965
2471	3785
2473	2560
2473	2728
2473	3637
2476	2476
2476	2624
2476	3213
2476	3730
2476	3900
2479	2479
2479	2734
2479	3776
248	2373
248	2580
248	2893
2480	2481
2480	3910
2481	3910
2482	2482
2482	2514
2483	3753
2485	3832
2486	2486
2486	2529
2486	2567
2486	2591
2486	2790
2486	2804
2486	2889
2486	3234
2486	3285
2486	3292
2486	3324
2486	3879
2486	3918
2487	2487
2489	3186
249	1257
249	1528
249	2113
249	2130
249	2299
249	2410
249	249
249	2757
249	2811
249	2891
249	3058
249	3587
249	362
249	3868
249	750
249	763
249	866
249	872
249	904
2492	3696
2492	3985
2493	2493
2493	3122
2493	3136
2493	3255
2493	3359
2493	3691
2493	3696
2493	3726
2493	3805
2493	3913
2496	3912
2497	2973
2498	3008
2498	3235
2498	3390
2498	3612
2498	3946
2498	3963
2499	2693
2499	2961
2499	3396
25	1489
25	2021
25	25
25	255
25	832
250	1646
250	250
250	3015
250	457
250	472
250	680
2500	2907
2500	2995
2501	2501
2501	3684
2502	2776
2502	3454
2504	3023
2505	2768
2505	2944
2507	2723
2507	2985
2507	3540
2507	3654
2509	2509
2509	2687
2509	3499
2509	3696
251	1999
251	2476
251	3775
2510	2660
2510	3338
2511	2511
2511	2747
2513	2513
2513	3403
2514	2514
2514	3867
2517	2517
2517	3589
2518	2762
2518	2888
2518	3239
2518	3377
252	2736
252	497
2520	2520
2528	2528
2528	2762
2528	3094
253	1370
253	1398
253	1466
253	1791
253	1803
253	2195
253	2876
253	2906
253	3257
253	3566
253	3884
253	746
253	993
2531	3226
2534	2585
2534	2735
2534	3564
2535	2535
2535	2810
2535	2852
2535	3235
2535	3284
2535	3292
2535	3316
2536	2536
2536	3199
2538	3681
2539	2539
2539	3346
254	254
2540	2722
2541	2541
2542	2542
2543	3143
2543	3540
255	1121
255	1331
255	1519
255	255
255	331
255	832
2551	3331
2551	3515
2552	2552
2552	3995
2559	2559
2559	2693
2559	2985
2559	3176
2559	3200
2559	3609
2559	3723
2559	3728
2559	3941
256	597
2560	2728
2560	2895
2564	2564
2564	2781
2564	2871
2565	2565
2565	2677
2566	2566
2567	3918
2569	2569
257	2287
257	2299
257	257
257	3307
257	3655
257	796
2570	2570
2570	3193
2570	3676
2571	2571
2571	3458
2571	3889
2571	3894
2572	2572
2572	2583
2573	2573
2573	2589
2573	3573
2574	2574
2575	2769
2575	3318
2576	2703
2576	2982
2576	3616
2576	3857
2577	2577
2577	3771
2578	3326
2578	3422
2580	2580
2580	3392
2583	3134
2583	3353
2584	2584
2584	2911
2584	3693
2585	2585
2585	2710
2585	2739
2585	3513
2585	3620
2588	3532
2589	2726
259	1937
259	2429
259	259
259	513
2590	2590
2590	2685
2590	3125
2590	3971
2591	2591
2591	3722
2592	3100
2594	2622
2595	2853
26	1329
26	1567
26	1673
26	1707
26	180
26	1973
26	1993
26	26
26	2842
26	2981
26	439
26	539
26	904
260	260
260	3659
260	607
2601	2601
2601	3424
2602	2739
2602	3513
2603	2603
2604	2604
2604	2716
2604	3588
2607	2852
2608	2608
2608	3513
261	1143
261	1880
261	1972
261	2242
261	2312
261	261
261	266
261	647
261	791
261	976
2611	2611
2611	3696
2613	2613
2613	3995
2615	2615
2619	2619
262	262
2620	2620
2620	2907
2620	3364
2622	2622
2622	3167
2623	3814
2623	3847
2624	3213
2625	2874
2625	3329
2625	3491
263	1242
263	1866
263	1887
263	2170
263	2262
263	2507
263	263
263	285
263	3000
263	3073
263	3122
263	3143
263	3371
263	3390
263	3450
263	3468
263	3497
263	374
263	3813
263	3814
263	636
263	655
263	707
263	881
263	991
2631	2631
2631	2679
2632	2632
2633	2633
2635	2635
2635	3127
2635	3654
2635	3825
2637	2637
2639	2639
2639	3007
2639	3562
264	2276
264	264
264	394
264	452
264	650
2641	3083
2641	3455
2644	2644
2644	2839
2645	3183
2646	3882
2647	2647
2647	2736
2647	3808
2648	3821
2649	2649
2649	3914
2651	2651
2653	2653
2653	2697
2658	2786
2658	3723
266	1051
266	1187
266	1617
266	1744
266	1902
266	2242
266	266
266	302
266	3217
266	3238
266	3692
266	3842
266	3957
266	581
266	727
266	759
266	858
2660	3680
2660	3735
2661	3697
2662	2662
2663	2663
2663	2776
2663	3929
2665	2665
2665	3656
2666	2666
2666	3916
2667	2667
2667	3264
2667	3923
2669	3550
267	1235
267	1361
267	1490
267	2220
267	267
267	2776
267	2907
267	3401
267	3533
267	3854
267	3941
267	925
2672	2964
2675	2675
2676	3494
2676	3498
2676	3686
2677	2677
2679	2995
2679	3232
2679	3234
2679	3347
2680	3092
2680	3203
2683	2683
2683	2734
2683	3824
2685	3770
2685	3971
2687	2687
2687	3429
269	699
2691	2691
2693	2776
2693	2961
2693	3183
2693	3396
2694	2694
2694	3884
2696	3612
2699	3432
2699	3800
270	1278
270	1280
270	1412
270	1680
270	1867
270	1982
270	2507
270	2886
270	3184
270	3468
270	364
270	3835
270	3903
270	402
2701	2701
2703	2703
2703	3378
2703	3710
2703	3974
2708	2708
2709	3971
271	1551
271	3278
271	678
2713	2713
2713	3595
2714	2714
2715	2715
2715	2973
2715	3275
2716	3588
2717	2717
2717	3691
2717	3798
2718	2718
2718	3263
2718	3484
2719	2719
2719	3113
2719	3898
272	2479
272	2734
272	354
272	406
2720	2720
2721	2721
2722	3176
2726	2726
2726	2790
2726	3622
2726	3792
2727	2727
2729	2874
273	1824
273	2113
273	2653
273	2713
273	3435
273	3595
2730	2730
2730	3319
2730	3641
2731	2973
2732	2732
2733	2733
2734	2734
2734	3776
2735	2735
2735	3671
2736	2736
2736	2887
2736	2895
2736	3379
2738	2996
2738	3194
2738	3965
2739	2739
2739	3064
2739	3513
2740	3055
2742	2742
2743	2743
2745	3943
2748	2748
2748	3004
2748	3795
2750	2750
2751	2751
2752	2752
2753	2753
2754	2754
2755	2927
2757	3020
2761	3323
2762	2762
2762	2806
2762	2925
2762	3377
2763	3812
2764	2764
2766	2766
2767	2767
2767	3363
2767	3828
2768	3439
2768	3682
277	2569
277	277
2771	3738
2771	3774
2772	3008
2772	3135
2773	2840
2773	3466
2774	2876
2774	3561
2775	2775
2776	2776
2776	3454
2776	3808
2777	2777
2777	3418
2777	3772
2777	3889
278	278
278	3198
278	3209
278	3598
278	632
2781	2871
2781	2876
2781	3033
2781	3120
2781	3177
2781	3616
2782	2782
2783	3033
2784	2942
2786	2786
2786	2820
2786	2835
2789	2789
2789	2984
2790	2790
2790	3182
2790	3401
2790	3971
2792	3180
2792	3409
2795	2795
2795	3359
2795	3953
2796	2796
2796	3585
2797	3813
2798	2806
2798	2934
2798	3456
2798	3678
2798	3852
28	1162
28	1327
28	1461
28	1901
28	2028
28	2075
28	2274
28	2575
28	2665
28	28
28	2927
28	3469
28	552
28	69
28	765
280	1097
280	280
2800	2800
2800	3906
2802	2802
2806	2806
2806	2888
2806	3647
2806	3974
2808	3279
2809	3624
2810	2810
2810	3143
2810	3235
2810	3787
2811	3504
2813	2813
2813	3767
2813	3873
2817	2817
2819	2819
282	282
282	323
282	3515
282	3784
282	615
2820	2835
2820	2893
2820	3166
2820	3229
2820	3261
2820	3344
2820	3555
2821	2973
2822	3585
2826	3399
2827	3085
2829	3741
283	1027
283	1486
283	1496
283	1540
283	1881
283	1948
283	2054
283	2282
283	2390
283	2738
283	2783
283	2790
283	283
283	2927
283	302
283	3194
283	3468
283	512
283	708
283	768
2835	2835
2835	3067
2835	3229
2835	3723
2837	2837
2838	2838
284	284
2840	2840
2840	3180
2840	3466
2840	3678
2841	2841
2844	3941
2846	3805
2848	2884
285	1108
285	1486
285	1600
285	1880
285	2242
285	2295
285	2848
285	285
285	2925
285	2995
285	3132
285	3260
285	3371
285	3621
285	3722
285	3868
285	436
285	491
285	620
285	792
285	797
285	925
285	986
2852	2852
2852	3316
2852	3982
2853	2853
2853	3018
2857	2857
286	1189
286	1401
286	1689
286	2133
286	2784
286	3438
286	405
2864	3276
2866	2866
2866	3175
2866	3495
2866	3625
2867	2867
2868	3639
2869	3165
2869	3255
287	1002
287	1430
287	1471
287	2514
287	287
287	2904
287	3511
287	3624
287	3661
287	845
2871	2871
2871	3093
2871	3177
2872	2872
2874	2911
2874	3491
2876	2876
2876	2877
2876	3232
2877	2877
288	1607
288	1829
288	2381
288	2487
288	2607
288	2678
288	288
288	718
288	761
2880	2880
2881	2881
2884	2884
2884	2934
2884	3270
2884	3715
2886	2886
2888	2888
2888	3338
2888	3647
289	1072
289	1171
289	1802
289	289
289	3756
289	381
289	454
289	661
2890	3904
2891	2891
2891	2928
2891	3230
2891	3523
2891	3982
2893	2893
2893	3166
2893	3860
2895	2895
2895	3015
2895	3179
2895	3215
2896	2896
2896	3156
2896	3722
2897	2897
29	29
290	2851
290	3843
2900	2900
2903	3325
2904	2904
2904	3811
2906	2906
2906	3270
2906	3419
2907	2907
2907	3156
291	291
291	683
2911	2911
2911	3070
2911	3078
2911	3120
2915	2915
2919	2919
2919	3181
2921	2921
2924	3935
2925	3132
2925	3260
2925	3371
2925	3377
2925	3964
2927	2927
2927	3257
2927	3723
2928	3122
2928	3439
2928	3654
2928	3827
2929	2929
2929	3477
2932	3529
2932	3540
2932	3625
2934	3582
2934	3964
2935	3179
2936	3848
294	3382
2943	2943
2944	2944
2945	3132
2946	2946
2946	2961
2947	2947
295	295
2950	3807
2951	2951
2951	2979
2955	2955
2955	3006
2957	2957
296	2510
296	982
2961	3518
2961	3566
2963	3729
2963	3828
2963	3847
2963	3936
2964	3143
2965	2965
2965	3179
2965	3228
2965	3549
2965	3853
2967	3296
2968	3575
2969	3421
297	1128
297	1340
297	1469
297	1887
297	2421
297	2609
297	2796
297	2815
297	297
297	3757
297	3817
297	727
2970	2970
2970	3889
2971	3615
2973	2973
2975	3675
2977	3696
2978	3715
298	1628
298	298
298	309
298	3802
2980	2980
2982	3857
2984	2984
2985	2985
2985	3060
2985	3350
2985	3496
2987	3248
2987	3808
2987	3827
299	2100
299	299
299	3286
299	3388
299	3723
2990	3091
2990	3685
2992	2992
2993	2993
2993	3010
2993	3402
2995	3941
2996	2996
2996	3206
2996	3329
2996	3859
2997	2997
2997	3559
3	3
3	3828
3000	3814
3002	3283
3004	3795
3006	3006
3006	3416
3007	3204
301	2573
301	3656
301	3708
3010	3010
3010	3046
3013	3013
3015	3134
3018	3018
3018	3254
3019	3019
302	1051
302	1248
302	1264
302	1568
302	1652
302	1695
302	1744
302	1887
302	2054
302	2265
302	2672
302	2790
302	2797
302	2896
302	302
302	310
302	3468
302	3692
302	3751
302	3860
302	3941
302	3952
302	465
302	633
302	707
302	780
302	885
302	888
302	970
3020	3541
3021	3021
3027	3027
3027	3881
3028	3028
303	3544
303	3620
303	3889
3031	3031
3031	3870
3032	3032
3032	3527
3033	3033
3033	3468
3033	3710
3034	3034
3037	3037
3037	3406
3037	3504
304	1777
304	3151
304	3730
3040	3040
3042	3873
3043	3043
3045	3593
3045	3872
3046	3046
305	1189
305	1271
305	1664
305	1728
305	1778
305	1895
305	2126
305	2331
305	310
305	331
305	364
305	3731
305	381
305	3923
305	3932
305	3941
305	419
305	424
305	724
305	776
305	849
3051	3051
3051	3091
3051	3342
3051	3569
3051	3937
3054	3226
3057	3564
3063	3491
3066	3066
3066	3067
3066	3566
3066	3571
3066	3728
3067	3067
3067	3699
307	2515
3070	3070
3070	3078
3070	3491
3072	3126
3074	3214
3076	3076
3076	3171
308	1007
308	1560
308	1630
308	2262
308	2575
308	2784
308	308
308	3232
308	3318
308	3628
308	3927
308	952
3083	3083
3086	3086
3086	3307
3087	3087
3087	3492
3089	3089
3089	3688
309	1369
309	1378
309	1382
309	1821
309	1907
309	2092
309	2124
309	2271
309	2407
309	2463
309	2847
309	309
309	3114
309	3802
309	452
3091	3091
3091	3342
3091	3685
3092	3092
3093	3093
3094	3094
3096	3096
3097	3097
3097	3277
3097	3376
3097	3978
3098	3098
3098	3356
3098	3982
3099	3099
3099	3516
31	1217
31	1264
31	1387
31	1530
31	2672
31	302
31	3971
31	519
31	675
31	99
310	1100
310	3538
310	722
3100	3100
3101	3101
3106	3913
3108	3108
3109	3696
311	1404
311	1877
311	2559
3110	3177
3110	3380
3112	3469
3113	3113
3114	3114
3114	3661
3115	3934
3116	3116
3119	3119
312	312
312	3941
312	634
3120	3226
3120	3554
3121	3121
3121	3756
3122	3326
3122	3713
3122	3726
3122	3845
3125	3125
3125	3816
3127	3654
313	1307
313	1359
313	1482
313	2576
313	667
3132	3260
3132	3377
3134	3134
3135	3135
314	1021
3143	3143
3143	3483
3143	3575
3146	3146
3147	3147
3148	3884
3151	3151
3151	3434
3151	3869
3153	3153
3156	3156
3158	3696
316	2064
3163	3163
3164	3967
3168	3168
3176	3176
3176	3609
3177	3177
3177	3529
3178	3178
3179	3196
3179	3774
318	1012
318	2152
318	318
318	328
318	3469
318	3473
318	3870
318	792
3180	3180
3182	3382
3183	3183
3183	3319
3183	3383
3183	3559
3184	3184
3184	3228
3184	3589
3189	3189
319	2366
319	2465
319	319
3193	3676
3196	3196
32	577
3200	3728
3201	3201
3201	3782
3204	3204
3204	3630
3204	3873
3209	3209
321	2043
321	321
321	3307
321	774
3212	3238
3212	3379
3213	3213
3213	3318
3213	3900
3215	3215
3224	3659
3226	3574
3227	3241
3227	3615
3228	3228
3228	3231
3228	3270
3228	3680
3228	3974
3230	3230
3231	3556
3232	3232
3232	3318
3232	3437
3232	3529
3232	3628
3238	3238
3238	3593
3239	3239
324	3904
324	810
3243	3243
3243	3244
3243	3518
3243	3610
3243	3862
3247	3927
3248	3808
3249	3960
3251	3251
3252	3828
3253	3253
3255	3286
3255	3723
3255	3777
3257	3257
326	787
3260	3260
3263	3707
3264	3264
3266	3681
3269	3269
327	2189
327	2591
327	327
3270	3270
3270	3419
3270	3680
3271	3753
3274	3585
3277	3978
3279	3819
328	1085
328	1155
328	2141
328	2373
328	2493
328	2530
328	2846
328	3176
328	328
328	3301
328	3609
328	3805
328	3879
328	492
328	501
328	667
3286	3286
3288	3288
3288	3455
3288	3612
3289	3289
329	1769
329	2007
329	2095
329	3270
329	329
329	3680
329	3876
329	3928
329	843
3292	3292
3295	3295
3296	3296
33	1481
33	2087
33	33
33	3433
33	3985
330	1836
330	3122
330	330
3300	3300
3301	3805
3305	3305
3305	3849
3307	3307
3307	3655
3308	3308
331	1164
331	1350
331	2351
331	2817
331	2826
331	331
331	3311
331	3399
331	3809
331	417
331	944
3310	3741
3311	3311
3315	3315
3315	3700
3316	3398
3318	3318
3318	3628
3319	3319
332	1232
332	1591
332	1792
332	1803
332	1919
332	2004
332	2486
332	3771
332	3950
332	790
332	825
3323	3323
3325	3325
3326	3713
3329	3329
3329	3470
333	1657
333	768
3331	3682
3337	3337
3338	3499
3339	3339
3339	3578
3339	3603
334	1891
334	2366
334	2465
334	3706
334	3944
3340	3340
3341	3359
3341	3499
3341	3691
3342	3722
3342	3937
3344	3344
3344	3869
3348	3394
335	1138
335	1254
335	2906
335	3231
335	335
3350	3350
3350	3496
3351	3351
3352	3352
3353	3353
3357	3357
3359	3359
3359	3691
336	2493
336	336
3360	3360
3361	3692
3361	3842
3362	3362
3363	3545
3363	3727
3363	3871
3364	3364
3367	3769
3368	3368
3368	3494
337	337
337	3745
3371	3499
3371	3722
3377	3964
3378	3378
3379	3379
3379	3831
3379	3912
338	2652
338	338
338	443
3380	3380
3380	3408
3381	3501
3382	3382
3386	3386
3389	3947
3390	3390
3390	3946
3394	3579
3399	3399
34	34
34	3869
34	71
340	1116
340	1824
340	2057
340	2185
340	2388
340	2504
340	2632
340	2653
340	3023
340	3121
340	3122
340	3228
340	340
340	3536
340	3774
340	3853
340	3875
340	513
3401	3401
3401	3454
3401	3854
3404	3404
3407	3407
3418	3889
342	1012
342	1257
342	1680
342	1719
342	2054
342	342
342	633
342	792
342	906
3421	3421
3421	3836
3421	3852
3424	3424
3424	3484
3428	3482
3429	3429
343	1836
343	3191
3433	3532
3437	3827
3438	3438
3439	3439
344	1278
344	1654
344	1665
344	2763
344	2774
344	2776
344	2925
344	3483
344	3812
344	3878
344	721
344	780
3441	3441
3448	3448
3449	3530
3449	3932
345	1154
345	1263
345	1760
345	1873
345	1977
345	2019
345	2079
345	2103
345	2159
345	2284
345	2436
345	2675
345	2793
345	345
345	3562
345	3602
345	3621
345	3622
345	3731
345	3784
345	3939
345	458
345	522
345	561
345	747
345	771
345	826
345	851
345	988
3453	3453
3454	3454
3456	3852
3457	3457
3460	3460
3463	3587
3463	3644
3464	3464
3464	3785
3466	3466
3468	3882
347	1053
347	1744
347	1902
347	1937
347	917
3470	3470
3471	3471
3473	3473
3476	3878
3479	3479
348	348
3480	3480
3480	3718
3481	3481
3483	3534
3483	3561
3483	3723
349	1396
349	1628
349	349
349	642
349	865
3490	3490
3491	3602
3491	3691
3497	3497
3498	3686
3499	3499
3499	3964
35	1079
35	1262
35	1311
35	1399
35	1540
35	1673
35	1791
35	1803
35	1863
35	2267
35	2630
35	2757
35	2786
35	3452
35	3491
35	35
35	3735
35	3922
35	405
35	778
35	795
35	804
35	81
35	993
350	1936
3503	3712
3504	3504
3509	3509
351	2493
351	3122
351	581
3510	3510
3512	3512
3513	3513
3513	3653
3514	3514
3514	3979
3517	3517
3519	3519
3522	3522
3523	3523
3526	3526
3529	3625
3529	3654
3538	3538
354	354
3543	3543
3545	3727
355	2724
355	3203
355	355
3550	3550
3551	3696
3554	3554
3557	3557
3559	3592
3559	3654
356	1021
356	1079
356	1154
356	1344
356	1622
356	1895
356	1933
356	1937
356	2044
356	2052
356	2054
356	2150
356	2330
356	2411
356	2424
356	2448
356	2449
356	2454
356	2507
356	2559
356	2584
356	2660
356	2755
356	2820
356	2866
356	2893
356	2911
356	2961
356	2985
356	3143
356	3166
356	3176
356	3206
356	3322
356	356
356	3562
356	3656
356	3723
356	3735
356	3805
356	3813
356	3814
356	451
356	501
356	561
356	707
356	901
356	970
3562	3562
3562	3805
3565	3955
3566	3566
3566	3622
3566	3792
3566	3922
357	1359
357	1401
357	1535
357	2950
357	3921
3571	3571
3572	3572
3572	3984
3582	3582
3582	3669
3584	3584
3587	3587
3589	3589
359	1012
359	1719
359	2312
359	2419
359	2838
359	3288
359	359
359	417
359	427
359	506
359	695
3593	3593
3593	3756
3594	3594
3595	3595
36	839
360	3188
360	3566
360	473
3600	3600
3601	3601
3603	3603
3605	3605
3609	3805
3612	3612
3613	3613
3613	3659
3615	3648
3616	3627
362	1855
362	2736
362	2816
362	2947
362	3382
362	362
362	498
362	797
3622	3622
3622	3792
3623	3623
3623	3723
3623	3971
3624	3951
3629	3629
3630	3873
3631	3631
3632	3632
3634	3634
3639	3639
364	1124
364	1280
364	1344
364	1634
364	1799
364	2150
364	2820
364	2835
364	364
364	3722
364	381
364	3844
364	387
3643	3643
3645	3645
365	1221
365	1317
365	3241
365	3271
365	365
365	3753
3654	3654
3655	3655
3656	3656
3657	3657
366	1505
366	1578
366	1680
366	1752
366	2114
366	2141
366	2449
366	2530
366	3176
366	3528
366	3609
366	366
366	371
366	3723
366	3805
366	501
3660	3660
3664	3664
3664	3735
3664	3747
3668	3668
3669	3669
3669	3860
367	1165
367	1203
367	1331
367	1360
367	1450
367	1519
367	1596
367	1734
367	1848
367	2144
367	2415
367	2480
367	2679
367	2772
367	2927
367	3054
367	3115
367	3184
367	3483
367	367
367	374
367	3910
367	3963
367	456
367	845
367	888
3670	3670
3673	3673
3678	3678
3678	3741
368	2925
368	2995
368	3260
3681	3681
3681	3697
3687	3687
369	1413
369	1778
369	2004
369	2931
369	3360
369	369
369	735
3691	3691
3693	3946
3696	3696
3696	3757
3696	3913
3696	3949
3697	3697
3697	3785
3698	3698
3698	3821
3699	3920
37	3206
37	3805
37	3814
37	3952
37	707
37	970
370	1143
370	1497
370	1832
370	2196
370	2498
370	2646
370	2866
370	3175
370	3238
370	3469
370	370
370	3882
370	3946
3700	3700
3702	3702
3702	3716
3704	3704
3705	3705
3708	3708
371	1121
371	1371
371	1384
371	1484
371	1519
371	1761
371	2079
371	2622
371	3263
371	3368
371	3376
371	3403
371	3494
371	3528
371	3686
371	371
3710	3710
3710	3974
3711	3711
3718	3718
372	372
3720	3720
3722	3722
3722	3923
3722	3937
3723	3723
3725	3725
3726	3726
3728	3728
373	1098
373	1477
373	2281
373	2970
373	373
373	684
3730	3730
3731	3731
3739	3739
374	1060
374	1167
374	1207
374	1307
374	1421
374	1513
374	1719
374	1734
374	2144
374	2154
374	2170
374	2253
374	2337
374	2480
374	2493
374	2609
374	3122
374	3148
374	3178
374	3436
374	3497
374	3726
374	374
374	3802
374	3910
374	581
374	669
374	681
374	794
3741	3741
3741	3899
3744	3744
3749	3749
375	1258
375	948
3754	3754
3757	3757
3757	3913
376	1252
376	2145
376	376
376	507
3767	3767
3767	3782
377	1321
377	1413
377	1532
377	2228
377	377
3770	3971
3774	3774
3775	3775
3779	3828
378	1496
378	1663
378	1976
378	3021
378	3409
378	939
3783	3783
3783	3930
3786	3786
3787	3787
379	3275
379	379
3793	3793
3795	3795
3796	3796
3800	3800
3805	3963
3807	3807
381	1044
381	1124
381	1143
381	1266
381	1368
381	1399
381	1411
381	1578
381	1597
381	1808
381	1895
381	1948
381	2196
381	2242
381	2559
381	2590
381	2646
381	2685
381	2726
381	2810
381	2985
381	3143
381	3235
381	3329
381	3723
381	3770
381	381
381	3813
381	3861
381	3882
381	394
381	3971
381	488
381	552
381	577
381	724
381	887
381	914
381	976
381	996
3810	3810
3813	3813
3816	3816
3817	3817
3821	3821
3822	3822
3826	3826
3829	3829
3842	3842
3842	3957
3843	3843
3848	3848
385	1543
385	1558
385	1583
385	1606
385	1707
385	1794
385	1913
385	2357
385	2591
385	2982
385	3122
385	3305
385	3348
385	3499
385	3565
385	3750
385	3780
385	3806
385	385
385	3870
385	3955
385	400
385	441
385	792
3850	3850
3852	3852
3853	3853
386	1578
386	1808
386	2207
386	2242
386	2576
386	2616
386	2982
386	3735
386	3749
386	3857
386	386
386	3952
386	436
386	746
386	758
386	858
3860	3860
3862	3862
3864	3864
3865	3865
3867	3867
3869	3869
387	1184
387	1189
387	1344
387	1513
387	1778
387	1796
387	2066
387	2104
387	2132
387	2440
387	2726
387	2871
387	3363
387	3545
387	3727
387	3755
387	387
387	3923
387	419
387	436
387	464
387	663
387	746
3870	3870
3872	3872
3872	3905
3873	3873
3875	3974
3877	3877
3878	3878
388	1073
388	1171
388	1180
388	1369
388	2860
388	2925
388	3045
388	3315
388	3700
388	388
388	613
388	845
3884	3884
3885	3885
3889	3889
389	3013
389	389
389	3942
3894	3894
3894	3909
39	1143
39	120
39	1271
39	1490
39	2030
39	2559
39	270
39	2781
39	2925
39	2996
39	3143
39	3235
39	3814
39	3859
39	39
39	402
39	61
39	707
39	881
390	3499
390	390
390	588
390	964
3901	3901
3904	3904
391	1795
391	2767
391	2848
391	2944
391	3114
391	3666
391	3828
391	391
391	565
391	581
3911	3911
3912	3912
3915	3915
392	3183
392	892
3923	3923
3924	3924
3928	3928
3928	3970
393	1511
393	1605
393	3217
393	3565
393	393
393	987
3938	3938
394	1582
394	1637
394	1654
394	2152
394	2204
394	2373
394	2390
394	2532
394	3469
394	3529
394	394
394	404
394	811
3941	3941
3941	3988
3949	3949
395	1577
395	2996
395	3489
395	395
395	527
395	878
395	994
3952	3952
3955	3955
3961	3961
3963	3963
3964	3964
397	1082
397	3134
397	740
3970	3970
3971	3971
3974	3974
398	1215
398	1282
398	1321
398	1435
398	1863
398	2130
398	2136
398	2171
398	2228
398	2299
398	3058
398	398
398	404
398	915
3980	3980
3983	3983
3989	3989
3995	3995
3996	3996
3997	3997
4	1166
4	2068
4	2585
4	4
400	1144
400	3348
401	1673
401	1829
401	2140
401	3687
401	401
402	1217
402	1791
402	2078
402	2296
402	3383
402	3639
402	402
402	542
402	932
403	1113
403	1333
403	2486
403	2731
403	2995
403	3279
403	3435
403	3561
403	3819
403	976
404	1069
404	1185
404	1282
404	1435
404	1637
404	2064
404	2413
404	2687
404	3025
404	3429
404	3499
404	3504
404	3995
404	404
404	731
404	858
404	994
405	1106
405	1189
405	1247
405	1271
405	1862
405	2559
405	3035
405	3325
405	3559
405	3608
405	405
405	636
406	1037
406	1842
406	1948
406	2007
406	3285
406	3371
406	406
407	3178
407	811
408	1220
408	1604
408	2164
408	733
408	999
41	1041
41	1054
41	1306
41	1478
41	1841
41	2062
41	3828
41	41
411	2230
411	411
411	573
413	2003
413	2803
413	2935
414	1003
414	1327
414	2466
414	3000
414	414
415	2725
415	415
415	465
416	1723
417	1370
417	1694
417	1726
417	1879
417	2726
417	2996
417	3566
417	3809
417	417
417	575
418	3166
418	3176
418	3301
418	3805
418	501
419	1331
419	1370
419	1511
419	1734
419	1778
419	1842
419	2202
419	2290
419	2485
419	2884
419	3129
419	3146
419	3566
419	3594
419	3739
419	3923
419	3941
419	3963
419	419
419	496
419	669
419	888
419	952
42	1155
42	42
421	1456
421	645
422	2121
423	1325
423	2591
423	2849
423	2882
423	3414
423	423
423	435
423	792
423	875
424	2126
424	424
425	1076
425	1555
425	2781
425	3367
425	3860
426	1634
426	2273
426	2407
426	426
427	2259
427	3288
428	2984
429	1305
429	2062
429	2965
429	429
43	1165
43	1203
43	1404
43	1596
43	1734
43	2303
43	367
43	51
430	1465
430	3101
430	430
430	858
431	1190
431	1338
431	1635
431	2403
431	431
432	1541
432	2486
434	2110
434	434
435	2882
436	1289
436	1345
436	1470
436	1562
436	1785
436	1903
436	1933
436	2013
436	2324
436	2415
436	2543
436	2776
436	2837
436	2927
436	2995
436	3259
436	3483
436	3540
436	3644
436	3722
436	3811
436	436
436	473
436	546
436	620
437	2311
437	3892
437	437
438	3926
438	438
439	1943
439	439
439	982
439	990
440	1707
440	3314
440	440
441	441
442	2861
442	442
443	1974
443	2571
444	1689
444	3788
445	3922
447	1355
447	1615
447	2541
447	447
447	455
449	1880
449	2051
449	2641
449	3445
449	449
449	552
449	768
45	1410
45	1435
45	2565
45	3499
45	45
451	1622
451	2048
451	2424
451	2451
451	2454
451	2559
451	2985
451	3385
451	723
452	1051
452	1100
452	1112
452	1189
452	1263
452	1278
452	1344
452	1490
452	1535
452	1810
452	2235
452	2347
452	2520
452	3761
452	3957
452	452
452	492
452	788
454	2312
454	2660
454	995
455	1259
455	1355
455	1885
455	2541
455	455
457	1041
457	1577
457	1769
457	1842
457	1890
457	2062
457	2110
457	2113
457	2202
457	2290
457	2542
457	3023
457	3228
457	3270
457	3419
457	3514
457	3680
457	3772
457	3928
457	457
457	680
459	1948
459	459
459	596
46	241
46	46
460	1086
460	1260
460	1373
460	1448
460	1763
460	2026
460	2047
460	3184
460	460
460	773
460	810
461	2190
463	2460
463	2557
464	1124
464	1257
464	1271
464	1291
464	1447
464	1791
464	1796
464	1952
464	2088
464	2774
464	2778
464	2985
464	3427
464	3455
464	3481
464	3561
464	3640
464	464
464	465
464	792
464	798
464	848
464	917
465	1270
465	2985
465	3468
466	3007
469	1809
469	469
469	924
470	1057
470	1217
470	470
471	471
473	3188
473	3566
473	473
474	1527
474	1541
474	2486
474	2774
474	3500
474	478
474	721
475	2639
475	3867
476	1278
476	1470
476	1490
476	1497
476	1847
476	2198
476	3566
476	476
476	527
476	678
476	726
477	1184
478	1307
478	1527
478	2564
478	2963
478	2996
478	3872
478	3905
478	478
479	479
48	1747
48	519
482	1691
482	482
483	1611
483	2381
483	3056
483	3307
483	3587
483	483
483	943
485	485
485	930
486	2906
488	1187
488	1382
488	1652
488	1855
488	2052
488	2088
488	2154
488	2233
488	2454
488	2736
488	2869
488	3165
488	3255
488	3416
488	3723
488	488
488	501
489	489
490	2903
490	2994
490	3010
490	3325
491	1067
491	1591
491	1841
491	1890
491	1956
491	2057
491	2113
491	2306
491	2410
491	2558
491	3180
491	3771
491	3868
491	575
491	693
491	797
491	879
491	957
492	1021
492	1238
492	1512
492	1534
492	1571
492	2176
492	2372
492	3469
492	3470
492	3518
492	3558
492	3566
492	3775
492	3922
492	492
492	631
492	767
492	851
493	1397
493	1485
493	1885
493	3719
493	3823
493	3887
493	793
494	2290
494	3772
494	3852
494	494
495	2951
495	495
496	1333
496	1541
496	2485
496	2486
496	2622
496	3146
496	3167
496	3324
496	3832
496	496
496	825
496	856
496	918
497	1283
497	1355
497	1855
497	1885
497	2205
497	2347
497	2357
497	2541
497	2647
497	2736
497	2887
497	497
498	1956
498	797
498	924
499	1892
499	2207
499	499
5	1237
5	1280
5	1517
5	1654
5	2390
5	3452
5	3865
5	394
5	492
5	5
5	557
5	81
5	852
5	888
50	1470
50	1490
50	1512
50	2054
50	2575
50	2579
50	2966
50	3566
50	3622
50	3792
50	417
50	473
50	476
50	492
50	50
50	650
500	1613
500	1697
500	1701
500	500
501	1063
501	1111
501	1189
501	1206
501	1280
501	1344
501	1505
501	1578
501	1622
501	1680
501	1752
501	1803
501	1986
501	1992
501	2085
501	2114
501	2141
501	2245
501	2363
501	2373
501	2449
501	2530
501	2559
501	2701
501	2722
501	2738
501	2846
501	2996
501	3176
501	3255
501	3257
501	3562
501	3609
501	3612
501	3723
501	3739
501	3777
501	3805
501	3946
501	501
501	642
501	707
501	914
501	928
502	1547
502	1757
502	1897
502	2015
502	2348
502	2782
502	3101
502	502
502	871
502	948
503	1124
503	1280
503	1680
503	1799
503	2449
503	2454
503	2580
503	2932
503	2985
503	3322
503	3353
503	3392
503	3529
503	3860
503	3896
503	644
506	2259
506	2488
506	2706
506	3476
506	3859
506	3878
506	506
506	564
506	695
506	770
506	963
507	1564
507	507
509	2667
509	3264
509	509
509	543
51	1005
51	1041
51	1336
51	1491
51	1652
51	1678
51	1754
51	1925
51	1948
51	1949
51	2317
51	2349
51	2388
51	242
51	2493
51	2514
51	2535
51	2578
51	2632
51	2639
51	3044
51	3063
51	3114
51	3252
51	3270
51	3519
51	3549
51	3680
51	3774
51	3828
51	385
51	457
51	51
51	552
51	680
51	681
51	748
51	766
51	807
51	81
510	2663
510	3741
510	3754
510	3929
510	510
511	3029
511	3785
512	1235
512	1283
512	1344
512	1486
512	1799
512	1879
512	2407
512	2449
512	2559
512	3672
512	3728
512	620
513	1116
513	1261
513	1540
513	1591
513	1777
513	3122
513	3536
513	3592
513	513
514	514
515	1098
515	515
515	987
517	3402
517	517
519	1217
519	1747
519	542
52	1126
522	1634
522	1831
522	3250
522	523
522	716
525	1373
525	2026
525	3027
525	525
526	1257
526	1401
526	1872
526	1986
526	2195
526	3566
526	526
526	716
527	1103
527	1743
527	2504
527	2850
527	527
528	1749
528	1848
528	2284
528	2329
528	3858
528	3863
528	3982
528	528
528	587
528	726
53	2271
53	2420
53	3087
53	309
53	53
530	1413
530	1497
530	1667
530	2774
530	530
534	2643
534	534
535	1198
535	1603
535	1711
535	1812
535	1935
535	2079
535	3183
535	3319
535	3484
535	3954
535	3962
535	535
535	627
536	1351
536	1478
537	3334
537	537
539	539
54	1319
54	1384
54	2582
54	282
54	3110
54	3440
54	3895
54	54
54	587
54	694
54	697
54	974
540	1190
540	1245
540	1468
540	1742
540	1773
540	1814
540	1924
540	2311
540	2327
540	2403
540	2906
540	684
541	1311
541	1723
541	1829
541	2277
541	2842
541	2981
541	3993
541	541
541	735
542	1217
542	1384
542	1926
542	1987
542	1991
542	2612
542	2730
542	2826
542	3342
542	542
542	769
542	793
543	1963
543	2667
543	543
544	2482
544	3678
544	544
545	3197
546	1027
546	1589
546	1855
546	1879
546	2736
546	2737
546	3445
546	3450
546	3540
546	3813
546	546
546	768
548	548
55	1490
55	1523
55	155
55	1641
55	1680
55	1719
55	1903
55	2018
55	2049
55	305
55	3378
55	3533
55	3566
55	55
55	792
55	99
550	1665
550	2663
550	2776
550	3929
550	571
550	969
551	1465
551	1533
551	2255
551	2518
551	2708
551	2888
551	3499
551	551
552	1079
552	1119
552	1203
552	1368
552	1785
552	1895
552	2128
552	2207
552	2274
552	2330
552	2679
552	2726
552	2927
552	2995
552	3125
552	3146
552	3257
552	3347
552	3377
552	3398
552	3656
552	3660
552	3805
552	3806
552	3810
552	552
552	613
552	657
552	768
552	866
552	979
554	3543
554	554
555	2897
556	969
557	2925
557	825
557	852
559	1021
559	1622
559	601
560	1307
560	2407
560	678
560	975
561	1154
561	1263
561	3562
561	3602
561	3731
561	561
561	606
561	644
561	746
561	771
561	807
561	851
561	917
562	1577
562	1668
562	1809
562	2372
562	2409
562	2713
562	2997
562	3212
562	3379
562	3532
562	562
562	567
562	678
562	748
562	854
564	1283
564	564
565	3010
565	3266
565	3681
565	3714
566	1742
566	1841
566	566
567	1037
567	1212
567	1909
567	2037
567	2130
567	2545
567	3410
567	567
567	982
57	1119
57	1235
57	1926
57	266
57	2820
57	2835
57	3020
57	335
57	3592
57	3606
57	512
57	867
570	1222
571	969
572	1165
572	1180
572	1457
572	1760
572	1833
572	2545
572	3115
572	3183
572	3469
572	572
572	613
572	826
572	829
573	1050
573	2024
573	2230
573	573
574	1307
574	1412
574	1734
574	1858
574	1891
574	2031
574	2434
574	2531
574	3444
574	3694
575	2306
575	3010
575	3266
575	575
577	1197
577	1397
577	1948
577	3135
577	3373
577	3382
577	3445
577	768
577	935
577	965
578	1233
578	1310
578	1361
578	1402
578	1496
578	1512
578	1540
578	1719
578	1925
578	2088
578	2210
578	2454
578	2591
578	2911
578	2944
578	3066
578	3469
578	3566
578	3592
578	3808
578	3869
578	3875
578	578
578	708
578	765
578	899
579	1473
579	579
58	58
580	1481
580	580
581	1138
581	1421
581	1976
581	2047
581	2493
581	2573
581	2928
581	3114
581	3122
581	3129
581	581
581	724
581	731
582	2679
582	2695
582	3377
582	3754
583	2021
583	2442
583	2918
583	583
584	2942
584	3272
584	930
587	1025
587	1198
587	1610
587	1889
587	2384
587	3097
587	3271
587	3348
587	3469
587	587
588	1543
588	2703
588	3132
588	797
588	879
588	909
588	996
59	59
590	1484
590	2638
590	3178
590	3249
590	3704
590	3960
590	669
592	1777
592	1827
592	2538
592	2546
592	3228
592	3974
593	1111
593	1358
593	2411
593	593
594	594
595	1278
595	1495
595	1552
595	2332
595	3598
595	3630
595	595
595	632
595	735
598	2211
599	2105
599	2683
599	599
6	1085
6	3087
6	6
6	667
60	172
60	210
60	2195
60	2401
60	2463
60	3468
60	3883
60	478
60	60
60	722
601	1021
601	1359
601	1497
601	1641
601	1761
601	2198
601	2672
601	2790
601	3401
601	3454
601	3491
601	601
601	708
601	767
601	768
602	602
603	1513
603	1589
603	2253
605	1490
605	2776
605	3648
605	605
606	2559
606	3731
606	851
607	1802
607	2517
607	2924
607	3935
607	607
608	1088
608	1245
608	1480
608	2965
609	609
61	109
61	2669
61	2729
61	3239
61	3361
61	61
61	95
611	3086
612	2488
612	2622
612	3167
612	612
612	855
613	1180
613	3045
613	613
613	790
613	825
613	886
614	1062
614	3007
614	3671
614	3827
614	614
615	1076
615	3276
615	615
615	864
617	1183
617	2883
617	617
617	737
617	985
619	1943
619	2784
619	3018
62	62
620	1085
620	1167
620	1486
620	1695
620	1887
620	1903
620	2013
620	2104
620	2242
620	2244
620	2312
620	2331
620	2576
620	2693
620	2848
620	2856
620	2982
620	3276
620	3472
620	3540
620	3722
620	3967
620	620
620	925
621	1477
621	1665
621	2518
621	2551
621	3058
621	3499
621	3515
621	621
623	2280
623	623
624	1950
624	2300
624	2321
624	2421
624	2815
624	3188
624	3672
624	3830
625	1344
625	3257
625	625
625	746
625	986
627	1198
627	1386
627	1687
627	1935
627	2318
627	3679
627	646
627	974
628	1360
628	628
63	1154
63	1456
63	216
63	3562
63	421
63	561
63	63
63	645
631	1747
631	2054
631	2266
631	2391
631	2434
631	2591
631	2961
631	3120
631	3331
631	3518
631	3682
631	3751
631	3860
631	631
631	964
632	1119
632	1495
632	3198
632	3598
632	632
633	1264
633	2486
633	3582
633	3946
634	634
635	3809
635	635
636	3338
636	636
638	2702
64	104
64	1666
64	2739
64	3042
64	3064
64	3674
64	64
64	830
640	2127
640	3106
640	3133
640	640
642	1598
642	1652
642	1803
642	1880
642	1987
642	2085
642	2634
642	2985
642	3575
642	3925
642	642
642	679
642	970
643	2493
643	2891
643	3860
644	1154
644	3562
644	3847
645	1456
645	3062
645	3731
646	1051
646	1185
646	1688
646	1935
646	2265
646	2629
646	2983
646	3380
646	3692
646	646
646	974
647	2088
647	2672
647	3160
647	647
648	648
649	1868
649	2331
65	1288
65	1414
65	214
65	2733
650	970
651	3193
651	3676
651	3907
653	653
655	1016
655	1094
655	1271
655	1972
655	3073
655	858
655	859
656	1773
657	1119
657	3328
657	3508
657	657
659	2394
659	3596
659	659
66	1362
66	2615
66	3147
66	344
66	66
661	1154
661	2104
661	2486
661	3316
661	3398
661	661
661	736
662	2416
662	3243
662	3244
662	3364
662	741
663	1235
663	2559
663	3566
664	1235
665	1164
665	1700
665	2015
665	2125
665	2778
665	3101
665	3941
665	722
667	1072
667	1085
667	1339
667	1719
667	2331
667	2594
667	2714
667	3445
667	667
667	752
669	1484
669	1688
669	1708
669	2337
669	2491
669	2498
669	3070
669	3178
669	3861
669	3963
669	811
67	1248
67	1318
67	1368
67	1395
67	1749
67	1925
67	1937
67	1995
67	200
67	2051
67	2138
67	2242
67	2292
67	2295
67	239
67	2672
67	285
67	2911
67	3260
67	3279
67	3327
67	3722
67	436
67	67
670	670
671	1324
671	1718
671	2236
671	671
675	1387
675	3971
676	2748
676	3004
676	676
677	1513
678	1190
678	1924
678	2113
678	2302
678	2409
678	2891
678	3003
678	3180
678	3371
678	3423
678	3513
678	678
678	953
679	1138
679	1728
679	3078
679	3925
679	679
68	1221
68	1467
68	1562
68	1798
68	187
68	1931
68	1989
68	1996
68	2112
68	2517
68	2531
68	260
68	2932
68	3753
68	503
68	607
68	68
681	3122
682	2939
682	3579
682	682
682	724
682	928
683	1738
683	683
684	1074
684	1477
684	2798
684	3738
685	1869
685	2759
686	1093
686	1514
686	1579
686	2649
686	2989
686	686
689	2585
689	3776
689	689
689	924
69	2274
690	1115
690	1700
690	2257
690	3195
690	690
690	808
693	2997
694	1104
694	1239
694	1642
694	2254
694	2422
694	3110
694	3335
694	3380
694	3722
694	694
695	1067
695	2088
695	2169
695	3879
695	695
695	717
696	696
697	2582
699	3273
699	3708
699	699
7	1280
7	151
7	1902
7	1982
7	270
7	2886
7	2889
7	3023
7	3835
7	3995
7	476
7	578
7	7
7	911
70	3230
700	2431
700	700
701	1005
701	1737
701	1964
701	2622
701	2907
701	3167
701	3252
701	3779
701	3828
701	3854
701	809
701	849
702	2750
702	733
705	1636
705	705
707	1028
707	1181
707	1187
707	1189
707	1266
707	1540
707	1727
707	1879
707	1901
707	2054
707	2363
707	2372
707	2416
707	2623
707	2961
707	2964
707	3000
707	3143
707	3214
707	3260
707	3580
707	3813
707	3814
707	707
707	881
707	900
708	1031
708	1360
708	1879
708	2198
708	2210
708	2672
708	2790
708	3129
708	3454
708	3860
708	708
71	1189
71	2573
71	3054
71	3072
71	3126
71	3301
71	3502
71	3573
71	71
710	2125
712	1246
712	1545
712	1577
712	1688
712	2424
712	2575
712	2946
712	2961
712	3247
712	3452
712	3793
712	712
713	1165
713	1824
713	2243
713	2515
713	2653
713	713
713	810
714	714
714	896
715	1028
715	1094
715	2799
715	3089
715	3688
715	715
716	1354
716	1358
716	1597
716	1803
716	2411
716	2813
716	3023
716	3198
717	1012
717	1333
717	2486
717	2889
717	3500
717	908
717	911
718	1321
718	718
718	804
719	1571
719	1941
719	2098
719	3777
719	3975
719	719
720	1278
720	2051
720	720
721	2196
721	2774
721	721
722	1202
722	1340
722	1887
722	2242
722	2313
722	2401
722	2600
722	2835
722	2961
722	2995
722	3229
722	3445
722	3468
722	3941
722	953
724	1086
724	1143
724	1181
724	1566
724	1622
724	1803
724	2133
724	2164
724	2269
724	2330
724	2709
724	2795
724	2797
724	2866
724	2932
724	3529
724	3625
724	3792
724	3824
724	3971
724	3988
724	724
724	887
724	928
725	1109
725	725
726	1637
727	1058
727	1499
727	800
73	2528
73	3989
73	628
73	73
731	2047
731	2759
731	731
733	1604
733	733
734	734
735	1319
735	1667
735	2045
735	2299
735	2675
735	2981
735	3629
735	735
739	2802
739	739
740	1057
740	1748
740	3134
741	741
741	792
741	794
743	2670
743	3867
743	743
744	2273
744	3200
744	3728
746	1021
746	1046
746	1154
746	1344
746	1574
746	1895
746	2150
746	2300
746	2330
746	2363
746	2407
746	2411
746	2755
746	2924
746	3176
746	3257
746	3562
746	3572
746	3728
746	3865
746	3923
746	3935
746	746
746	853
746	859
747	1191
747	2116
747	2258
747	2593
747	2793
747	3005
747	3150
747	3351
747	3380
747	3408
747	747
747	773
748	1857
748	2222
748	2650
748	748
748	879
749	749
75	1104
75	1141
75	1336
75	221
75	2373
75	2451
75	2566
75	3359
75	3600
75	451
75	481
75	723
75	75
75	956
751	1551
751	1618
751	2424
751	3808
751	3922
751	3971
751	751
752	1063
752	1085
752	1257
752	1500
752	1779
752	2331
752	2721
752	2838
752	2961
752	3164
752	3967
752	752
752	801
752	849
752	906
756	2552
756	3023
756	3995
758	1005
758	1079
758	1151
758	1895
758	1937
758	2372
758	2467
758	2579
758	2584
758	2660
758	2876
758	3020
758	3593
758	3640
758	3735
758	3817
758	3932
758	758
758	886
759	2207
759	759
76	734
761	1016
761	1023
761	1060
761	1072
761	1719
761	2208
761	2607
761	2714
761	2931
761	3501
761	3566
761	3629
761	761
761	965
762	3990
763	763
764	764
765	1021
765	1189
765	1592
765	1622
765	1779
765	1848
765	2150
765	2330
765	2454
765	2583
765	2630
765	2941
765	2996
765	3350
765	3353
765	3571
765	3859
765	765
766	1198
766	1221
766	1945
766	1991
766	2079
766	2542
766	2578
766	2730
766	2951
766	3326
766	3737
766	766
767	2498
767	3946
767	3963
767	767
767	778
768	1602
768	1734
768	1879
768	2085
768	2091
768	2198
768	2313
768	2701
768	2893
768	3445
769	1051
769	1089
769	1230
769	1987
769	2028
769	2490
769	2634
769	2730
769	3692
769	769
769	955
77	1017
77	106
77	1165
77	1191
77	1688
77	1748
77	1926
77	1979
77	2175
77	2449
77	2966
77	3005
77	3110
77	3111
77	3166
77	3177
77	3210
77	3234
77	3380
77	3408
77	367
77	3707
77	3723
77	3922
77	406
77	488
77	682
77	724
77	740
77	746
77	747
77	77
77	837
77	847
77	886
77	887
77	983
770	2028
770	2299
770	3476
770	3499
770	3878
770	964
771	1154
771	3562
773	1317
773	1515
773	1558
773	1603
773	1783
773	2026
773	2047
773	2116
773	2258
773	2286
773	2320
773	2593
773	2938
773	3277
773	3523
773	773
774	1791
774	2208
774	2607
774	774
775	1197
775	1305
775	1366
775	1455
775	2814
775	3089
775	3688
775	775
775	931
775	959
776	895
778	1250
778	2267
778	2416
778	2498
778	2580
778	2890
778	3045
778	3593
778	786
778	993
779	779
78	78
78	812
780	1469
780	1735
780	1782
780	1895
780	1927
780	2896
780	3182
780	3476
780	3728
780	3878
780	780
780	979
781	3432
781	781
782	1200
782	782
783	1600
783	1866
783	2783
783	3472
783	783
786	1235
786	3491
786	786
786	798
786	993
787	2449
787	3579
787	787
789	1479
789	1788
789	1957
789	2215
789	2290
789	2466
789	2583
789	2936
789	3000
789	3876
789	3979
789	789
789	888
789	945
79	1332
79	2026
79	3990
79	762
79	79
790	1002
790	1202
790	1333
790	1606
790	2336
790	2679
790	2935
790	2995
790	3206
790	3220
790	3565
790	3859
790	3955
790	790
790	825
790	976
791	1264
791	1717
791	1972
791	2312
791	2826
791	3073
791	3177
791	3521
791	3771
791	791
792	1012
792	1182
792	1695
792	1699
792	1950
792	2221
792	2648
792	3193
792	3455
792	3676
792	3851
792	3915
792	792
793	1217
793	1384
793	1656
793	3348
793	3887
793	3940
793	793
794	2170
795	3593
795	795
796	2065
796	2299
796	2362
796	2591
797	1212
797	1956
797	2157
797	2518
797	2558
797	2739
797	2762
797	2928
797	3132
797	3212
797	3371
797	3464
797	797
797	879
797	957
798	1181
798	1278
798	1490
798	1497
798	1606
798	1791
798	1810
798	2088
798	2911
798	3491
798	3824
798	901
798	993
799	799
8	1165
8	1307
8	1321
8	1519
8	1611
8	1656
8	1848
8	1879
8	218
8	2415
8	2422
8	2486
8	2620
8	2651
8	3074
8	3115
8	3309
8	3348
8	3428
8	3482
8	3887
8	398
8	483
8	8
8	994
800	1499
800	800
801	1085
801	849
802	2869
802	3165
802	3663
802	802
803	1360
803	1888
803	803
804	1036
804	1542
805	1477
805	1889
805	2771
805	2961
805	3270
805	3549
805	3680
805	805
807	1154
807	1336
807	1340
807	1622
807	2639
807	2786
807	2835
807	3229
807	3497
807	3562
807	807
808	1077
808	1463
808	1529
808	1668
808	2220
808	2449
808	2820
808	2912
808	3261
808	3350
808	3532
808	3941
808	808
808	991
809	1533
809	1566
809	2518
809	2528
809	3132
809	3964
809	809
81	1519
81	1671
81	1678
81	2105
81	2424
81	2683
81	2784
81	2817
81	308
81	3126
81	3232
81	3385
81	3407
81	3437
81	3452
81	3793
81	599
81	81
81	952
810	1158
810	1577
810	2476
810	2714
810	3122
810	3184
810	3396
810	810
810	952
811	1092
811	1157
811	1393
811	1484
811	2452
811	3178
811	3491
811	3589
811	3623
811	3670
811	811
811	848
813	2635
814	1346
814	1928
814	2385
814	3456
814	3681
814	3852
814	814
814	823
816	1151
816	1639
816	2128
816	2322
816	2889
816	3026
816	3146
816	911
816	973
818	2331
818	2721
818	3787
818	3945
818	849
82	82
820	1453
820	1824
820	2144
820	2514
820	820
820	867
822	2012
822	2432
822	838
823	1517
823	1647
823	2375
823	2806
823	3710
823	823
825	1072
825	1180
825	1333
825	1541
825	1654
825	1719
825	2486
825	2714
825	2721
825	2731
825	2864
825	2973
825	3167
825	3240
825	3828
825	3918
825	825
825	856
825	888
825	918
825	987
826	1606
826	1760
826	2609
826	3565
826	3955
826	826
827	1483
827	827
829	1401
829	2301
829	3469
829	829
829	949
830	1406
832	1585
832	1759
833	1872
837	2411
838	1688
838	2610
838	838
838	983
839	3188
84	108
84	163
84	2204
84	2390
84	3469
84	394
84	572
842	3757
843	1769
843	2391
843	3419
843	3772
844	1324
844	3768
844	844
845	1060
845	2054
845	2124
845	2271
845	2665
845	2866
845	2904
845	2999
845	3054
845	3534
845	3720
845	3811
845	845
846	1062
846	1077
846	3671
847	1217
847	1319
847	2824
847	2980
847	3091
847	3380
847	3408
847	3440
847	932
847	974
848	1447
848	2363
848	2452
848	3640
848	848
849	1012
849	1432
849	1827
849	1975
849	2331
849	2486
849	2567
849	2721
849	2796
849	3155
849	3457
849	3562
849	3787
849	3945
849	849
849	886
849	906
85	1026
85	1856
85	2211
85	3156
85	85
851	1021
851	1154
851	3257
851	3562
851	3731
852	1637
852	2390
852	2466
852	3469
852	852
853	1235
853	1344
853	1388
853	1695
853	2363
853	2407
853	2709
853	2866
853	3112
853	3257
853	3874
853	853
854	2321
855	3146
856	2485
856	2486
856	2622
856	3146
856	3167
856	3240
856	3832
856	918
857	3630
858	1051
858	1076
858	1701
858	1918
858	2099
858	2242
858	2357
858	2500
858	2576
858	2975
858	2982
858	3675
858	3692
858	3857
858	3957
858	858
859	1344
859	2038
859	2363
859	2996
859	3257
860	3129
860	860
861	2866
861	2928
861	887
863	1307
863	3592
864	3729
865	1396
865	1810
865	2148
865	2245
865	3078
865	865
865	962
866	1543
866	1551
866	1654
866	1816
866	1842
866	1961
866	2306
866	2385
866	2386
866	2390
866	2679
866	2731
866	2739
866	2798
866	2884
866	2928
866	2934
866	3025
866	3091
866	3124
866	3332
866	3377
866	3433
866	3435
866	3697
866	3728
866	3961
866	3964
866	866
866	879
866	973
867	1165
867	1360
867	1453
867	1824
867	3232
867	3827
867	867
868	1046
868	2559
87	1305
87	87
871	1547
871	1757
871	2453
871	2867
871	3535
871	871
872	2418
872	2623
872	872
874	2575
875	1074
875	1325
875	2281
875	2808
875	875
876	2462
876	876
877	1002
877	2343
877	2995
878	1577
878	1879
878	2202
878	2504
878	2984
878	3023
878	878
879	1049
879	1272
879	1491
879	1956
879	2048
879	2157
879	2222
879	2602
879	2739
879	2928
879	3513
879	3697
879	879
879	975
88	1880
88	2798
88	285
880	1719
881	3143
885	1143
885	2054
885	2772
885	3664
885	3747
886	1248
886	1388
886	1486
886	1767
886	1808
886	1937
886	1972
886	2085
886	2207
886	2579
886	2848
886	3212
886	3674
886	3874
887	1264
887	1387
887	2269
887	2330
887	2866
887	2932
887	3175
887	3625
887	3654
887	993
888	1016
888	1128
888	1344
888	1600
888	1881
888	1932
888	2051
888	2390
888	2781
888	2961
888	3033
888	3338
888	3473
888	3574
888	3710
888	888
888	987
889	3453
889	3703
889	889
89	3493
89	89
890	1868
890	890
891	2517
891	891
892	2693
892	3183
893	3524
893	893
894	1636
894	1916
894	2492
894	2598
894	894
895	1503
895	3425
895	895
899	2172
899	3869
899	3915
9	3714
9	9
90	1856
900	3580
901	1124
901	1368
901	1369
901	1551
901	1568
901	1641
901	2044
901	2300
901	2407
901	2449
901	2985
901	3276
901	901
904	2367
904	2645
904	904
906	1085
906	1891
906	2331
906	2363
906	2554
906	2721
907	3106
907	907
908	1963
908	2905
908	2907
908	908
909	909
91	2043
911	2092
911	2124
911	2889
911	3243
911	911
911	934
912	912
914	1145
914	1247
914	1278
914	1361
914	1368
914	1551
914	1912
914	2004
914	2161
914	2295
914	2416
914	2559
914	3469
914	914
915	1148
915	1321
915	1468
915	1477
915	1489
915	1635
915	1773
915	1923
915	2298
915	2403
915	2840
915	3257
915	3305
915	3678
915	3971
915	915
916	1706
916	1764
916	2411
916	2467
916	2639
916	2647
916	2697
916	3054
916	3338
916	3552
916	3808
916	916
917	1154
917	1490
917	1719
917	1749
917	3562
918	2211
918	2486
918	3167
918	3240
918	3832
920	3384
921	1257
921	3305
922	3159
922	922
924	1197
924	2155
924	2157
924	2536
924	2802
924	2928
924	2935
924	3020
924	3074
924	3179
924	924
924	976
925	1389
925	1779
925	1818
925	1879
925	1880
925	2051
925	2242
925	2295
925	3023
925	3279
925	3327
925	3449
925	925
926	1025
926	2574
926	926
928	1343
928	1968
928	2449
928	2493
928	3579
928	3805
929	929
93	601
930	2555
930	930
931	1146
931	1197
931	2935
931	931
932	1343
932	1889
932	3869
934	1772
934	2092
934	3668
935	1809
935	1948
935	2611
935	3551
935	3696
935	935
936	3215
936	936
937	937
938	1191
939	1682
939	1813
939	1852
939	2957
939	3631
939	939
939	994
94	1005
94	1149
94	1190
94	1364
94	1541
94	1964
94	205
94	2276
94	2486
94	2657
94	3189
94	3252
94	332
94	3828
94	496
94	812
94	94
940	1465
940	1533
940	1660
940	1951
940	1983
940	3491
940	3533
940	3973
940	940
943	1481
943	2124
943	2463
943	3056
943	3275
943	3921
943	3956
943	943
944	1350
944	2186
944	3613
944	3659
944	944
947	1492
947	3816
947	947
948	1258
948	1516
948	1757
948	1780
948	1838
948	2199
948	2275
948	3412
948	3605
948	948
949	1477
949	2091
949	2518
949	3132
95	1012
95	106
95	163
95	2242
95	318
95	3469
95	3473
95	3771
95	394
95	795
950	1168
950	1340
950	1461
950	2075
950	950
951	2577
951	3344
952	1370
952	1560
952	1734
952	2290
952	2424
952	2621
952	2884
952	2978
952	3407
952	3715
952	3927
952	952
953	1034
953	1999
953	2159
953	2891
953	953
955	2517
955	3214
955	3394
955	955
957	2410
957	2558
957	3868
959	2546
959	3089
959	3928
959	959
96	1074
96	2591
96	2882
96	327
96	435
96	96
960	1041
960	1116
960	2895
960	3228
960	960
961	961
963	2077
963	963
964	1349
964	1585
964	1833
964	1887
964	1933
964	2242
964	2391
964	2576
964	2697
964	2982
964	3338
964	3499
964	964
965	1948
966	1032
966	1556
966	2639
966	966
967	1981
967	3033
968	2820
968	2835
968	3166
968	3555
968	3659
968	968
968	992
969	1583
969	1604
969	1726
969	1855
969	2490
969	3420
969	969
97	1758
97	180
97	2140
970	1788
970	3176
970	3206
970	3257
970	3491
970	3952
970	970
970	976
971	971
973	1333
973	1639
973	2486
973	2620
973	3026
973	973
974	1000
974	1179
974	1191
974	1198
974	1765
974	1805
974	1935
974	2582
974	3895
975	2486
976	1005
976	1124
976	1137
976	1164
976	1680
976	1734
976	1931
976	2051
976	2175
976	2336
976	2424
976	2907
976	2935
976	2985
976	2995
976	3385
976	3452
976	3606
976	3621
976	3906
976	976
977	1445
978	1551
979	1340
979	1470
979	2411
979	2979
979	3092
981	1482
981	2330
981	2755
981	3200
981	981
982	1284
982	1476
982	1513
982	1542
982	1787
982	2253
982	2331
982	2510
982	2715
982	2934
982	3141
982	3148
982	3420
982	3630
982	3803
983	1484
983	1560
983	1688
983	1907
983	2683
983	3700
983	983
985	1010
985	1384
985	1458
985	1940
985	1988
985	2155
985	2573
985	2883
985	3721
985	985
986	2837
987	2164
987	2357
987	2367
987	2507
987	3381
987	3812
987	987
988	1972
988	2019
988	2266
988	2961
988	2964
988	3518
989	1560
989	2511
989	2747
989	989
99	1051
99	1072
99	1271
99	1387
99	155
99	1617
99	1719
99	1744
99	1902
99	200
99	2242
99	2413
99	2510
99	2576
99	266
99	2714
99	2778
99	2925
99	2982
99	343
99	3692
99	3800
99	386
99	436
99	880
99	99
99	996
991	991
992	3113
992	3224
992	3659
992	992
993	1266
993	1791
993	1803
993	2795
993	3008
993	3491
993	3953
993	993
994	1140
994	1143
994	1682
994	2064
994	2301
994	2372
994	2425
994	2835
994	2888
994	3037
994	3172
994	3229
994	3342
994	3406
994	3433
994	3479
994	3504
994	3532
994	994
995	1803
995	2435
995	995
996	1604
996	1855
996	1895
996	2703
996	996
997	2762
997	3367
997	3476
