#Nodes	4000
#Edges	9879
1	1
1	1289
1	1541
1	2345
1	2567
1	496
1	661
1	825
10	10
10	114
10	1373
10	1545
10	1678
10	2373
10	2578
10	2701
10	2709
10	3042
10	3125
10	3359
10	3497
10	3519
10	3691
10	37
10	3816
10	51
10	75
10	766
100	100
100	1496
100	2993
100	3186
1000	1558
1000	1935
1000	3920
1002	3114
1002	3661
1003	1003
1003	1327
1005	1005
1005	1079
1005	2177
1005	2660
1005	2963
1005	3114
1005	3276
1005	3735
1005	3779
1005	3828
1006	1006
1006	2476
1006	3213
1007	2595
1007	2853
1008	1008
1008	1457
1008	1610
1008	1931
101	101
1010	1822
1010	3721
1011	1011
1011	2079
1011	2303
1011	3394
1011	3765
1012	1012
1012	1472
1012	2220
1012	3068
1012	3455
1012	3585
1015	1015
1015	2209
1015	2223
1016	1235
1016	1796
1016	3244
1016	3497
1016	3814
1017	1017
1019	1019
1019	1931
1019	2006
1019	2517
1019	2930
1019	3041
102	102
1020	1020
1020	1467
1020	1935
1020	1979
1020	2079
1020	2574
1020	3397
1021	1622
1021	1701
1021	2174
1021	2415
1021	2911
1021	3066
1022	3696
1023	2520
1023	2971
1024	1142
1024	3250
1025	1979
1026	2211
1028	2430
1029	1149
1029	1740
1029	2657
1029	2998
1029	3512
1029	3821
103	1011
103	103
103	1191
103	1198
103	1221
103	3765
103	587
103	766
103	773
1031	1590
1031	1767
1031	2220
1031	2790
1031	2848
1032	1032
1032	1556
1032	2400
1033	1610
1033	2449
1033	3127
1033	3166
1033	3654
1033	3744
1033	3784
1035	1035
1035	1511
1035	2266
1035	3217
104	1666
104	1766
104	291
1040	1040
1041	1041
1041	1841
1041	1890
1041	2113
1041	2290
1041	2410
1041	2977
1041	3070
1041	3419
1041	3556
1041	3774
1042	2682
1043	1043
1043	3821
1044	1044
1044	2845
1044	3595
1046	1046
1046	1150
1046	1404
1046	1622
1046	1652
1046	2117
1046	2330
1046	2755
1048	1943
1048	2477
1048	2604
1048	2942
1049	1049
1049	3732
105	105
105	1133
105	1468
105	2074
105	2276
105	2298
105	2301
105	2693
105	3151
105	3170
105	572
105	684
1051	1051
1051	1339
1051	1727
1051	1902
1051	1903
1051	2018
1051	2421
1051	2629
1051	3361
1051	3692
1051	3842
1051	3957
1053	1175
1053	1719
1053	1744
1053	2141
1053	2530
1053	2776
1053	3805
1054	1821
1056	1056
1056	2878
1057	1057
1057	1719
1057	1729
1057	1748
1057	2534
1057	3263
1057	3651
1057	3776
1059	1232
1059	1591
1059	1757
1059	1803
1059	1833
1059	1919
1059	2197
1059	2664
1059	3763
106	106
106	1079
106	1108
106	1150
106	1289
106	1358
106	146
106	1463
106	1540
106	1893
106	192
106	1948
106	1980
106	2055
106	2347
106	2411
106	2626
106	2710
106	2774
106	2790
106	2874
106	2936
106	304
106	3066
106	3070
106	3166
106	3257
106	3491
106	3542
106	356
106	3593
106	3602
106	3735
106	381
106	3941
106	3971
106	3984
106	721
106	724
106	845
106	917
1060	1060
1060	1184
1060	2810
1060	3501
1062	1062
1062	1427
1062	3558
1062	3671
1063	1262
1063	3735
1063	3872
1065	1065
1065	1432
1065	1800
1065	2206
1065	3155
1066	1066
1066	1276
1066	1875
1066	2925
1066	3132
1066	3143
1066	3260
1067	1067
1067	2907
1067	3464
1069	1240
1069	1665
1069	3037
1069	3406
1069	3812
1070	1070
1070	1458
1070	1940
1070	3600
1071	1071
1072	1072
1073	1073
1074	1074
1074	2798
1074	3279
1075	1075
1075	3533
1076	1114
1076	1232
1076	3377
1076	3507
1077	1077
1077	2023
1077	2399
1077	2433
1077	2748
1077	2759
1077	3004
1078	1078
1079	1079
1079	1345
1079	1490
1079	1680
1079	1768
1079	1808
1079	1866
1079	1948
1079	1952
1079	2051
1079	2424
1079	2616
1079	2660
1079	3385
1079	3735
108	108
108	1148
108	1361
108	1512
108	1597
108	1773
108	2088
108	2204
108	2330
108	2584
108	2898
108	2987
108	3218
108	3248
108	3329
108	3469
108	3566
108	3692
108	373
108	3741
108	3744
108	3808
108	3934
108	394
108	414
108	650
108	885
108	895
1080	2736
1080	2955
1080	3483
1080	3723
1082	1185
1082	1398
1082	1408
1082	1466
1082	2584
1082	2911
1082	3693
1082	3967
1083	1083
1083	1409
1083	2623
1083	3151
1083	3434
1083	3680
1083	3853
1084	1084
1084	2118
1085	1085
1085	1779
1085	1961
1085	2189
1085	2331
1085	2348
1085	2660
1085	2838
1085	3164
1085	3166
1085	3751
1085	3967
1086	1828
1089	2490
109	3218
1090	1112
1090	1196
1090	1271
1090	2357
1090	3066
1090	3517
1090	3657
1090	3869
1092	1092
1092	1525
1092	2517
1092	2818
1093	1956
1093	2757
1093	2858
1093	3697
1098	1635
1098	2403
1098	2700
1099	1099
11	11
11	1336
11	193
11	2141
11	2233
11	2415
11	2530
11	2564
11	2639
11	2790
11	2797
11	2963
11	3255
11	3286
11	3360
11	3396
11	3571
11	3723
11	3777
11	3847
11	3860
11	3875
11	3936
11	488
11	501
11	51
11	552
11	864
11	985
110	498
110	637
110	924
1100	1244
1100	1912
1100	2051
1100	3177
1100	3938
1101	1101
1103	2613
1103	3995
1104	1104
1104	2900
1105	1105
1106	1521
1106	3224
1106	3659
1107	1107
1108	1893
1108	2019
1108	2559
111	111
1111	1562
1111	1689
1111	2299
1111	2531
1111	2591
1111	2795
1111	3844
1111	3953
1112	1112
1112	3657
1113	1163
1113	2106
1113	2407
1113	2486
1113	3156
1113	3279
1113	3819
1114	1232
1115	3195
1116	1389
1119	1119
1119	1463
1119	1495
1119	3020
1119	3606
112	1351
112	2434
112	2493
112	3497
1120	2043
1120	2381
1120	3648
1120	3655
1120	3752
1121	1121
1121	1155
1121	1165
1121	1371
1121	1404
1121	1519
1121	1610
1121	1630
1121	1678
1121	1848
1121	1865
1121	2117
1121	2123
1121	2415
1121	2422
1121	2612
1121	2943
1121	3034
1121	3115
1121	3126
1121	3128
1121	3157
1121	3342
1121	3403
1123	1123
1123	3242
1124	1124
1124	1171
1124	1180
1124	1641
1124	1680
1124	1748
1124	1893
1124	2044
1124	2449
1124	2531
1124	2985
1124	3322
1124	3392
1126	1126
1126	1343
1126	1556
1126	2818
1127	1654
1127	1665
1127	1984
1127	2149
1127	2333
1127	2551
1127	2898
1127	2976
1127	3025
1127	3058
1128	1128
1128	1469
1128	2424
113	1727
1130	1130
1130	2536
1133	3025
1134	1134
1134	1415
1134	2827
1136	1136
1136	2555
1137	2062
1137	2185
1137	2972
1138	1138
1138	2890
1138	3597
114	1121
114	114
114	1155
114	1373
114	1519
114	1628
114	2434
114	349
114	3497
114	3723
114	3748
114	3777
114	488
114	807
1140	1140
1141	1141
1141	3150
1142	1142
1142	1801
1142	2452
1142	2638
1142	3249
1142	3250
1142	3960
1143	1143
1143	1185
1143	2145
1143	2772
1143	2817
1143	2932
1143	3008
1143	3468
1144	1144
1144	1413
1144	1956
1144	2776
1144	2913
1144	3697
1147	2984
1147	3694
1148	1190
1148	1240
1148	1468
1148	1732
1148	1773
1148	2074
1148	2311
1148	3741
1148	3899
1149	1500
1149	2150
1149	2275
1149	2592
1149	2657
1149	3427
1149	3512
115	115
115	1331
115	2321
115	450
115	726
115	820
1150	1150
1150	1680
1150	1868
1150	2330
1150	2580
1150	2685
1150	2755
1150	2932
1150	2985
1150	3353
1150	3387
1150	3529
1150	3540
1151	1261
1151	3029
1151	3697
1154	1154
1154	2721
1155	1155
1155	1371
1155	1610
1155	1795
1155	2177
1155	2513
1155	2812
1155	2848
1155	2928
1155	3034
1155	3403
1158	1158
1159	1159
116	116
116	1206
116	2651
1161	1161
1161	2396
1161	3851
1162	1162
1162	1327
1162	2439
1162	3707
1163	1163
1163	1819
1163	2106
1163	2597
1163	2809
1163	3624
1164	1164
1164	1462
1164	2778
1165	1519
1165	1665
1165	1734
1165	1848
1165	2415
1165	3115
1166	3207
1167	1167
1167	1174
1167	1302
1167	1335
1167	2380
1167	2745
1169	1169
117	219
117	255
117	2951
117	3696
117	495
1170	1170
1171	1171
1171	1184
1171	1577
1171	1622
1171	1694
1171	2871
1171	2977
1171	3276
1171	3561
1171	3610
1172	2863
1173	3396
1175	1175
1175	1689
1175	2300
1175	2407
1175	2559
1175	3451
1175	3788
1176	1176
1176	1959
1177	1838
1177	3366
1177	3612
1178	3941
118	118
118	1265
1181	2977
1182	2077
1182	2648
1184	1184
1184	1359
1184	1639
1184	1832
1184	2039
1184	2104
1184	2132
1184	2217
1184	2249
1184	2253
1184	2514
1184	2767
1184	2857
1184	3114
1184	3363
1184	3390
1185	2772
1185	3008
1187	1187
1187	1269
1187	1662
1187	2786
1187	3877
1188	1188
1188	3994
1189	1189
1189	1534
1189	1566
1189	1578
1189	1680
1189	1862
1189	1895
1189	1980
1189	2150
1189	2257
1189	2363
1189	2364
1189	2449
1189	2454
1189	2530
1189	2559
1189	3166
1189	3301
1189	3477
1189	3704
1189	3813
1190	1190
1190	1240
1190	1338
1190	1341
1190	1468
1190	1654
1190	1773
1190	1814
1190	1924
1190	2074
1190	2298
1190	2302
1190	3423
1190	3741
1191	1191
1191	1198
1191	1519
1191	1765
1191	1935
1191	2123
1191	2258
1191	2593
1191	3351
1191	3380
1192	1192
1194	1194
1194	1261
1194	1514
1194	2310
1194	2806
1195	1195
1195	2100
1196	2510
1197	1197
1197	2935
1198	1765
1198	1935
1198	1979
1198	2079
1198	3348
1198	3394
1199	1931
1199	3095
12	12
12	1628
12	1999
12	2493
12	298
12	3065
12	340
12	3715
12	513
12	596
12	952
120	1085
120	120
120	1793
120	2377
120	2847
120	2964
120	3561
120	464
120	752
120	801
1201	1482
1201	3464
1202	1202
1203	1232
1203	1931
1204	1204
1204	1554
1204	1856
1204	2749
1204	2821
1204	2973
1204	3006
1204	3938
1205	1205
1205	1231
1205	1729
1205	1809
1205	2604
1205	3588
1206	1752
1206	2639
1206	2651
1206	3107
1207	1207
1207	1233
1207	2360
1207	2373
1207	2391
1207	2590
1207	3451
1207	3497
1207	3600
1207	3602
121	121
121	393
121	888
121	987
1210	1210
1210	1274
1210	2077
1211	1480
1211	3015
1211	3980
1212	1455
1212	2640
1212	2708
1214	3646
1214	3962
1215	1215
1215	2171
1215	2375
1217	1217
1217	1363
1217	1384
1217	1610
1217	1656
1217	1935
1217	2451
1217	3051
1217	3342
1217	3345
1217	3380
1217	3891
1217	3940
1218	1218
1219	1219
122	1232
1221	3753
1223	1223
1224	1424
1224	1754
1225	1225
1225	1268
1225	1325
1225	2158
1225	2192
1226	1226
1226	2736
1227	1227
1228	3873
1229	1821
1229	3343
123	1072
123	123
123	3842
123	913
1230	1230
1230	1578
1230	2028
1231	1231
1232	1232
1232	1591
1232	1803
1232	1931
1232	2066
1232	3763
1232	3904
1233	1361
1233	1652
1233	3875
1235	1235
1235	1454
1235	2429
1235	3257
1236	1236
1236	3462
1236	3650
1237	1237
1238	1238
1239	1239
1239	1519
1239	1546
1239	1795
1239	2635
1239	3825
124	1146
124	124
124	1577
124	173
124	1731
124	2029
124	2173
124	2229
124	2262
124	2425
124	294
124	3470
124	3532
124	3558
124	3667
124	3928
1240	1240
1240	1468
1240	1764
1240	2074
1240	2298
1240	2697
1241	1241
1241	1686
1241	1851
1241	2661
1241	3869
1242	1242
1242	1848
1242	2161
1243	1243
1244	1244
1244	1912
1244	3433
1245	1245
1245	1305
1245	1455
1245	1686
1245	1742
1245	2327
1246	1246
1246	2229
1246	2262
1246	2853
1246	3715
1247	1862
1247	1975
1247	2345
1247	2668
1248	1248
1248	1486
1248	2292
1248	3870
1249	1249
125	125
125	1278
125	1562
125	1606
125	1926
125	2360
125	2391
125	2911
125	3226
125	3438
125	3574
125	593
125	745
1250	1250
1250	1785
1250	3457
1250	3644
1250	3827
1251	1251
1251	1783
1252	1681
1252	1985
1252	2813
1254	1622
1254	3134
1254	3451
1254	3496
1256	1256
1256	2178
1256	2529
1256	2903
1256	2997
1256	3152
1256	3285
1257	1291
1257	1918
1257	2750
1258	3412
126	392
126	844
1261	1261
1261	2798
1262	1262
1263	1263
1263	1969
1264	1264
1264	1387
1264	2328
1264	2927
1264	3448
1267	1489
1267	2021
1267	2442
1267	3044
1268	1268
1268	1325
1268	2192
127	127
127	2776
127	605
1271	1271
1271	1893
1271	2668
1271	3073
1271	3517
1271	3872
1272	2238
1272	3170
1274	1274
1274	1500
1274	1757
1274	2092
1274	2150
1274	2331
1274	2554
1274	2721
1274	3389
1274	3947
1275	1275
1276	1392
1276	2646
1276	2856
1276	3132
1276	3792
1278	1278
1278	1280
1278	1333
1278	1470
1278	1490
1278	1497
1278	1689
1278	1847
1278	2774
1278	3129
1278	3454
1278	3606
1278	3903
1280	1490
1280	1590
1280	1779
1280	2152
1280	2390
1280	3452
1280	3903
1282	1282
1282	1746
1282	2468
1282	2806
1282	3466
1283	1770
1283	3715
1284	1284
1285	1285
1286	1286
1286	2373
1288	2283
1289	1289
1289	1866
1289	2055
1289	2347
1289	3542
1289	3593
1289	3642
129	1241
129	2243
129	2884
1290	1290
1290	1651
1290	1655
1290	1973
1290	2565
1290	2677
1291	1291
1291	1589
1291	1639
1291	2911
1291	3218
1292	1292
1292	2013
1292	3918
1293	1293
1293	1356
1295	2245
1296	1296
1296	2365
1297	1872
1297	3471
1298	1298
1298	1600
1298	3685
1299	1299
13	13
13	1936
13	2393
130	1021
130	1244
130	130
130	1344
130	1574
130	1680
130	2044
130	2449
130	2559
130	2961
130	3016
130	3257
130	3353
130	3495
130	384
130	387
130	3923
130	488
130	552
130	746
130	768
1305	1305
1305	1397
1305	1455
1305	1770
1305	1777
1305	1888
1305	2280
1305	3121
1305	3974
1306	1306
1306	3889
1307	1680
1307	2913
1308	1308
1308	2620
1308	3061
131	131
131	1505
131	2114
131	345
131	3528
131	366
131	501
1310	1310
1310	1893
1310	1948
1310	2105
1310	2767
1310	2921
1310	3067
1310	3828
1310	3854
1311	1723
1311	3993
1313	1313
1315	2852
1316	1411
1316	2133
1317	1317
1317	1522
1317	2258
1317	3241
1317	3271
1317	3750
1318	3722
1319	1319
1319	2157
1319	2415
1319	3299
1319	3677
132	132
1321	2061
1321	2228
1321	2623
1323	1323
1324	1324
1324	1457
1324	2072
1324	2645
1325	1325
1325	1379
1325	2189
1325	2192
1325	2882
1326	1504
1326	1860
1326	2617
1327	3066
1329	1329
1329	1567
1329	1707
1329	3314
133	1016
133	133
133	1347
133	1569
133	1872
133	2534
133	2735
133	2748
133	2765
133	3004
133	3604
133	3752
133	3795
133	3815
133	3976
133	3995
133	404
133	833
1330	1330
1332	1332
1333	1333
1333	1618
1333	2486
1333	3955
1334	1334
1334	2525
1334	3253
1334	3286
1335	2039
1335	2392
1335	2642
1335	2904
1335	2999
1336	1848
1336	3571
1337	3084
1337	3307
1338	1773
1338	2632
1339	1339
1339	1727
1339	2364
1339	3692
134	1272
134	134
134	2697
134	3714
1340	2726
1341	1341
1341	1468
1341	1924
1341	3228
1341	3899
1342	3630
1343	1343
1343	1565
1343	1585
1343	2831
1343	3326
1343	3713
1343	3726
1344	1344
1344	2133
1344	2150
1344	2363
1344	2521
1344	2874
1344	3257
1345	1345
1345	2660
1345	3735
1346	1346
1346	1879
1346	1880
1346	2004
1346	2410
1346	2430
1346	2467
1346	2738
1346	2921
1346	3456
1346	3852
1346	3965
1347	1347
1347	2278
1347	2449
1347	2820
1347	2856
1349	2028
135	135
135	1944
135	212
135	2493
135	3005
135	3359
135	3691
135	3927
1351	1478
1351	1612
1351	1628
1351	1857
1351	2493
1351	3691
1351	3805
1354	1745
1355	1355
1355	2541
1355	2560
1355	2895
1355	3215
1358	1358
1358	1463
1358	1952
1358	2411
1358	2416
1358	2866
1359	3877
1360	1360
1360	1553
1360	1609
1360	1731
1360	1925
1360	1931
1360	2029
1360	2112
1360	2210
1360	2528
1360	2609
1360	3015
1360	3638
1361	1361
1361	1889
1361	2911
1361	3875
1363	2079
1363	3345
1363	3380
1364	1364
1364	2453
1365	1365
1365	1388
1365	1399
1365	1825
1365	1826
1365	2235
1365	2268
1365	2508
1365	3558
1366	1366
1366	2814
1367	2065
1367	2239
1368	1368
1368	1895
1368	2292
1368	2985
1369	1369
1369	1398
1369	3331
1369	3353
1369	3378
1369	3566
137	821
1370	1652
1370	1861
1370	1867
1370	1889
1370	3805
1371	1371
1371	1519
1371	1610
1371	2123
1371	3034
1371	3335
1371	3748
1372	1983
1374	1876
1375	1375
1375	3459
1376	1376
1376	3159
1378	2463
1379	1379
1379	3918
138	1162
138	1191
138	138
138	2776
138	3707
1380	1380
1380	1534
1380	1896
1380	2847
1380	3824
1381	1381
1382	1382
1382	1836
1382	2885
1382	3353
1384	1384
1384	1687
1384	1717
1384	2148
1384	2449
1384	2612
1384	3044
1385	1385
1385	1683
1386	1386
1386	1935
1386	2318
1386	3105
1386	3256
1386	3679
1387	1387
1388	2235
1389	3556
1390	1390
1390	1463
1390	2244
1390	2337
1390	2543
1390	3968
1391	1391
1394	1394
1394	1646
1394	1650
1394	1690
1394	3049
1395	1551
1395	3182
1396	1396
1396	1419
1396	1484
1396	1652
1396	2120
1396	2148
1397	1397
1397	1500
1397	1601
1397	1645
1397	1996
1397	2799
1397	2806
1397	3070
1397	3089
1397	3458
1397	3688
1397	3823
1397	3974
1398	1466
1398	1858
1398	1879
1398	1880
1398	2584
1398	3134
1398	3692
1399	1399
140	1136
140	140
140	1624
140	180
140	2015
140	2130
140	2555
1400	1400
1400	1752
1400	3739
1401	1401
1401	1535
1401	3921
1404	1404
1404	1450
1404	2117
1404	3396
1406	2959
1406	3042
1406	3696
1409	1409
1409	3400
1411	1825
1411	2257
1412	1858
1412	1867
1414	3118
1415	1415
1415	2827
1415	2835
1417	3449
1418	1418
1418	1579
1418	1772
1418	2917
1419	1419
1419	1484
1419	2314
1419	3106
1419	3133
1419	3527
142	142
142	1991
142	212
142	3086
142	3241
142	3258
142	365
142	402
142	611
142	694
142	773
142	815
1421	1421
1421	2273
1421	3663
1421	3874
1422	1422
1422	1796
1422	2594
1422	3156
1422	3244
1423	1423
1423	2657
1424	1424
1424	1754
1425	3280
1426	1426
1426	1706
1426	2224
1426	2851
1426	3844
1427	1427
1427	3671
1428	2036
1428	2486
1428	3234
1429	1429
143	1384
143	198
143	371
1430	1430
1430	1454
1430	1471
1430	2449
1430	3511
1431	1953
1431	3802
1432	1800
1434	1434
1434	1503
1434	3384
1434	3425
1438	2422
1438	3750
144	1895
144	758
1441	3712
1442	1442
1442	2960
1444	1444
1444	1908
1444	2004
1444	2663
1444	3929
1445	1729
1447	3640
1447	3902
1448	1665
1448	2047
1448	3560
145	1198
145	145
145	1457
145	1741
145	1935
145	212
145	2258
145	226
145	3305
145	772
145	773
1450	1450
1450	2084
1451	3499
1454	1471
1454	3511
1455	1455
1455	1888
1455	3121
1457	1457
1457	1610
1457	1833
1457	2088
1457	2718
1457	2852
1457	3070
1457	3403
1457	3491
1457	3523
1457	3647
1457	3754
1458	1458
1458	1940
1459	1655
146	1185
146	146
146	2763
146	344
146	3635
146	3984
146	849
1462	1583
1462	1695
1462	2540
1462	2778
1463	1463
1463	1680
1463	1980
1463	2278
1463	2411
1463	2626
1463	2710
1463	2936
1463	3206
1463	3606
1463	3923
1464	1464
1464	2573
1465	1465
1466	2969
1467	1467
1468	1468
1468	1732
1468	1773
1468	1814
1468	1924
1468	2074
1468	2311
1468	2970
1468	3741
1468	3899
1468	3970
1469	1469
147	1217
147	147
147	1558
147	1783
147	2373
147	2593
147	2793
147	3484
147	3798
147	433
1470	1470
1470	1490
1471	2449
1471	3511
1472	1472
1472	3443
1472	3585
1476	1476
1476	1882
1476	2557
1476	3357
1477	1477
1477	1637
1477	1967
1477	2028
1477	2301
1477	2518
1477	2913
1477	3020
1478	2127
1478	3032
1478	3527
1479	3973
1480	1480
1481	3985
1482	1535
1482	1667
1482	2266
1482	2353
1482	2701
1482	2890
1482	3217
1482	3921
1482	3938
1483	1483
1483	2685
1483	2743
1483	3770
1483	3971
1484	1484
1484	3178
1485	1485
1485	2612
1486	1727
1486	2925
1486	3031
1486	3508
1486	3870
1489	1489
1489	1796
1489	2021
1489	2369
149	1713
149	2134
149	2164
149	2647
149	2703
149	385
149	3964
149	797
149	996
1490	1490
1490	1497
1490	1578
1490	2051
1490	2482
1490	2646
1490	2654
1490	2776
1490	3592
1491	2177
1491	2358
1491	2570
1491	2599
1491	3661
1492	2493
1492	3600
1492	3691
1492	3913
1493	2870
1494	1494
1494	1785
1494	3454
1495	2332
1495	3198
1496	1496
1496	1799
1496	1910
1496	2328
1496	2995
1496	3033
1497	1497
1497	1667
1497	2115
1497	2482
1497	2539
1497	3188
1497	3309
1498	1498
1498	2923
15	1769
15	2110
15	3270
15	960
1500	1500
1500	2150
1500	3389
1500	3947
1501	1508
1503	2912
1503	3425
1504	1860
1504	1878
1504	3512
1505	2114
1506	1506
1507	3454
1507	3850
151	1110
151	151
151	167
151	172
151	2388
151	2504
151	2771
151	3023
151	3252
151	3289
151	340
151	3774
151	3805
151	578
151	810
151	878
1510	1510
1511	2266
1511	3217
1512	1512
1512	2300
1512	2776
1512	3566
1512	3896
1513	1513
1513	1589
1513	2253
1513	3548
1514	1514
1514	1523
1514	1791
1514	1956
1514	2806
1514	3454
1515	2740
1516	1516
1516	3605
1517	2798
1519	1519
1519	1596
1519	1630
1519	1656
1519	1678
1519	2020
1519	2123
1519	2260
1519	2262
1519	2340
1519	2415
1519	2422
1519	2636
1519	2717
1519	3126
1519	3232
1519	3394
1519	3628
1519	3709
1519	3814
1519	3885
152	152
152	1522
152	1558
152	1603
152	2116
152	2258
152	2593
152	3005
152	3351
152	3646
152	587
152	747
152	773
1520	1520
1521	1521
1521	3224
1522	1522
1522	1603
1522	1610
1522	1713
1522	1815
1522	1829
1522	1886
1522	1977
1522	2340
1522	3097
1522	3319
1523	1523
1523	2357
1523	2540
1524	2679
1525	1959
153	1423
1530	1530
1530	2601
1530	2995
1531	1531
1531	1906
1531	1935
1531	2731
1531	2973
1531	3192
1532	2228
1533	1533
1533	3523
1534	1534
1534	1896
1534	2835
1535	1980
1535	2051
1535	2903
1535	3921
1535	3938
1536	1536
1537	1537
1537	1658
1537	2515
154	1483
154	154
154	1971
154	220
154	2743
154	3261
154	3344
154	3560
154	3745
154	3794
154	679
154	704
1540	1540
1540	2081
1540	2467
1540	2738
1540	2887
1540	3125
1540	3566
1540	3814
1540	3941
1540	3965
1541	2345
1541	2486
1541	3500
1543	1543
1543	1596
1543	1646
1543	1727
1543	2003
1543	2048
1543	2113
1543	2369
1543	2449
1543	2679
1543	3377
1543	3768
1545	1545
1545	1560
1545	1769
1545	2023
1545	3306
1545	3519
1546	2635
1547	1547
1547	1757
1547	1780
1547	2453
1547	2458
1547	2664
1547	3535
1548	1548
1548	3139
1549	1887
1549	2242
155	1167
155	1291
155	1298
155	1390
155	155
155	1600
155	1887
155	192
155	2242
155	2337
155	2419
155	2576
155	266
155	285
155	2982
155	3378
155	359
155	3857
155	386
155	3870
155	436
155	512
155	620
155	695
155	780
155	807
155	858
155	925
155	993
1551	1734
1551	1816
1551	2164
1551	2349
1551	3762
1552	1552
1552	3630
1554	1795
1554	2358
1554	2445
1554	2522
1554	2749
1554	2821
1557	1557
1558	1610
1558	3086
1558	3750
1558	3891
156	1190
156	1338
156	156
156	2298
156	2695
1560	1560
1562	1562
1562	2119
1562	2218
1562	2449
1562	2531
1564	1564
1564	1956
1564	2571
1564	3894
1565	1585
1566	1566
1566	2104
1566	2269
1566	3625
1566	3986
1567	1707
1567	1829
1569	1872
1569	2600
1569	2759
1569	3604
1569	3976
157	1360
157	157
157	204
157	2449
157	604
1570	1879
1570	3925
1571	1778
1571	2995
1571	3496
1571	3709
1572	1572
1572	2405
1573	2654
1574	1574
1575	1743
1575	3894
1577	1577
1577	1719
1577	1842
1577	2202
1577	2229
1577	2476
1577	2624
1577	3023
1577	3213
1577	3724
1578	1622
1578	1808
1578	2028
1578	2579
1578	2876
1578	2877
1578	3301
1578	3592
1578	3704
1578	3865
1579	1579
1579	1772
1579	2092
1579	2519
1579	2822
1579	2917
1579	3607
158	158
158	2588
158	849
158	951
1580	1580
1581	3865
1583	3878
1585	1585
1585	1759
1586	1586
1586	3966
1588	1588
1588	1602
1588	2198
1588	2378
1588	2660
1588	3731
1588	3811
1589	1589
1589	1639
1589	1774
1589	2039
1589	2124
1589	2138
1589	2160
1589	2619
1589	2715
1589	3026
159	1365
159	159
159	3595
159	3907
159	651
159	812
1590	1590
1590	1622
1590	1893
1590	2028
1590	2449
1590	2580
1590	2743
1590	3177
1590	3213
1590	3622
1590	3728
1590	3792
1590	3865
1591	1803
1591	1919
1591	2486
1591	3763
1592	1622
1592	2203
1592	2701
1595	2454
1595	3188
1595	3568
1596	1596
1596	2303
1596	3768
1597	2411
1597	3329
1597	3491
1598	1598
16	1145
16	1489
16	16
16	1727
16	2052
16	2974
16	446
16	868
160	2169
160	2259
160	2406
160	2706
160	506
160	564
1600	1600
1600	1724
1600	3685
1600	3920
1602	1602
1602	2996
1603	1603
1603	1886
1604	1604
1604	1855
1604	1995
1604	2164
1604	2703
1604	3378
1606	1913
1606	3109
1606	3565
1608	1608
1608	1737
1608	1824
1608	2376
1608	2486
1608	2585
1608	2710
1608	3536
1609	1609
1609	2528
1609	3084
161	161
161	351
1610	1610
1610	1705
1610	1805
1610	2340
1610	2688
1610	3157
1610	3335
1611	1611
1612	1612
1612	2513
1612	3122
1613	1613
1613	1697
1614	1614
1614	1797
1614	2042
1614	2369
1616	3441
1618	2331
1618	2486
1618	3731
1618	3787
162	1085
162	1278
162	1554
162	1961
162	2485
162	2522
162	3304
162	3594
162	3832
162	419
162	856
1620	1620
1620	2456
1621	1621
1621	1793
1621	2284
1621	3523
1622	1622
1622	1652
1622	1728
1622	1933
1622	2054
1622	2454
1622	2559
1622	2846
1622	3451
1622	3496
1622	3592
1622	3709
1622	3896
1622	3967
1628	1628
1628	2154
1628	2449
1628	2493
163	163
163	1776
1630	1630
1630	3318
1630	3353
1630	3628
1630	3927
1633	1633
1633	3001
1633	3512
1634	1634
1635	1635
1635	1918
1636	1636
1636	1916
1636	2492
1637	1637
1637	1967
1637	2718
1637	2768
1637	2913
1637	3020
1637	3333
1637	3479
1639	1774
1639	2904
1639	2999
1639	3026
1639	3156
1639	3548
164	1051
164	1085
164	1368
164	1622
164	164
164	1772
164	1980
164	2092
164	2732
164	3095
164	3298
164	3582
164	3608
164	3668
164	934
1640	1640
1641	1641
1641	1719
1641	1893
1641	2449
1641	2507
1641	2559
1641	3540
1642	2422
1642	2688
1643	1643
1643	1700
1643	2015
1643	3101
1644	1644
1645	2935
1646	2562
1649	1917
1649	2648
1649	2998
1649	3130
165	173
1650	2354
1651	1651
1651	1655
1651	1759
1651	3025
1651	3267
1651	3493
1652	2454
1652	2559
1652	3723
1654	1654
1654	1665
1654	2167
1654	2302
1654	2762
1654	3025
1654	3423
1654	3515
1655	1655
1655	2677
1655	3343
1656	1656
1656	2620
1656	3435
1658	1658
1658	3212
1659	1948
166	1624
166	166
166	2208
166	2381
166	2457
166	321
166	3307
166	3821
166	761
166	774
166	965
1660	1660
1661	1661
1661	3561
1662	1662
1662	3024
1663	1663
1663	3918
1664	2092
1664	3932
1665	1665
1665	2188
1665	2551
1665	3025
1665	3178
1665	3317
1665	3457
1665	3647
1666	1666
1666	1755
1666	2108
1666	2739
1666	3042
1666	3388
1666	3406
1666	3428
1667	1667
167	167
167	1671
167	1689
167	1842
167	1893
167	2202
167	2388
167	2391
167	2504
167	3023
167	3125
167	3134
167	3252
167	3289
167	3391
167	3854
167	3881
167	444
1670	2144
1670	2511
1670	2747
1670	2887
1672	3563
1673	1673
1673	1791
1673	2191
1673	2422
1673	3102
1673	3307
1673	3821
1674	1674
1675	2449
1678	2415
1678	3126
1678	3232
1678	3437
1678	3885
1679	1679
1679	1987
1679	2328
1679	2369
1679	2449
1679	2846
1679	2945
1679	3654
1679	3842
1679	3988
1680	1680
1680	1727
1680	1768
1680	1879
1680	2141
1680	2372
1680	2415
1680	2449
1680	2454
1680	2530
1680	2985
1680	3367
1680	3392
1680	3497
1681	1681
1681	1985
1684	2094
1685	3318
1685	3628
1685	3855
1685	3893
1686	1686
1686	1851
1686	2057
1686	2290
1686	2497
1686	3191
1689	1893
1689	2087
1689	3788
1689	3844
169	1270
169	1271
169	169
169	1931
169	2589
169	2726
169	3613
169	3622
169	3792
169	569
1692	1692
1692	1947
1693	1693
1693	2577
1693	2595
1693	3014
1693	3181
1693	3696
1694	2704
1694	2877
1694	3276
1695	1695
1695	3061
1695	3166
1698	2583
1698	3132
1698	3813
17	2401
17	60
17	722
1700	2015
1701	1701
1701	3066
1701	3502
1703	1703
1703	2403
1704	2207
1704	2330
1704	2726
1704	2755
1704	3009
1704	3165
1704	3476
1704	3878
1706	1706
1706	2782
1706	3603
1707	2460
1707	2981
1707	3314
1708	1708
171	1007
171	1545
171	1686
171	1769
171	2023
171	2229
171	2262
171	2595
171	2946
171	3793
171	3906
171	712
1712	3063
1712	3404
1713	1713
1714	3018
1714	3254
1715	1715
1715	2987
1715	3248
1715	3808
1715	3827
1716	2884
1717	1717
1717	1778
1717	1944
1717	1991
1717	2143
1717	2826
1718	1718
1718	1886
1718	2236
1718	2654
1719	1719
1719	1748
1719	1785
1719	2088
1719	2257
1719	2373
1719	2665
1719	3022
1719	3263
1719	3602
1719	3644
1719	3707
1719	3941
1719	3946
172	1361
172	1469
172	172
172	1802
172	1931
172	2144
172	2300
172	2887
172	2924
172	578
172	746
172	820
1720	1720
1723	1723
1723	1973
1723	2842
1723	2981
1723	3084
1723	3821
1723	3993
1724	1886
1724	2676
1724	3097
1724	3294
1724	3920
1725	1916
1726	1726
1726	2900
1727	1727
1727	2364
1727	2559
1727	3814
1728	1728
1729	1809
1729	2734
1729	3776
173	1054
173	1496
173	1577
173	173
173	1910
173	2509
173	2515
173	3667
173	436
173	756
173	991
1730	1730
1731	2029
1731	3285
1732	1732
1732	1924
1732	3835
1734	1734
1734	2337
1734	2415
1734	2435
1734	3704
1734	3881
1735	1890
1737	1737
1737	2486
1739	1739
174	174
174	2375
174	3873
1742	1788
1742	2062
1742	2122
1742	2370
1742	3270
1742	3460
1742	3519
1743	1743
1743	2656
1743	3894
1744	1744
1744	1980
1744	2440
1744	2540
1744	2835
1744	3483
1744	3824
1744	3923
1745	1996
1745	2184
1747	1747
1747	2060
1747	2729
1747	3214
1747	3887
1748	3263
1748	3707
1750	3378
1751	1751
1754	1754
1754	2863
1756	1756
1756	3213
1757	1757
1757	2015
1757	2453
1757	2458
1757	2664
1757	2867
1757	3535
1759	1759
1759	3856
176	176
176	3646
176	3962
1760	2609
1760	3054
1761	1761
1761	2416
1761	2422
1761	2824
1762	1906
1762	3156
1763	1763
1764	2697
1764	3033
1765	1765
1765	1805
1765	1935
1765	2079
1765	2490
1765	2900
1765	3271
1765	3920
1766	1766
1766	1901
1766	3205
1768	1768
1768	2413
1768	2449
1769	3772
1770	1770
1770	2173
1770	3179
1770	3889
1772	1772
1772	2092
1773	2298
1773	3741
1774	2989
1776	2898
1777	1777
1777	2739
1777	3064
1777	3974
1778	1991
1779	2838
178	1759
178	178
178	3856
1780	2736
1780	3101
1780	3305
1780	3446
1781	3505
1782	3728
1783	1783
1783	2139
1783	2511
1783	2747
1783	3579
1783	3600
1785	1785
1785	2007
1785	2245
1785	3285
1785	3457
1785	3481
1785	3644
1786	1786
1788	2255
1788	2370
1788	2466
1788	2572
1788	3015
1788	3460
1788	3519
1788	3608
1788	3754
1788	3894
179	1053
179	1164
179	1189
179	1248
179	1257
179	1368
179	1622
179	179
179	1867
179	188
179	1893
179	1895
179	2141
179	2150
179	2328
179	2330
179	2424
179	2449
179	2493
179	2530
179	2559
179	2693
179	2743
179	2755
179	2778
179	2886
179	3085
179	313
179	3166
179	3176
179	318
179	3206
179	3213
179	3301
179	3477
179	356
179	3609
179	3723
179	3805
179	381
179	3813
179	3814
179	384
179	3870
179	488
179	501
179	620
179	665
179	707
179	767
179	914
179	917
179	970
1790	2365
1790	3046
1791	3066
1791	3454
1791	3602
1791	3953
1793	1793
1793	1831
1793	1942
1793	2053
1793	2133
1793	2577
1793	3410
1793	3416
1793	3771
1793	3818
1793	3973
1795	1795
1795	1856
1795	2445
1795	2753
1795	3278
1795	3890
1796	1923
1796	2363
1796	3244
1796	3257
1796	3561
1797	1797
1797	2042
1797	2159
1797	2205
1797	2736
1798	3726
1799	1799
1799	2835
1799	2985
18	2373
18	3602
18	543
18	771
180	1723
180	180
180	2130
180	2842
1800	2206
1800	3155
1801	1801
1801	3249
1801	3816
1801	3882
1802	3598
1803	1803
1803	1931
1803	2435
1803	2480
1803	2486
1803	3904
1804	1804
1804	2452
1804	2547
1804	2897
1805	1991
1805	2103
1805	3348
1805	3887
1807	1807
1807	2676
1807	3294
1808	1808
1808	1866
1808	1952
1808	2548
1808	2616
1808	2835
1808	3229
1808	3238
1808	3946
1809	2413
1809	2495
1809	2534
1809	2611
1809	2734
1809	3776
1809	3914
181	1005
181	1310
181	2249
181	2767
181	3828
181	701
1810	1875
1810	3534
1812	1812
1812	2422
1812	3611
1812	3954
1814	1814
1814	1924
1814	2298
1814	2311
1814	2403
1814	3899
1815	2234
1816	1816
1816	2427
1816	2510
1817	1817
1818	3449
182	1634
182	182
182	1995
182	426
1821	2510
1821	2564
1821	2660
1821	3343
1822	2685
1822	3770
1823	3793
1824	1824
1824	2653
1824	3396
1824	3775
1825	1825
1825	1826
1827	1827
1827	1921
1827	2356
1827	2538
1827	2857
1828	3597
1829	2277
183	3028
1831	1948
1831	2784
1833	1833
1833	2718
1833	3515
1833	3647
1833	3754
1834	1834
1834	2449
1834	2455
1834	2729
1836	1836
1836	2500
1836	2578
1836	3664
1836	3802
1837	2926
1838	1838
1838	1853
1839	1931
1839	2956
1839	3039
184	1704
184	1796
184	3476
184	3504
184	3878
184	997
1840	1840
1841	2062
1841	3270
1841	3419
1842	1842
1842	2202
1843	1930
1843	2045
1843	3629
1843	3685
1846	2428
1846	3048
1847	1847
1848	3445
1848	3571
1849	1849
185	185
185	3875
1850	1850
1852	2361
1852	2971
1852	3130
1852	3615
1852	3631
1852	3648
1853	1853
1854	1854
1854	2115
1855	2564
1855	2703
1855	2781
1855	3501
1856	1856
1856	2445
1856	3028
1856	3890
1859	1859
186	186
1860	1860
1860	2617
1862	1862
1862	1893
1862	2443
1862	2472
1863	1863
1864	3329
1864	3470
1865	3459
1866	1866
1866	1870
1866	1952
1868	1868
1869	2376
187	1230
187	187
187	2028
187	3562
1871	2092
1871	2453
1871	2535
1871	2852
1871	3292
1871	3316
1871	3582
1872	1872
1872	3604
1874	3118
1875	1875
1875	1933
1875	2282
1875	3561
1876	1876
1877	1877
1877	1898
1877	2874
1877	3491
1879	1879
1879	1880
1879	2051
1879	2217
1879	2410
1879	2430
1879	2776
1879	3428
1879	3490
1879	3828
188	188
188	2517
188	3085
1880	1880
1880	1928
1880	2776
1880	3054
1880	3061
1880	3327
1881	1881
1881	3471
1882	3130
1886	1977
1886	2011
1886	2116
1886	2717
1886	2730
1886	3051
1886	3086
1886	3263
1886	3484
1886	3707
1886	3920
1887	2242
1887	2847
1887	2925
1887	3693
1888	1888
1888	2388
1888	2647
1888	3121
1889	2384
189	1131
1890	1890
1890	2113
1890	2410
1890	3371
1890	3377
1891	2366
1891	2465
1891	3706
1893	1893
1893	2064
1893	2105
1893	2119
1893	2449
1893	2530
1893	3504
1893	3728
1893	3854
1895	2150
1895	2723
1895	3728
1895	3971
1897	1897
1898	1898
1898	2866
1898	3098
1898	3356
19	1777
19	1809
19	19
19	2535
19	2585
19	2602
19	2739
19	3064
19	3513
19	3559
19	3653
19	866
190	190
190	891
190	955
1900	3243
1900	3727
1901	1901
1901	1971
1901	2414
1901	3208
1902	1902
1902	2152
1902	3361
1902	3469
1903	2018
1903	3737
1905	2157
1905	2272
1905	2480
1905	2481
1905	3910
1907	1907
1907	2658
1908	2004
1909	1909
191	1097
191	1494
191	1649
191	1852
191	191
191	2361
191	2483
191	280
191	2998
191	3130
191	3615
191	3648
191	739
1913	1913
1915	2745
1917	2648
1917	3796
1918	1918
1918	2113
1918	2558
1919	3734
192	1007
192	1831
192	192
192	371
192	685
1921	1921
1921	2857
1924	1924
1924	2311
1924	2970
1924	3899
1926	1926
1926	3020
1926	3657
1928	1928
1928	2798
1929	1929
1929	3791
193	1421
193	1592
193	1652
193	1830
193	193
193	2564
193	299
193	3484
193	371
193	3731
193	478
1931	1931
1931	2084
1931	2609
1931	2678
1931	2714
1931	3613
1933	2282
1934	2520
1934	3315
1935	1935
1935	2011
1935	2900
1935	3086
1935	3380
1936	1936
1936	2393
1939	1939
194	1475
194	194
194	2302
194	2409
194	2891
194	2993
194	3278
194	3423
194	3828
194	879
1940	3600
1941	1941
1942	1942
1942	2184
1942	3675
1943	1943
1943	2784
1943	3237
1944	3264
1945	1945
1945	3441
1946	2235
1948	1948
1948	2579
1948	2623
1948	2977
1948	3857
1948	3893
195	195
195	403
195	550
1950	2872
1950	2889
1950	3103
1950	3216
1950	3500
1950	3582
1950	3755
1951	3973
1952	1952
1953	1953
1953	2449
1953	2820
1953	3344
1953	3475
1956	1956
1956	2482
1956	2538
1956	2661
1956	2757
1956	3427
1956	3697
1957	1957
1957	2807
1957	2951
1957	2979
1959	1959
1959	3027
1959	3480
1959	3718
1959	3881
196	1307
196	1497
196	196
196	2774
196	2913
196	3309
196	3864
196	560
1963	2215
1963	2493
1963	3214
1967	1967
1967	2315
1967	2913
1967	3479
1968	1968
1968	2511
1968	3433
1968	3759
197	197
197	464
1970	1970
1971	1971
1971	3208
1971	3261
1971	3344
1972	1972
1972	3073
1973	1973
1973	1993
1974	1974
1974	2129
1974	2656
1974	2666
1974	3894
1976	1976
1976	1987
1976	2047
1976	3122
1976	3964
1978	2577
1979	1979
1979	2079
1979	2339
1979	2574
1979	2730
1979	2740
1979	3150
1979	3348
1979	3397
198	1041
198	1261
198	1517
198	198
198	2057
198	2301
198	2798
198	3341
198	3774
1980	1980
1980	2051
1980	2373
1980	2821
1980	2874
1980	3301
1980	3491
1980	3602
1980	3938
1981	1981
1981	3343
1983	1983
1983	2528
1984	1984
1984	2149
1986	1986
1986	3609
1987	1987
1987	2323
1987	2573
1987	2627
199	1155
199	1519
199	1718
199	199
199	2236
199	671
1991	3258
1991	3305
1991	3765
1992	1992
1992	2254
1992	2369
1992	2449
1994	3950
1995	1995
1995	2110
1995	2169
1995	2406
1995	2737
1997	1997
1997	2871
1997	3177
1998	1998
2	1382
2	1836
2	1986
2	2
20	1077
20	1569
20	176
20	1943
20	20
20	2231
20	2268
20	2508
20	2759
20	3771
20	516
20	685
20	731
20	82
200	1444
200	1750
200	1762
200	1902
200	1995
200	200
200	2138
200	266
200	301
200	3645
2003	2303
2003	3768
2004	2467
2004	2738
2004	3965
2005	2005
2005	3048
2006	2006
2006	3041
2006	3752
2007	2007
2007	2200
2007	2756
2007	2997
2007	3226
2007	3644
2009	2009
2009	2854
201	1016
201	201
201	2510
201	2811
201	585
2011	2717
2012	2012
2012	2432
2012	3119
2013	3918
2015	2015
2015	2130
2015	2340
2015	2891
2015	3101
2015	3523
2017	3784
2018	2018
2018	2415
2018	3561
2019	2019
202	1477
202	1577
202	1637
202	1719
202	1893
202	202
202	217
202	2518
202	2888
202	316
202	3269
202	3504
202	3647
202	626
202	809
2021	2021
2021	2369
2021	3869
2022	2022
2022	2208
2022	2381
2022	2457
2022	3307
2023	2023
2023	3014
2023	3195
2024	2230
2026	2026
2026	2047
2026	2059
2026	2621
2026	3065
2027	2902
2028	2028
2028	2575
2028	2614
2028	3865
2029	2029
2029	2415
2029	3838
203	1005
203	1167
203	1174
203	1856
203	203
203	2745
203	295
203	3028
203	3943
203	662
2030	2030
2030	3312
2030	3401
2030	3454
2031	2031
2031	2434
2031	2476
2031	2480
2031	3777
2033	2033
2033	2331
2033	2721
2037	2037
2038	3454
2038	3583
2039	2999
2039	3828
204	1628
204	1839
204	204
204	2112
204	3726
2040	2040
2041	2925
2041	3260
2041	3377
2041	3964
2041	3985
2043	2043
2043	2381
2044	2449
2045	2045
2045	2487
2045	3424
2047	2621
2047	3122
2048	2048
2048	2302
2049	2049
2049	2321
2049	2723
2049	2871
2049	3654
2049	3750
205	1261
205	205
205	3115
205	3661
205	374
205	3785
205	380
205	3934
205	657
2050	3431
2051	2051
2051	3396
2051	3938
2052	2052
2052	2507
2052	2584
2052	2795
2052	3120
2052	3693
2052	3872
2052	3953
2053	2053
2053	2410
2053	2577
2053	3771
2054	2085
2054	2273
2054	2701
2054	3387
2054	3609
2054	3814
2056	2056
2057	2057
2057	2122
2057	2632
2057	2771
2057	3151
2057	3680
2057	3835
2059	2059
2059	2825
2059	2979
206	1227
206	1761
206	3001
206	908
2060	2729
2061	2061
2061	3439
2062	2413
2062	2632
2062	2965
2062	3015
2062	3853
2064	2064
2064	3037
2064	3406
2064	3504
2065	2299
2066	2066
2067	3428
2068	2099
2068	2975
2068	3485
207	633
2070	2070
2071	2734
2071	3776
2072	2072
2072	2499
2072	2693
2073	2138
2073	2714
2073	2715
2074	2311
2074	3612
2074	3934
2078	2078
2078	2296
2079	2574
2081	2081
2081	3863
2081	3963
2082	2082
2083	3124
2084	2084
2084	3775
2084	3840
2085	2085
2085	2373
2085	2701
2085	2743
2085	3723
2087	2087
2088	2429
2088	2647
2088	2786
2088	2845
2088	2911
2088	3515
2088	3874
2090	2093
2090	2787
2091	2235
2091	3515
2092	2092
2092	2288
2092	3159
2092	3298
2092	3582
2092	3668
2093	2787
2095	2095
2095	2110
2095	3876
2096	2285
2096	3305
2096	3560
2099	2975
2099	3485
2099	3957
21	21
21	2835
21	3229
2101	2723
2102	2102
2102	2185
2102	2300
2102	2726
2102	2797
2103	2103
2104	2104
2105	3927
2108	3504
2109	2109
2109	2702
2109	3652
211	211
211	2663
211	3929
211	550
2110	2712
2110	3270
2110	3680
2110	3853
2112	3726
2113	2113
2113	2307
2113	2410
2113	2762
2113	3218
2113	3296
2113	3371
2113	3377
2113	3456
2113	3750
2113	3868
2113	3964
2115	2115
2115	2536
2115	3020
2115	3199
2115	3606
2116	2116
2116	2593
2116	3086
2116	3891
2118	2118
2118	3101
212	1741
212	1765
212	1805
212	2010
212	212
212	2236
212	2342
212	2717
212	3241
212	3305
212	365
212	3691
212	3959
2120	2148
2122	2122
2122	3741
2123	2588
2123	3707
2124	2124
2124	2810
2124	3156
2124	3235
2124	3243
2124	3610
2125	3101
2126	2126
2127	2127
2127	3032
2127	3590
2128	2128
2128	3146
2128	3347
2129	2571
213	1661
213	213
213	3138
213	3561
213	464
213	690
213	869
2130	2130
2130	2367
2130	3219
2131	2131
2132	2132
2132	2253
2132	2821
2132	2973
2132	3114
2132	3148
2132	3363
2132	3871
2134	2134
2134	2392
2134	2642
2136	2136
2136	2840
2138	2681
2138	2715
2138	3371
2138	3722
2138	3820
2138	3840
214	1414
214	214
214	3118
214	484
2141	2493
2141	2530
2141	3805
2144	2144
2144	2887
2144	3519
2144	3590
2145	2145
2145	2866
2145	3795
2146	2146
2149	2311
215	1583
215	215
215	2309
215	3083
215	3616
215	3872
215	425
2150	2150
2150	2175
2150	2449
2150	2454
2150	2985
2150	3166
2150	3350
2150	3784
2150	3813
2151	2151
2151	2685
2151	3770
2152	2152
2152	2372
2152	3469
2152	3623
2154	2493
2154	3560
2155	2155
2157	2157
2157	2481
2157	3122
2157	3250
2157	3299
2158	2192
2159	2262
2159	2730
216	1456
216	216
216	2449
216	421
216	645
2162	2162
2162	2658
2162	3935
2164	2164
2164	2647
2164	2763
2164	2995
2164	3762
2164	3964
2165	2165
2165	2389
2166	2423
2167	2167
2167	2221
2167	2486
2167	2500
2167	3079
2169	2169
2169	2406
2169	2486
2169	3879
217	1278
217	1310
217	1719
217	1893
217	2234
217	2449
2172	2172
2172	3869
2173	2229
2173	2425
2173	2708
2173	3386
2173	3462
2173	3532
2173	3906
2173	3975
2175	2175
2175	2249
2175	2583
2176	2176
2177	2481
2178	2803
2178	2903
2178	3325
2178	3549
2179	2677
218	1321
218	218
218	398
2182	2598
2184	2184
2184	3696
2184	3913
2185	2726
2185	2771
2185	2911
2185	2972
2185	3215
2186	2636
2186	2674
2186	2910
2186	3113
2189	2355
219	1022
219	1360
219	1553
219	219
219	2210
219	2305
219	242
219	2528
219	255
219	2609
219	2946
219	3158
219	3696
219	3913
219	529
219	951
219	993
2190	2190
2190	2366
2190	2463
2190	3054
2191	2998
2191	3130
2191	3157
2193	3090
2194	2194
2196	2774
2197	2664
2198	3401
2198	3609
2199	2199
220	1394
220	1482
220	1971
220	2177
220	220
220	242
220	3261
220	3344
220	865
2205	2736
2206	3155
2207	2790
2207	3352
2208	2381
2208	2457
2208	2648
2208	3307
2208	3796
2209	2248
221	1141
221	1492
221	221
221	3359
221	3600
221	3691
221	3913
2211	2211
2211	2453
2211	3114
2211	3156
2214	2214
2216	2216
2216	3194
2216	3481
2217	2217
2217	3194
2219	2219
2220	3585
2222	2928
2223	3007
2228	2228
2229	2229
2229	2262
2229	2425
2229	2439
2229	2806
2229	2935
2229	3226
2229	3470
2229	3532
2229	3667
2229	3928
2229	3975
223	1204
223	2253
223	2821
223	3938
2233	2963
2235	2235
2236	2236
2236	3959
2238	2238
2238	2649
2238	3170
2238	3732
224	1905
224	224
2241	3455
2242	2515
2242	2576
2243	2653
2245	2245
2245	2381
2245	2699
2245	3404
2245	3800
2247	3753
2249	2767
2249	3912
2249	3946
2250	2250
2251	2251
2253	2253
2253	3104
2253	3114
2255	2255
2255	2552
2255	3754
2255	3995
2257	2375
2257	2734
2258	3646
2259	2706
226	1070
226	1491
226	2157
226	2730
226	3299
2260	3885
2261	2261
2262	2595
2262	2683
2262	2853
2262	2953
2262	2997
2262	3007
2262	3232
2262	3386
2262	3394
2262	3532
2262	3750
2262	3814
2264	2264
2265	2438
2266	2266
2266	3217
2266	3571
2266	3896
2268	2268
2268	2508
2269	2269
2269	2507
2269	2996
2269	3625
227	227
227	2394
227	3305
227	3351
2270	2270
2272	2481
2272	3910
2273	2273
2273	2559
2273	2634
2273	2737
2273	2790
2273	3860
2275	2275
2275	2657
2275	3427
2276	2540
2278	3949
228	1098
228	1477
228	228
228	2518
228	515
228	809
2280	2280
2280	3974
2281	3139
2283	2283
2286	2286
2286	3374
2288	2288
2288	3087
229	1296
229	229
229	2365
229	2423
229	3631
2290	3231
2293	2293
2298	2298
2298	2311
2298	2798
2298	3310
2298	3741
2299	2299
2299	2362
23	1056
2300	2300
2300	2531
2300	2579
2301	2301
2301	2798
2301	2806
2301	2840
2301	3678
2302	2302
2302	2386
2302	3423
2303	2303
2303	2415
2303	2675
2303	3122
2303	3768
2305	2305
2305	3696
2308	2308
2308	3824
2309	3616
231	401
2310	2514
2310	3780
2311	2798
2312	2312
2312	3103
2315	2913
2315	3479
2315	3605
2318	3105
2319	3548
232	1629
2320	3920
2321	2421
2321	2815
2321	3653
2321	3817
2323	2627
2323	3704
2324	3367
2326	2326
2327	2659
2328	2364
2328	2369
2328	3293
233	3881
2330	2330
2330	2580
2330	2755
2330	3814
2331	2721
2331	3668
2332	2332
2333	2333
2334	2334
2336	2336
2336	3955
2337	2337
2337	2491
2337	2925
2337	3178
2337	3260
2337	3704
2337	3861
2338	2338
234	234
2340	2340
2340	3750
2341	3053
2345	2485
2347	2347
2347	2906
2349	3762
2351	2351
2351	3396
2351	3809
2353	3229
2353	3941
2355	2355
2356	2860
2357	2657
2357	2736
2358	2358
2358	3202
2358	3661
2359	3338
236	236
236	488
2360	2360
2360	2391
2360	2790
2360	3971
2361	2998
2361	3130
2361	3615
2361	3648
2362	2384
2363	2363
2363	2591
2363	3257
2363	3322
2364	2364
2364	2454
2364	3330
2365	2365
2366	2366
2366	2465
2367	2367
2369	2369
2369	3151
2369	3153
237	1519
237	1543
237	1795
237	1976
237	2113
237	2303
237	237
237	2410
237	2445
237	2679
237	271
237	2891
237	3189
237	319
237	3278
237	3347
237	3377
237	374
237	3768
237	3860
237	3964
237	470
237	491
237	552
237	673
237	768
237	797
237	953
2370	2666
2371	3262
2372	2372
2372	2616
2372	3194
2372	3226
2372	3469
2373	2559
2373	2743
2373	3184
2373	3602
2373	3891
2374	2374
2374	2517
2374	3589
2381	2381
2381	2457
2381	2460
2381	2699
2381	3130
2381	3307
2381	3615
2381	3631
2381	3648
2381	3800
2384	3084
2385	2385
2385	3364
2386	2386
2387	2387
2388	2388
2388	2771
2388	3152
2388	3252
2388	3289
2388	3841
2389	2389
239	1031
239	1767
239	1995
239	2295
239	239
239	2848
239	285
239	2907
239	3260
239	620
239	917
2390	2390
2390	2790
2390	3188
2391	2631
2393	2393
2393	3019
2393	3494
2395	2395
2396	3702
2397	2397
2397	3941
2398	2441
24	1543
24	1712
24	2259
24	237
24	24
24	2592
24	2657
24	2706
24	3189
24	359
24	3768
24	427
24	506
24	528
24	695
24	782
240	240
240	3800
2402	2402
2402	2767
2403	2403
2404	2404
2406	2406
2407	2407
2407	2583
2407	3575
2408	2408
2408	3035
2408	3290
2408	3567
2409	2409
2409	3471
2410	2410
2410	2577
2410	2898
2410	3377
2410	3435
2410	3513
2410	3868
2411	2936
2413	2413
2413	2560
2413	3015
2413	3774
2413	3835
2415	2824
2415	3388
2415	3579
2416	2416
2416	2558
2416	2907
2416	3845
2418	3655
2419	2419
242	1360
242	1612
242	1652
242	2100
242	2135
242	2177
242	2204
242	2278
242	242
242	2493
242	2609
242	3094
242	337
242	3497
242	394
2421	2421
2421	2801
2421	2815
2421	3653
2421	3830
2422	2422
2422	3954
2424	2424
2424	3385
2425	2562
2425	3975
2426	2426
2426	3803
2427	2427
2427	2478
2427	3338
2428	2428
2428	3048
2429	2845
243	1155
243	1371
243	1522
243	1550
243	1815
243	1824
243	1843
243	345
243	3484
243	3768
243	433
243	545
243	694
243	844
2430	2430
2430	3459
2430	3860
2431	2431
2431	3865
2432	2432
2432	2477
2432	3119
2432	3797
2433	2433
2434	2480
2434	3255
2434	3434
2435	3436
2437	2437
2439	3532
2440	2440
2440	3923
2440	3941
2444	2444
2445	2445
2445	2453
2445	2493
2445	2522
2445	2753
2445	3890
2446	2446
2449	2449
2449	2530
2449	2531
2449	2580
2449	2746
2449	2759
2449	2848
2449	3278
2449	3303
2449	3392
2449	3497
2449	3511
2449	3672
2449	3728
2449	3881
245	1128
245	1426
245	245
2450	3057
2451	2451
2452	2547
2452	2638
2452	3249
2453	2852
2453	3316
2454	2454
2454	2941
2454	3353
2454	3568
2454	3571
2455	2455
2455	2958
246	1322
246	2351
246	246
246	3179
246	3544
246	3809
2460	2460
2460	3046
2460	3314
2463	2463
2463	2485
2463	2694
2463	3513
2463	3832
2464	2464
2465	2465
2465	2629
2467	2738
2468	2518
2468	2792
2468	3409
247	1333
247	1541
247	1737
247	247
247	2486
247	2804
247	2995
247	3156
247	3220
247	3240
247	3366
247	3695
247	3879
247	790
247	825
2471	3464
2471	3785
2472	2472
2473	2541
2473	2560
2473	3179
2475	2475
2476	3213
2476	3782
2477	2477
2477	2939
2479	2479
2479	2734
248	248
248	2580
248	2893
2480	3391
2480	3910
2480	3995
2481	2481
2481	3910
2482	2482
2482	2757
2483	3753
2485	2485
2485	3832
2486	2486
2486	2591
2486	2804
2486	3156
2486	3220
2486	3240
2486	3366
2486	3695
2486	3879
2487	2487
2487	3631
2489	2489
2489	3186
249	1257
249	1308
249	1528
249	1654
249	1918
249	1948
249	2065
249	2299
249	249
249	257
249	2675
249	2679
249	2750
249	2811
249	3221
249	3499
249	3587
249	483
249	565
249	750
249	763
249	796
249	866
2490	2622
2491	3704
2492	3831
2493	2493
2493	2869
2493	3255
2493	3344
2493	3691
2493	3805
2494	2494
2494	2740
2497	2497
2497	2973
25	2415
25	255
25	832
250	472
2500	2500
2501	2501
2501	3684
2502	2776
2502	3016
2502	3454
2506	2592
2507	2584
2507	3540
2507	3692
2509	2509
2509	2515
2509	2687
251	1999
251	251
251	458
2510	2510
2510	2647
2510	3332
2511	2511
2511	2747
2513	2513
2513	3403
2514	2514
2514	3624
2514	3661
2514	3780
2515	2515
2515	2708
2515	3296
2515	3375
2515	3433
2515	3499
2515	3759
2517	2517
2517	2910
2517	3113
2517	3589
2518	2718
2518	2762
2518	3124
2518	3537
252	2858
252	497
252	556
2528	2528
2528	2762
2529	2997
2529	3152
2529	3226
2529	3285
253	1082
253	1232
253	1591
253	1803
253	746
2530	2530
2530	3881
2531	2726
2534	2534
2534	2585
2534	2735
2534	2739
2534	3776
2534	3888
2535	2535
2535	2739
2535	3541
2536	2536
2536	2816
2536	3057
2536	3199
2536	3421
2538	2538
2538	2546
2538	3697
2538	3974
2539	2539
2539	3346
2541	2541
2541	2560
2541	2895
2547	2547
2547	2897
2547	3043
2548	3161
255	1931
255	2360
255	255
255	3696
255	792
255	832
255	951
2550	2550
2550	2763
2550	3449
2550	3635
2550	3878
2551	3058
2552	3995
2554	2554
2554	3607
2556	2556
2559	2559
2559	2630
2559	2685
2559	2961
2559	3602
2559	3737
2559	3923
256	1297
256	1649
256	2648
256	597
256	829
2560	2895
2560	3215
2560	3226
2562	2562
2562	3519
2564	2781
2564	3033
2564	3289
2564	3501
2565	2677
2565	3657
2566	2566
2568	2568
2570	2570
2571	2571
2571	3201
2571	3894
2572	2572
2573	2573
2574	2574
2576	2576
2576	2982
2576	3857
2577	3536
2577	3771
258	258
2580	2580
2580	2893
2580	3392
2580	3860
2582	3075
2583	2583
2583	3571
2583	3723
2583	3805
2584	2584
2584	2911
2584	3120
2584	3692
2585	2585
2585	2739
2587	2587
2588	2588
2588	2995
2588	3101
2589	2589
2589	2726
259	1719
259	2429
259	259
2590	2685
2590	3066
2590	3566
2590	3971
2591	3860
2592	2592
2592	2657
2592	3427
2593	3005
2593	3351
2594	2749
2595	2595
2599	2599
26	1329
26	1723
26	1973
26	1993
26	2130
26	2539
26	26
26	2842
26	2981
26	3084
26	3346
26	3821
260	2186
260	3524
260	607
260	635
260	893
2601	2601
2601	3523
2603	2603
2604	2604
2604	3776
2608	2608
2608	3196
2608	3595
2609	2609
2609	3054
261	1257
261	261
261	266
261	2780
2610	2610
2611	2611
2611	2649
2611	2739
2611	3914
2612	2612
2613	2613
2613	3995
2617	2859
2619	2619
2622	2622
2622	3167
2622	3259
2623	2623
2623	3151
263	1246
263	1866
263	1901
263	2054
263	2262
263	2507
263	263
263	2723
263	3073
263	3390
263	3450
263	3814
263	636
263	655
263	707
2631	2631
2632	2632
2633	2633
2636	3814
2637	2637
2638	3249
2639	2639
264	1444
264	2004
264	264
2640	2640
2640	3152
2644	2644
2644	2839
2645	3183
2647	2647
2647	2703
2647	3789
2648	2648
2648	3130
2649	2649
2649	3914
2650	2650
2650	3535
2653	2653
2653	2713
2653	2891
2653	3070
2653	3775
2653	3828
2656	3894
2657	2657
2657	3427
2658	2658
2659	3980
266	1053
266	1257
266	1264
266	1291
266	1395
266	1598
266	1617
266	1662
266	1701
266	1749
266	1902
266	2104
266	2242
266	2251
266	2312
266	2357
266	2576
266	266
266	2855
266	2982
266	3024
266	3066
266	3217
266	3238
266	347
266	3717
266	3857
266	386
266	3877
266	512
266	559
266	858
266	917
266	993
2660	3118
2660	3680
2660	3735
2661	2661
2661	3697
2662	2662
2662	2993
2662	3010
2662	3974
2663	2776
2663	2962
2663	3929
2665	2665
2666	2666
2666	3916
2667	2667
2667	3264
2668	3517
267	1075
267	1490
267	1893
267	2198
267	267
267	2774
267	2776
267	2996
267	3401
267	3454
267	3854
267	474
267	478
267	625
267	721
267	746
267	925
2675	2900
2675	3897
2676	3294
2677	3968
2679	2679
2679	3347
2679	3541
2682	2810
2683	2960
2683	3797
2683	3814
2684	3697
2684	3785
2685	2685
2685	2755
2685	3770
2685	3971
2687	3429
2688	2990
2688	3305
269	2540
269	3110
2693	3183
2694	2694
2695	3647
2699	2699
2699	3432
2699	3648
2699	3800
270	1278
270	1280
270	1412
270	1430
270	1599
270	1791
270	1834
270	1867
270	270
270	287
270	2886
270	2904
270	3624
270	3661
270	3835
270	845
270	917
2701	2701
2702	3652
2704	2704
271	1795
271	2762
271	3278
271	3377
271	678
271	953
2712	3228
2712	3270
2714	2715
2714	2924
2715	3114
2717	2717
2718	2718
272	2257
272	2410
272	2479
272	2734
272	3471
272	3868
272	491
272	797
272	957
2720	2720
2723	3293
2723	3654
2726	2726
2726	2866
2726	3093
2726	3175
2726	3332
2726	3792
2726	3817
2727	2727
2727	3264
2729	2729
273	1824
273	2653
273	2713
273	317
273	749
273	976
2730	3051
2730	3641
2732	2732
2734	2734
2734	3776
2736	2736
2736	3446
2736	3577
2737	2737
2738	3143
2738	3817
2738	3965
2739	3064
2739	3513
2740	2740
2740	3055
2741	3932
2743	3670
2745	2745
2745	3028
2746	2746
2746	2920
2746	2968
2748	3004
2749	3787
275	1486
275	1895
275	2391
275	275
275	2893
275	3237
275	520
2750	2750
2751	2751
2754	2754
2754	3870
2755	2755
2756	3593
2757	2757
2757	3291
2761	3323
2762	2762
2762	2925
2762	3132
2762	3338
2762	3377
2763	2763
2763	3218
2763	3635
2763	3878
2764	2764
2766	2766
2767	2767
2767	2810
2767	3828
2768	3439
2769	2769
277	277
2770	3504
2771	2771
2771	2774
2771	3015
2771	3023
2771	3151
2772	2772
2772	2871
2772	3008
2773	2773
2773	3678
2774	2774
2774	2876
2774	3561
2774	3956
2775	2775
2775	3339
2775	3603
2776	2776
2776	3061
2776	3074
2776	3214
2776	3566
2776	3929
2777	2777
2777	3201
2777	3418
2777	3889
2778	3381
278	278
278	3198
278	3598
278	632
2780	2780
2781	2925
2784	2784
2789	2789
2789	3974
279	1579
279	2089
279	279
279	3508
2790	2790
2791	3011
2792	3180
2793	2793
2794	3484
2795	3565
2795	3953
2796	2796
2797	3182
2797	3813
2798	2798
2798	3852
2799	3089
2799	3688
280	1097
280	280
280	795
2800	3906
2801	3817
2801	3830
2802	2802
2803	2803
2804	2804
2806	2888
2806	3196
2806	3499
2806	3504
2806	3647
2806	3974
2808	3279
2810	2810
2810	2977
2810	3235
2810	3787
2811	2811
2813	3668
2814	2814
2815	3830
2816	3421
2817	3749
2818	2818
2818	3090
2818	3440
2819	2819
282	1833
282	282
282	323
282	3515
282	3784
282	615
2820	3344
2821	2821
2821	2973
2821	3006
2821	3104
2821	3583
2821	3938
2822	2822
2823	3404
2824	3579
2827	2827
2829	2829
283	1079
283	283
283	301
283	3963
283	791
2831	2831
2835	3229
284	1181
284	284
284	787
2840	2840
2840	3021
2840	3466
2840	3678
2841	2841
2845	3095
2847	2847
2847	2964
2847	3398
2848	2848
2848	2884
2848	3177
2848	3728
285	1108
285	1257
285	1291
285	1486
285	1995
285	2041
285	2095
285	2110
285	2113
285	2295
285	2347
285	285
285	2925
285	2995
285	3132
285	3218
285	3260
285	3371
285	3566
285	3653
285	3722
285	3868
285	491
285	571
285	577
285	620
285	797
2850	2850
2851	2851
2852	2852
2852	3982
2853	2853
2853	3018
2856	3350
286	1189
286	1689
286	2257
286	2784
286	286
286	3131
286	415
286	916
2863	2863
2864	3276
2865	2865
2866	2866
2866	2932
2866	3175
2866	3495
2866	3625
2866	3656
2867	2867
2869	2869
287	1430
287	1471
287	2358
287	2514
287	3511
287	3624
287	3661
2871	2871
2871	3093
2871	3177
2871	3952
2874	3491
2874	3602
2877	2877
2877	3276
288	1673
288	1829
288	2045
288	2367
288	2381
288	2460
288	2487
288	288
288	718
288	761
2881	2881
2884	2884
2885	3353
2886	2994
2889	3500
289	1144
289	1308
289	1574
289	1695
289	1802
289	1879
289	1880
289	1895
289	2749
289	3061
289	3327
289	3572
289	3728
289	3952
289	558
289	625
289	636
289	746
289	925
289	955
2891	2928
2893	2893
2893	3166
2895	2895
2895	3215
2896	2896
2897	2897
2897	3043
2898	2898
2898	3838
2898	3934
29	1023
29	1144
29	140
29	166
29	2776
29	29
29	3147
29	439
29	761
29	924
29	97
2900	2900
2904	2904
2904	2999
2907	2907
2907	3828
2908	2908
291	291
291	708
2910	3113
2910	3278
2910	3613
2910	3659
2911	3070
2912	3475
2913	2913
2919	2919
2919	3181
2922	3179
2925	3132
2925	3183
2925	3260
2925	3654
2925	3842
2927	3226
2927	3387
2928	2928
2929	2929
2929	3477
2932	2932
2932	3529
2932	3625
2934	3964
2935	2965
2935	3270
2935	3549
2935	3680
2936	2936
2936	3848
2937	2937
294	294
294	3470
2943	3027
2946	3109
2946	3696
2948	2999
2948	3379
295	1167
295	1579
295	2822
295	295
2950	2950
2951	2951
2951	3368
2957	2993
2960	3306
2960	3983
2961	3518
2961	3880
2963	2963
2963	3286
2963	3352
2963	3723
2963	3828
2963	3847
2964	2964
2965	3680
2965	3853
2966	3757
2969	3587
2972	2972
2972	3151
2973	2973
2973	3243
2975	2975
2977	3715
2978	2978
2978	3715
2979	2979
298	1448
298	2098
298	2434
298	2869
298	3317
2981	3319
2982	2982
2982	3239
2982	3857
2983	2983
2984	3637
2984	3694
2985	2985
2986	2986
2987	3248
2987	3808
2988	2988
2989	2989
2989	3516
299	1543
299	1734
299	1992
299	2100
299	2369
299	2454
299	2559
299	2609
299	299
299	337
299	374
2992	2992
2993	2993
2995	2995
2995	3034
2995	3101
2995	3496
2996	2996
2996	3066
2996	3200
2997	2997
2998	2998
2998	3130
2999	2999
3	1113
3	1175
3	2106
3	2324
3	2331
3	2407
3	2809
3	3
3	3257
3	3515
3	3624
3	3951
3	436
3	736
3	825
3	849
3	884
3	94
30	2103
30	2436
30	2717
30	30
300	3039
3004	3004
3004	3752
3006	3006
3006	3416
3006	3593
3007	3204
3007	3707
3007	3954
3008	3008
3009	3165
3009	3497
301	1073
301	3613
301	370
301	492
3010	3010
3012	3012
3012	3110
3012	3387
3012	3726
3013	3013
3015	3023
3015	3490
3018	3018
302	1079
302	1248
302	2265
302	2672
302	307
302	970
3020	3020
3020	3320
3020	3499
3020	3504
3020	3606
3020	3633
3020	3957
3023	3023
3023	3252
3026	3026
3026	3500
3027	3745
3027	3910
3028	3028
3029	3785
303	2252
303	3564
3031	3870
3033	3033
3033	3476
3033	3504
3033	3985
3034	3451
3034	3496
3035	3134
3035	3567
3037	3406
304	1289
304	3070
3040	3040
3041	3041
3042	3042
3042	3873
3043	3043
305	1778
305	2126
305	331
305	424
3051	3051
3051	3091
3051	3342
3051	3685
3051	3686
3054	3054
3055	3055
3055	3354
3057	3057
3058	3058
3060	3060
3061	3454
3063	3352
3064	3179
3065	3065
3066	3066
3066	3067
3067	3067
3068	3370
3068	3585
307	1051
307	1389
307	1887
307	2242
307	2896
307	307
307	419
307	478
307	780
307	925
3070	3070
3070	3491
3073	3073
3076	3171
3079	3884
308	1007
308	1560
308	1630
308	1685
308	308
308	3126
308	3407
308	3927
308	952
3080	3080
3083	3083
3084	3307
3084	3459
3086	3086
3086	3307
3086	3453
3086	3750
3086	3891
3089	3688
309	1085
309	1689
309	2033
309	2092
309	2331
309	2537
309	3192
309	3788
309	752
309	906
3091	3685
3092	3092
3093	3093
3094	3094
3095	3095
3096	3096
3097	3097
3097	3277
3097	3978
3098	3098
3098	3356
3099	3099
31	155
31	2054
31	2835
31	3229
310	1164
310	1694
310	2778
310	2987
310	310
310	3248
310	3538
310	3808
310	452
310	665
3101	3101
3106	3133
3108	3108
3109	3158
3109	3696
311	2088
311	3200
3110	3110
3110	3177
3113	3659
3114	3114
3114	3661
3115	3934
312	312
312	634
3120	3554
3121	3121
3121	3774
3125	3125
3125	3816
3126	3927
3127	3127
313	1189
313	2363
313	2559
313	313
313	3176
313	3322
313	3609
313	3814
313	501
313	707
3130	3153
3130	3241
3130	3615
3130	3796
3132	3260
3135	3135
3139	3139
314	1637
3147	3147
3151	3151
3151	3434
3151	3860
3152	3152
3153	3271
3153	3615
3153	3648
3153	3655
3153	3753
3153	3796
3156	3156
3156	3279
3157	3157
3158	3696
3159	3159
316	1051
316	1060
316	1140
316	1523
316	1719
316	1818
316	2037
316	2564
316	2629
316	2781
316	316
316	3449
316	3501
316	3883
316	567
316	646
316	740
3162	3162
3163	3163
3164	3967
3166	3166
3166	3324
3166	3975
317	1209
317	1844
317	2275
317	2653
317	2657
317	2713
317	556
3173	3173
3174	3982
3175	3656
3176	3176
3176	3609
3177	3177
3178	3178
3178	3317
3178	3808
3178	3861
3179	3179
3179	3544
318	1012
318	2152
318	318
318	3455
318	3469
318	3473
318	3870
318	792
3180	3180
3180	3310
3181	3181
3182	3182
3183	3183
3183	3559
3184	3184
3185	3185
3188	3188
3188	3293
3188	3355
3188	3566
3188	3621
3188	3870
3189	3189
319	2145
319	2465
319	2467
319	2724
319	2738
319	2891
319	3189
319	319
319	3965
319	897
3191	3191
3194	3705
3194	3870
3195	3195
3198	3374
3199	3199
32	2229
32	32
32	3270
32	383
32	3928
3200	3200
3201	3201
3201	3549
3201	3889
3203	3203
3204	3204
3204	3251
3204	3873
321	2043
321	2208
321	2381
321	2457
321	321
321	3307
321	439
321	774
3210	3210
3211	3211
3213	3562
3213	3609
3214	3214
3214	3394
3217	3217
3218	3635
3218	3744
322	2758
3223	3223
3224	3659
3226	3226
3226	3574
3227	3227
3228	3228
3228	3270
3228	3774
3228	3974
3229	3559
3229	3593
3231	3556
3232	3838
3234	3234
3237	3237
3238	3238
3238	3860
3239	3239
3239	3857
324	1068
324	2317
324	527
3240	3695
3243	3243
3243	3610
3243	3727
3244	3561
3246	3246
3248	3808
3249	3960
325	2439
3251	3251
3255	3286
3255	3723
3255	3777
3257	3257
3257	3491
3259	3259
326	3733
3261	3344
3264	3264
3267	3267
3267	3493
3269	3269
327	1325
327	1728
327	2189
327	327
3270	3270
3270	3419
3270	3680
3270	3889
3272	3771
3276	3276
3276	3472
3276	3561
3276	3779
3276	3870
3277	3978
3278	3278
3278	3377
3278	3536
3278	3654
3279	3819
3279	3932
328	328
3280	3280
3282	3282
3285	3285
3285	3667
3286	3286
3286	3560
3289	3527
329	2007
329	2200
329	2756
329	329
3291	3291
3292	3292
3293	3566
3293	3817
3295	3295
33	1481
33	2087
33	33
33	3985
330	330
3300	3300
3301	3704
3304	3666
3305	3305
3306	3306
3307	3307
3307	3631
3308	3308
331	1164
331	1350
331	2186
331	2416
331	2674
331	2817
331	2826
331	3113
331	331
331	3809
331	424
331	607
331	891
331	944
3311	3311
3312	3454
3313	3313
3315	3315
3315	3700
3316	3316
3316	3864
3318	3318
3318	3628
332	1059
332	1223
332	1232
332	1591
332	2028
332	2763
332	3476
332	3499
332	3635
332	3771
332	3878
332	3950
332	408
332	506
332	770
3324	3324
3328	3328
3329	3470
3329	3808
333	1035
333	1511
333	1576
333	1946
333	2266
333	2591
333	3217
333	333
333	3481
333	3860
333	393
3330	3330
3330	3841
3337	3337
3338	3499
3338	3541
3338	3710
3339	3339
3339	3578
3339	3603
334	1891
334	2465
334	2629
334	3706
3341	3341
3341	3499
3343	3343
3348	3394
335	1254
335	2375
335	3064
335	335
3350	3350
3350	3527
3351	3351
3352	3352
3352	3936
3353	3353
3353	3885
3357	3357
3359	3359
336	2493
336	336
3360	3360
3361	3361
3361	3842
3361	3872
3364	3364
3367	3367
3367	3769
3368	3608
337	337
3370	3585
3373	3373
3376	3403
3377	3964
3378	3378
338	2652
338	338
338	443
3380	3380
3381	3381
3381	3501
3385	3394
3386	3386
3387	3387
3387	3602
339	2020
3391	3995
3392	3392
3392	3404
3392	3728
3394	3561
3394	3885
3394	3932
3395	3634
3396	3396
3396	3496
3397	3397
3399	3399
34	151
34	270
34	3257
34	3869
34	859
340	1082
340	1116
340	1254
340	1408
340	1537
340	2290
340	3023
340	3134
340	3228
340	3680
340	3715
340	3853
340	680
3401	3454
3401	3854
3404	3404
3405	3405
3407	3407
3408	3408
341	1447
341	3640
3410	3410
342	1012
342	342
342	384
342	633
342	792
3421	3421
3421	3836
343	1706
343	1836
343	3191
343	343
343	577
343	996
3431	3431
3431	3436
3433	3433
3433	3750
3433	3759
3436	3436
3437	3437
3439	3601
344	1444
344	1572
344	1654
344	1665
344	1908
344	2004
344	2776
344	3469
344	381
344	384
344	914
3441	3514
3441	3519
3441	3979
3443	3531
3444	3444
3445	3547
3445	3571
3445	3708
3445	3723
3446	3603
345	1505
345	1558
345	1603
345	1622
345	1873
345	2114
345	2250
345	2593
345	2688
345	2730
345	2967
345	3005
345	3354
345	3442
345	345
345	3497
345	3528
345	366
345	3723
345	3891
345	3939
345	3993
345	433
345	458
345	501
345	541
345	694
345	773
345	932
3451	3496
3453	3453
3454	3454
3455	3455
3456	3750
3456	3852
3457	3457
3457	3458
3457	3644
3458	3730
3459	3459
346	346
3460	3519
347	1053
347	1111
347	767
3471	3829
3471	3868
3472	3472
3473	3473
3476	3541
348	348
348	781
3481	3872
3484	3498
3484	3686
3484	3885
349	1505
349	1628
349	3362
349	349
349	3497
349	366
349	379
3490	3490
3491	3602
3491	3606
3495	3495
3496	3496
3497	3672
3498	3498
3498	3686
3499	3974
35	1063
35	1143
35	1262
35	1673
35	2817
35	3452
35	35
35	3735
35	3749
35	415
35	739
35	795
35	993
350	1936
3501	3501
3502	3502
3503	3503
3504	3504
3504	3633
3506	3506
3507	3507
3508	3508
3509	3509
3509	3771
3510	3510
3512	3512
3514	3514
3514	3979
3517	3517
3519	3519
3519	3750
3520	3520
3522	3522
3523	3523
3523	3750
3523	3982
3526	3526
3529	3529
3529	3654
353	1043
353	3821
354	354
3541	3541
3541	3710
3541	3974
3548	3548
355	2926
355	3023
355	3203
355	355
3550	3550
3551	3551
3554	3554
3555	3555
3557	3557
3558	3558
3558	3667
356	1079
356	1150
356	1189
356	1257
356	1622
356	1641
356	1680
356	2052
356	2150
356	2330
356	2507
356	2559
356	2660
356	2743
356	2755
356	2866
356	2893
356	3016
356	3166
356	3175
356	3176
356	3206
356	356
356	3609
356	3656
356	3735
356	384
356	425
356	488
356	501
356	707
356	970
3561	3561
3561	3610
3562	3562
3564	3620
3564	3889
357	1060
357	1359
357	1482
357	1535
357	357
357	3921
357	3938
357	581
3570	3570
3572	3572
3577	3577
3582	3582
3582	3918
3584	3584
3589	3589
359	1012
359	1444
359	1908
359	2004
359	2925
359	3132
359	3260
359	3585
359	359
359	452
359	695
3590	3590
3591	3801
3592	3592
3593	3593
3593	3941
3593	3984
3595	3595
3599	3639
360	1339
360	1727
360	2328
360	2364
360	2454
360	3188
360	384
360	473
3600	3600
3602	3658
3603	3603
3605	3605
3606	3606
3606	3874
3606	3952
3608	3754
3608	3979
3609	3609
3610	3727
3611	3611
3612	3612
3615	3648
362	1212
362	1716
362	2113
362	2427
362	2536
362	2816
362	2907
362	2934
362	3218
362	3338
362	3371
362	362
362	498
3620	3889
3622	3622
3622	3792
3624	3923
3625	3625
3630	3630
3630	3873
3632	3632
3637	3637
3643	3643
3644	3644
3645	3645
3646	3962
365	1221
365	1317
365	1610
365	2667
365	3153
365	3241
365	3264
365	3271
365	365
365	3753
365	3927
3650	3650
3654	3654
3657	3657
3659	3659
366	1505
366	1680
366	2114
366	3176
366	3528
366	366
366	501
3660	3660
3661	3661
3664	3747
3664	3874
3667	3728
3668	3668
3669	3669
3669	3969
367	1165
367	1203
367	1484
367	1519
367	1734
367	1848
367	1861
367	2415
367	2480
367	3115
367	367
367	374
367	456
367	669
367	832
367	951
3670	3670
3671	3671
3672	3672
3678	3678
3678	3741
368	522
3680	3774
3680	3853
3681	3681
3682	3682
3682	3699
3689	3689
369	1120
369	2931
369	3655
369	369
3691	3691
3692	3692
3692	3957
3696	3696
3696	3757
3696	3913
3696	3928
3697	3697
3698	3698
370	1076
370	1114
370	1162
370	1184
370	1972
370	3507
370	3946
370	795
3700	3700
3702	3702
3702	3716
3704	3704
3705	3705
3706	3706
3707	3707
3708	3708
371	1121
371	1371
371	1484
371	1519
371	1543
371	2020
371	2156
371	2627
371	2740
371	2900
371	3034
371	3494
371	3686
371	371
371	694
3714	3714
3715	3995
3719	3719
372	372
3722	3722
3722	3923
3722	3937
3722	3964
3723	3723
3724	3724
3724	3853
3725	3725
3728	3728
373	1098
373	1133
373	1148
373	1190
373	1341
373	1468
373	1477
373	1773
373	1814
373	1924
373	2298
373	2970
373	373
373	3741
373	3899
373	540
3731	3811
3731	3865
3732	3732
3735	3775
3739	3739
374	1060
374	1108
374	1151
374	1165
374	1207
374	1261
374	1514
374	1628
374	1734
374	1957
374	2144
374	2154
374	2480
374	2493
374	2661
374	2807
374	3023
374	3122
374	3431
374	3436
374	3697
374	374
374	565
374	669
3740	3740
3742	3742
3744	3744
3748	3748
3749	3749
375	1113
375	1258
375	2486
375	375
375	948
3750	3750
3750	3891
3751	3967
3752	3752
3753	3753
3757	3757
3759	3759
3762	3762
3762	3964
3764	3764
3765	3765
3767	3767
3768	3768
377	1321
377	1532
377	2228
377	2257
377	377
3773	3773
3774	3774
3774	3835
3775	3840
378	1780
378	3021
378	378
3783	3783
3783	3930
3785	3785
3786	3862
3788	3788
379	1604
379	379
3792	3792
3796	3796
3799	3799
380	1491
380	1774
380	2358
380	2570
380	380
380	3934
3800	3800
3803	3803
3807	3807
381	1143
381	1289
381	1368
381	1578
381	1803
381	1808
381	1895
381	2150
381	2347
381	2507
381	2559
381	2646
381	2726
381	2835
381	2866
381	3060
381	3079
381	3109
381	3229
381	3235
381	3238
381	3654
381	381
381	384
381	387
381	3923
381	708
381	809
3810	3810
3814	3941
3814	3967
3815	3815
3816	3816
3817	3817
3817	3822
3818	3818
3818	3949
3818	3973
3819	3819
3821	3821
383	3928
383	959
3831	3831
3835	3835
3835	3853
3835	3881
384	1021
384	1051
384	1339
384	1362
384	1622
384	1680
384	1727
384	1786
384	1877
384	2328
384	2364
384	2485
384	2559
384	2630
384	2874
384	2911
384	2961
384	3066
384	3491
384	3497
384	3602
384	3813
384	3832
384	384
384	552
384	559
384	856
3843	3843
3843	3904
3844	3844
3846	3846
3848	3848
385	1583
385	1606
385	1660
385	1855
385	1913
385	2514
385	2647
385	2781
385	2982
385	3780
385	3806
385	385
385	3857
385	3870
385	441
3850	3850
3852	3852
386	1079
386	1808
386	2579
386	2616
386	3735
386	386
386	746
386	758
3865	3865
387	1005
387	1171
387	1184
387	1264
387	1387
387	1540
387	1624
387	1744
387	2066
387	2132
387	2402
387	2767
387	3276
387	3360
387	3363
387	3735
387	3755
387	387
387	3923
387	887
3870	3870
3872	3872
3872	3905
3876	3876
3877	3877
388	2866
388	388
388	845
3881	3881
3889	3889
389	3013
389	389
3891	3891
3894	3894
3897	3897
3898	3898
3898	3987
39	1090
39	266
39	3517
39	387
39	39
39	402
39	99
390	3499
390	390
390	588
390	797
390	964
3904	3904
3906	3906
391	3114
391	3122
391	3309
391	3545
391	3666
391	391
391	581
3910	3910
3911	3911
3912	3912
3915	3915
392	392
3920	3920
3923	3923
3924	3924
3928	3970
3929	3929
393	1511
393	1605
393	2164
393	2961
393	3066
393	393
393	880
393	987
3932	3932
3934	3934
3935	3935
394	2204
394	2390
394	3469
394	3934
394	394
3944	3944
3946	3946
3947	3947
3949	3949
395	1571
395	1968
395	2912
395	3433
395	3475
395	3496
395	3759
395	395
395	719
3953	3953
3954	3954
3955	3955
3957	3957
396	1155
396	1371
396	1963
396	2060
396	2481
396	3034
396	3214
396	3496
3964	3964
3966	3966
3974	3974
398	1321
398	1435
398	1635
398	2130
398	2136
398	2189
398	2228
398	2299
398	3074
398	3533
398	3591
398	398
398	404
398	718
3981	3981
3983	3983
3985	3985
3995	3995
3996	3996
3997	3997
4	1166
4	2585
4	857
40	1220
400	1596
400	2303
400	2384
400	3342
400	3768
400	769
401	1673
401	2140
401	401
401	742
402	1217
402	1363
402	1656
402	1991
402	2296
402	2589
402	2612
402	2651
402	2714
402	2812
402	3075
402	3241
402	3380
402	402
402	542
402	694
402	815
403	1113
403	1333
403	1656
403	2164
403	2453
403	2486
403	2907
403	2995
403	3934
403	403
404	1069
404	1278
404	1282
404	1435
404	1950
404	2540
404	3406
404	3812
404	404
404	513
404	812
405	1189
405	1247
405	1862
405	2786
405	3559
405	3608
405	636
405	807
406	1150
406	2330
406	2531
406	2755
406	406
408	1127
408	1140
408	1984
408	2149
408	2164
408	2280
408	2898
408	2976
408	3504
408	3878
408	408
408	518
408	790
408	809
408	986
408	996
408	999
409	409
41	1041
41	1054
41	1656
41	2758
411	2230
411	573
412	1571
412	1622
412	2995
412	3034
412	3496
414	1003
414	1078
414	1986
414	2466
414	414
415	1143
415	1358
415	1689
415	2175
415	2817
415	3213
415	3593
415	3749
415	415
415	436
415	465
415	708
417	1879
417	2996
418	1189
418	2031
418	2434
418	2559
418	3176
418	3301
418	3609
418	3623
418	3723
418	3971
418	418
418	501
418	574
419	1085
419	1389
419	1855
419	1887
419	2242
419	2331
419	2781
419	3164
419	3967
419	419
419	501
419	668
419	752
419	780
419	801
419	925
419	997
42	2488
42	42
421	1456
421	645
422	2121
422	2466
423	3414
423	423
423	792
424	2126
424	424
425	1076
425	1100
425	1551
425	1912
425	2781
425	3367
425	425
425	625
426	1634
426	2273
426	2407
428	3417
428	3536
428	428
429	2062
429	429
429	566
43	1165
43	1438
43	1519
43	1596
43	1678
43	1680
43	1734
43	1848
43	1968
43	2415
43	2449
43	2824
43	3115
43	3579
43	367
43	3709
43	3759
43	400
43	51
43	724
43	832
43	878
430	2995
430	3101
431	1190
431	1338
431	1468
431	1742
431	1773
431	1924
431	2122
431	2298
431	2403
431	431
433	1319
433	1550
433	1807
433	1824
433	1843
433	2045
433	2079
433	2250
433	2320
433	2794
433	3484
433	3498
433	3677
433	3920
434	1543
434	2589
434	3186
434	579
434	985
436	1524
436	1735
436	1913
436	2324
436	3378
436	3722
436	3860
436	3923
436	3988
436	436
436	465
436	546
437	2281
437	3892
437	437
437	684
438	3926
438	438
439	1943
439	2191
439	774
44	1191
44	152
44	1522
44	2116
44	2258
44	3005
44	3351
44	545
44	747
44	773
440	1707
440	3314
440	440
441	441
441	681
442	2861
442	442
443	1763
444	1689
444	3788
445	1957
445	2944
445	3922
445	445
446	1181
446	1874
446	2977
446	3118
447	1615
447	2984
447	447
447	455
448	2101
448	448
449	2051
449	2144
449	2641
449	2703
449	3083
449	3188
449	3938
449	546
449	888
449	996
45	1290
45	1435
45	2565
45	2677
45	45
450	2321
451	451
451	723
451	765
452	1788
452	1833
452	2091
452	2736
452	2773
452	3515
452	3754
452	452
455	455
457	1041
457	1577
457	1842
457	2202
457	2542
457	3023
457	674
457	680
457	814
458	1121
458	1319
458	1360
458	1457
458	1482
458	1667
458	2029
458	2206
458	2210
458	2408
458	2445
458	2890
458	2967
458	3028
458	3677
458	3874
458	662
458	741
459	2409
46	241
46	46
460	2026
460	2047
460	2314
460	2621
460	773
462	1538
462	462
463	1476
463	2557
464	1161
464	1257
464	1271
464	1291
464	1295
464	1422
464	1796
464	1952
464	2245
464	2396
464	2594
464	2630
464	2699
464	2774
464	2835
464	3404
464	3455
464	3561
464	3640
464	464
464	792
464	917
464	922
465	3093
465	465
466	1411
466	1815
466	1895
466	2223
466	2438
466	3007
466	466
467	1608
467	2710
469	1729
469	1809
469	2495
469	924
47	1315
47	2257
470	470
471	471
473	3188
473	3566
473	473
474	1490
474	2198
474	2786
474	2790
474	3401
474	3454
474	3854
474	474
474	601
474	708
475	1563
475	3867
475	743
476	1278
476	1470
476	1847
478	1679
478	1784
478	1907
478	2564
478	2932
478	478
478	503
48	1747
48	48
48	519
480	694
480	847
481	481
482	482
483	1321
483	1528
483	1829
483	2191
483	2277
483	2620
483	2776
483	3056
483	3074
483	483
484	1079
484	1414
484	1874
484	3118
484	3501
484	561
484	761
485	485
485	685
485	930
486	3722
486	486
488	1189
488	1622
488	1727
488	1893
488	2031
488	2052
488	2150
488	2454
488	2658
488	2911
488	3723
488	3813
488	663
489	489
49	1299
49	1743
490	2178
490	2886
490	2903
490	490
491	1551
491	1816
491	1890
491	1956
491	2335
491	2349
491	2410
491	2558
491	3377
491	3499
491	3762
491	3771
491	3868
491	3961
491	3964
491	491
491	678
491	797
491	840
491	866
491	957
492	1310
492	1512
492	1521
492	1534
492	1893
492	2372
492	2630
492	3224
492	3566
492	3674
492	492
492	780
493	493
494	2884
495	2951
495	3818
496	1333
496	2485
496	2486
496	2567
496	3500
496	3832
496	496
496	717
496	856
496	918
496	973
497	1035
497	1355
497	1797
497	1885
497	2205
497	2736
498	1564
498	2802
498	2816
498	3139
498	498
498	728
498	869
499	1165
499	1242
499	1519
499	1848
499	2161
499	2415
499	3115
499	3571
499	499
5	1278
5	1280
5	1665
5	2390
5	2550
5	2763
5	344
5	3469
5	3635
5	3865
5	5
5	852
50	1512
50	1540
50	2575
50	2966
50	3566
50	473
50	50
501	1505
501	1680
501	1752
501	1986
501	2054
501	2114
501	2141
501	2449
501	2530
501	2559
501	3176
501	3213
501	3497
501	3609
501	3723
501	501
502	1085
502	1504
502	1897
502	2189
502	2288
502	2949
502	3087
502	502
503	1150
503	1679
503	1680
503	1799
503	2449
503	2580
503	2932
503	2985
503	3353
503	3392
504	2728
505	1719
505	1769
505	1948
505	2585
505	2712
505	3134
505	3270
505	3707
505	3772
505	3889
505	505
505	740
505	843
506	1113
506	2259
506	2488
506	2706
506	2767
506	3279
506	3819
506	506
506	538
506	975
507	1564
507	690
509	2667
51	1519
51	1678
51	1925
51	1948
51	226
51	2514
51	2535
51	2592
51	2736
51	3549
51	3697
51	3715
51	3869
51	457
51	497
51	51
51	680
51	81
510	2790
510	510
511	2349
511	2471
511	2684
511	3029
511	3785
511	511
511	814
512	1378
512	2463
513	1165
513	1370
513	2088
513	2424
513	2449
513	3122
513	3278
513	3536
513	3726
513	513
514	514
515	1194
515	1514
515	1517
515	2375
515	2806
515	823
516	2268
516	2508
516	516
517	3402
517	517
517	565
518	1537
518	1658
518	2976
519	1747
52	1331
52	2321
52	255
52	446
52	450
520	2893
520	808
522	1024
522	523
522	636
522	716
522	771
523	2276
523	2510
523	523
523	631
525	2026
525	2047
525	2688
525	525
526	2195
526	2534
526	2735
526	3566
526	716
527	1103
527	1743
527	2183
527	3184
527	527
527	952
528	1149
528	1200
528	1664
528	1760
528	1810
528	2506
528	2592
528	2609
528	2657
528	3054
528	3078
528	3626
528	528
528	587
528	782
528	826
528	865
529	1022
529	3109
529	3696
53	309
53	53
530	1272
530	1497
530	2774
530	530
532	1454
532	2191
532	2208
532	2381
532	2457
532	3307
533	2757
534	2418
534	3655
535	1020
535	1214
535	1603
535	1610
535	1935
535	1979
535	2079
535	2574
535	2645
535	2688
535	2818
535	3408
535	3440
535	3707
535	3962
535	535
535	740
535	747
536	1351
536	536
537	2827
537	537
539	1023
539	539
54	1198
54	1765
54	1935
54	3895
54	402
54	847
54	974
540	1190
540	1924
540	2298
540	2327
540	2970
541	1311
541	3939
541	3993
541	541
542	1217
542	1239
542	1384
542	2612
542	3051
542	3342
542	3380
543	2630
544	2482
545	1522
545	1603
545	1866
545	2784
545	2880
545	3197
545	3454
545	3484
545	619
545	747
545	799
546	2051
546	2737
546	3188
546	3540
546	3621
546	3813
546	546
547	547
55	1387
55	1903
55	2018
55	3457
55	3893
55	55
55	620
55	951
550	1444
550	2663
550	3929
550	571
550	969
551	2515
551	2708
551	551
552	1189
552	1257
552	1799
552	2128
552	2261
552	2330
552	2559
552	2588
552	2679
552	2755
552	2961
552	2995
552	3016
552	3347
552	3495
552	3880
552	3923
552	552
552	768
552	866
552	951
554	3543
555	555
556	3634
556	556
558	1802
558	3109
558	558
559	1021
559	1235
559	2028
559	2665
559	2911
559	3534
559	845
56	2092
56	56
56	792
560	1795
560	560
560	975
561	1008
561	1060
561	1654
561	1695
561	1789
561	1834
561	1880
561	1934
561	2205
561	2302
561	2363
561	2373
561	2407
561	2736
561	2866
561	3188
561	3423
561	3483
561	3501
561	3602
561	3621
561	3728
561	3731
561	3859
561	3860
561	606
561	625
561	765
561	771
561	853
561	990
562	2409
562	2653
562	562
563	1251
563	1783
563	2139
563	2912
564	1516
564	3605
564	728
565	1411
565	1779
565	2061
565	2957
565	3266
565	3439
565	565
567	1212
567	2037
567	2130
567	2662
567	2806
567	3974
567	567
567	982
568	2526
569	1270
569	1295
569	2044
569	2088
569	2225
569	2245
569	2411
569	2449
569	2614
569	2726
569	2738
569	2772
569	2845
569	3008
569	569
57	1175
57	144
57	1540
57	1562
57	1686
57	202
57	2372
57	2579
57	3592
57	387
57	758
57	859
57	867
570	1222
570	570
571	1764
571	1981
571	2601
571	3033
571	770
571	888
571	967
571	969
572	1165
572	1180
572	1457
572	1519
572	1833
572	1848
572	1986
572	2415
572	3115
572	3754
572	3934
572	572
572	613
572	749
572	829
572	925
573	1050
573	2024
573	2230
573	3129
573	573
573	628
573	860
574	2031
574	2317
574	2434
574	3282
574	713
575	575
576	1442
576	2960
576	785
577	1289
577	1948
577	2347
577	3120
577	3595
577	577
577	935
577	965
578	1361
578	1512
578	2591
578	3566
578	578
579	1442
579	2683
579	2960
579	3306
579	579
58	1917
58	58
580	580
581	1060
581	1109
581	1138
581	1478
581	1513
581	1976
581	2253
581	2715
581	3114
581	3122
581	3666
581	603
581	677
581	725
582	2695
583	1267
583	2021
583	583
584	1048
584	3272
584	584
585	1016
585	3244
587	1011
587	1198
587	1522
587	1610
587	1815
587	1889
587	2258
587	2384
587	3469
587	3765
587	587
587	694
587	695
589	1568
590	1142
590	3249
590	3960
590	688
591	2509
591	3213
592	1041
592	1190
592	1245
592	1338
592	1468
592	1827
592	1924
592	2057
592	2062
592	2538
592	2965
592	3899
592	592
593	1463
593	2411
593	2710
593	593
594	2459
595	1278
595	1495
595	2332
595	2618
595	2841
595	595
596	2977
596	3065
596	3696
596	3777
596	596
596	719
597	1297
597	1649
597	2648
597	2699
597	2998
599	1715
599	2683
599	3558
6	2640
6	6
6	713
60	1167
60	210
60	2195
60	2380
60	3188
60	360
60	449
60	546
60	561
60	60
60	722
600	2084
600	3359
600	600
601	2198
602	602
603	1513
603	1589
603	2402
603	3666
603	695
604	604
605	1457
605	2423
605	3086
605	3432
605	3648
605	605
606	1344
606	1581
606	2028
606	2363
606	2372
606	2431
606	3257
606	3731
606	3865
606	606
606	851
607	1802
607	2517
607	2924
607	3613
607	3659
607	3935
607	607
607	893
607	944
609	609
61	109
61	1188
61	1628
61	1747
61	2669
61	2729
61	3722
61	3744
61	3937
61	3994
61	402
61	61
61	892
610	610
612	1931
612	2622
612	612
612	855
613	1180
613	3045
613	3095
613	613
613	808
614	1062
614	3007
614	3437
614	3671
614	3827
614	614
615	615
617	1183
617	2883
617	617
617	737
618	3505
618	618
618	803
619	2784
619	619
62	2287
62	62
620	1031
620	1167
620	1276
620	1462
620	1486
620	1695
620	1767
620	2101
620	2331
620	2364
620	2380
620	2660
620	2810
620	2848
620	2886
620	2925
620	3033
620	3235
620	3508
620	3540
620	3870
620	3877
620	620
620	633
620	917
621	1127
621	1665
621	2551
621	3058
621	3515
621	621
623	2280
623	623
624	1051
624	1563
624	1719
624	2144
624	2372
624	712
625	1100
625	1184
625	1447
625	1510
625	1526
625	1551
625	1622
625	1879
625	1880
625	2349
625	3540
625	3640
625	3762
625	625
626	1719
627	2582
627	937
628	3129
628	628
628	738
63	1343
63	63
631	1042
631	1747
631	1952
631	2391
631	2665
631	2682
631	3315
631	3455
631	3700
631	631
631	745
632	1489
632	1802
632	3198
632	3598
632	632
632	860
633	2104
633	2486
633	3361
633	736
634	2935
635	3524
635	893
636	636
637	1774
637	2538
637	3130
638	2702
638	638
639	1441
639	1527
639	3480
639	3712
639	639
639	832
639	951
64	1406
64	1643
64	1666
64	2375
64	2739
64	3042
64	3064
64	64
64	830
640	1419
640	3106
640	3133
640	3693
640	640
641	881
642	2634
642	642
642	801
644	1189
644	1680
644	2150
644	2449
644	2454
644	2996
644	3188
644	3847
644	644
645	1456
646	3391
646	646
647	1576
647	2004
647	2672
647	3160
647	3566
647	647
648	648
649	2213
65	1121
65	1162
65	1719
65	1748
65	1781
65	3707
65	626
65	740
65	77
650	1057
650	2845
650	2927
650	3651
650	3808
650	842
650	916
651	2376
651	2577
651	3272
651	3509
651	3771
653	3433
654	1951
654	3120
654	3973
654	654
654	940
655	1972
655	3073
655	858
656	656
657	1486
657	1579
657	2417
657	3328
657	3508
657	3783
657	3930
657	657
658	3293
658	3817
659	3596
659	659
66	1264
66	2615
66	66
660	660
661	1154
661	2255
661	2485
661	2567
661	661
661	908
662	2416
662	2907
662	3845
663	2112
663	2559
663	2665
663	3566
663	3656
664	2387
664	2505
664	2726
664	2755
664	2790
664	3757
665	1164
665	2125
665	2778
665	3101
665	3686
665	3920
665	665
666	2895
668	1005
668	1734
668	3168
668	3828
669	1278
669	1708
669	1728
669	1734
669	1959
669	2337
669	2491
669	3078
669	3178
669	3249
669	3317
669	3704
669	3861
669	3963
669	669
669	679
669	811
67	1248
67	1368
67	1530
67	1543
67	1942
67	2054
67	2292
67	2449
67	2591
67	2601
67	285
67	2995
67	3033
67	3499
67	3654
67	385
67	436
67	571
67	67
67	770
67	95
67	969
67	991
672	2840
672	3021
672	829
673	1881
674	1192
674	2771
674	3774
674	3835
674	680
674	708
675	1006
675	3213
675	3664
675	3747
675	885
676	1107
676	1714
677	1513
677	3492
677	3548
677	677
678	1795
678	2113
678	2302
678	2315
678	2372
678	2734
678	2762
678	3278
678	3377
678	3513
678	3762
678	678
678	840
678	953
678	957
679	2131
68	1221
68	1397
68	1454
68	1467
68	1996
68	68
68	947
680	1769
680	2290
680	2884
680	2978
680	3715
680	680
680	952
682	1783
682	1968
682	2297
682	3197
682	3527
682	3759
683	1738
683	683
684	3466
684	3738
684	684
685	1831
685	2716
685	2759
685	3076
685	3171
685	3221
685	685
686	2989
686	686
686	869
688	1142
688	1393
688	1801
688	2144
688	3249
688	3882
688	3960
688	688
689	1809
689	2534
689	2735
689	3564
689	3620
69	125
69	2373
69	2754
69	3602
69	69
69	771
69	822
69	851
690	2257
690	3195
690	690
690	869
693	1879
693	3135
693	3408
693	693
694	1642
694	2103
694	2422
694	2717
694	3086
694	3380
694	694
694	793
695	1866
695	2088
695	2096
695	2496
695	2819
695	3967
695	695
695	717
695	875
696	696
697	2582
697	937
698	1954
699	699
7	1280
7	151
7	2388
7	270
7	2886
7	3252
7	34
7	3835
7	578
7	7
7	911
70	750
700	779
701	809
701	849
702	3992
706	2486
706	706
707	1016
707	1540
707	1549
707	1727
707	1866
707	1887
707	2054
707	2242
707	2372
707	2623
707	3214
707	3814
707	3847
707	707
707	770
707	925
708	1031
708	2210
708	2273
708	2790
708	708
708	899
709	2952
709	709
71	3072
71	3502
71	71
710	710
711	3918
712	1115
712	1246
712	1540
712	1685
712	2023
712	2595
712	2946
712	3232
712	3247
712	3793
712	712
713	1212
713	2515
713	2576
713	2708
713	2982
713	3857
713	713
713	756
713	858
713	994
714	714
714	896
715	2799
715	3089
715	3688
715	715
716	1597
716	1996
716	2411
716	716
717	2407
717	3500
717	3918
717	717
719	1571
72	2522
72	2768
72	2928
720	1278
720	2793
720	720
721	1122
721	1278
721	2196
721	2771
721	2774
721	721
722	1349
722	2195
722	2401
722	3566
722	3883
722	722
722	795
723	723
724	1143
724	1150
724	1566
724	2269
724	2330
724	2530
724	2685
724	2755
724	2866
724	3438
724	3625
724	3956
724	3971
724	724
724	887
725	1109
725	725
726	1535
726	1948
726	2977
726	3696
728	1067
728	2471
728	2592
728	3328
728	3464
728	3785
728	728
73	2813
73	3129
73	3873
73	3989
73	628
73	632
73	73
731	2759
732	1362
732	1887
732	1891
732	2242
734	2997
734	960
735	1490
735	1497
735	1843
735	2299
735	2482
735	2757
735	3587
736	2620
736	2907
736	2993
736	3156
736	736
737	1183
737	2444
737	2883
737	737
738	3129
739	1791
739	1846
739	2005
739	2267
739	3048
739	3533
739	3796
739	739
739	804
739	993
74	1700
74	1757
74	1780
74	2015
74	2125
74	254
74	2992
74	2995
74	3101
74	568
74	665
740	1162
740	1600
740	1719
740	1748
740	2240
740	3134
740	3263
740	3707
740	740
741	2009
741	2854
741	741
743	2670
743	743
744	2021
744	2328
744	2369
745	1349
745	1933
745	2360
745	2391
745	2631
745	3137
745	3499
745	745
745	964
745	978
746	1082
746	1344
746	1466
746	1574
746	1877
746	2218
746	2449
746	3257
746	3392
746	3728
746	746
746	859
747	1522
747	773
748	1260
748	2650
748	748
749	1276
749	1824
749	2497
749	2608
749	2653
749	2739
749	3285
749	749
75	1080
75	1267
75	1286
75	1456
75	1623
75	216
75	2373
75	2566
75	3602
75	3745
75	421
75	451
75	481
75	645
75	723
75	75
75	771
75	864
75	956
750	750
751	1379
751	1663
751	2792
751	3409
751	751
752	1085
752	2331
752	2847
752	3398
752	3923
752	3967
752	752
752	801
753	753
754	2137
756	1054
756	3396
756	3990
756	756
756	762
756	810
758	1005
758	1079
758	1782
758	1847
758	1856
758	1948
758	2150
758	2207
758	2372
758	2579
758	2583
758	2584
758	2616
758	3020
758	3061
758	3134
758	3403
758	3469
758	3728
758	3735
758	769
758	780
759	2207
759	3352
759	759
76	76
760	1324
760	1519
760	2123
760	3007
761	1879
761	2043
761	2208
761	2361
761	2381
761	2457
761	2607
761	2931
761	2971
761	3147
761	3307
761	3314
761	761
762	2193
763	1057
764	2256
764	764
765	1021
765	1848
765	1903
765	2454
765	2578
765	2600
765	2941
765	2996
765	3188
765	3571
765	3723
765	3859
765	765
765	766
766	1221
766	1788
766	1943
766	1945
766	2079
766	2370
766	2578
766	2951
766	3368
766	3422
766	3519
766	3750
766	766
767	1053
767	2622
767	3609
767	3884
767	767
769	1051
769	1089
769	1865
769	2490
769	2579
769	2876
769	769
77	1057
77	106
77	1100
77	1165
77	1590
77	1719
77	2175
77	2449
77	3166
77	3177
77	3424
77	367
77	3723
77	488
77	77
77	837
770	2054
770	2085
770	2835
770	3476
770	3814
770	3878
770	770
770	866
770	964
770	997
771	1207
771	1634
771	1665
771	1719
771	1980
771	2245
771	2373
771	2559
771	3491
771	3566
771	3602
771	3731
771	3870
771	771
771	780
771	851
772	1312
773	1239
773	1558
773	1741
773	1805
773	1935
773	2103
773	2116
773	2258
773	2593
773	2635
773	2793
773	3005
773	3241
773	3277
773	3305
773	3351
773	773
773	844
774	2191
774	2208
774	2981
774	774
775	1366
775	1397
775	2814
775	775
779	779
78	1246
78	171
78	2262
78	2853
78	3285
78	3542
78	3558
78	3667
78	78
780	1782
780	1879
780	1880
780	1887
780	1895
780	2242
780	2312
780	2373
780	2797
780	2848
780	2927
780	3253
780	3327
780	3392
780	3499
780	3602
780	3722
780	3728
780	3964
780	780
780	925
780	964
781	3432
781	781
782	1200
782	1258
782	2199
782	2288
782	2592
782	3412
782	782
782	948
783	1032
783	1866
783	3276
783	3472
783	3941
783	783
786	1235
786	3561
786	786
787	787
789	1957
789	3000
789	3368
789	789
789	803
79	2193
79	3090
79	3990
79	756
79	762
79	79
790	1333
790	2073
790	2486
790	2715
790	2995
790	3220
790	3879
790	3955
790	858
790	976
790	999
791	1923
791	1972
791	2886
791	791
792	1012
792	1161
792	1182
792	1625
792	1699
792	2648
792	2767
792	3455
792	3473
792	3851
792	3915
792	792
793	1217
793	1747
793	1765
793	1911
793	1935
793	3348
793	3887
793	3940
793	793
795	1097
795	1499
795	2401
795	3188
795	800
795	804
796	1111
796	2191
796	2299
796	3508
796	3587
797	1044
797	1956
797	1976
797	2113
797	2307
797	2712
797	3189
797	3218
797	3338
797	3371
797	3377
797	3464
797	3541
797	3710
797	3722
797	3762
797	3964
797	797
797	957
798	1278
799	1522
799	1610
8	1098
8	1165
8	1307
8	1438
8	1497
8	1519
8	1543
8	1656
8	1848
8	1956
8	2061
8	2072
8	2195
8	2298
8	2301
8	2303
8	2415
8	2422
8	2679
8	2798
8	2806
8	2840
8	3115
8	3156
8	3439
8	3456
8	362
8	3750
8	3768
8	3934
8	799
8	8
8	845
8	9
8	994
800	1499
801	1085
801	1839
801	1887
801	1961
801	2242
801	2847
801	3164
801	3751
801	3967
802	3663
802	802
803	2215
803	3225
803	3514
803	3835
803	3979
803	803
804	1036
804	1075
804	1791
804	2483
804	3048
804	3533
804	3796
804	804
805	805
807	1298
807	1622
807	2468
807	807
808	1031
808	1463
808	1641
808	1971
808	2278
808	2743
808	3261
808	3344
808	3540
808	808
809	1098
809	1566
809	2359
809	2390
809	2515
809	2528
809	2726
809	2837
809	3504
809	3878
809	3964
809	809
809	986
81	1519
81	1630
81	1678
81	2476
81	2683
81	2960
81	3232
81	3318
81	3519
81	3885
81	599
81	81
810	1086
810	1173
810	1828
810	2480
810	2714
810	3184
810	3396
811	1092
811	1157
811	2152
811	2452
811	3670
811	811
811	848
814	1769
814	1928
814	2110
814	2280
814	2385
814	2684
814	2712
814	3228
814	3270
814	3364
814	3680
814	3681
814	3772
814	814
814	823
815	1991
815	2499
815	2718
815	2888
815	3317
815	3379
815	3380
815	3647
816	2128
816	2995
816	3146
816	3389
816	816
818	2207
819	1328
819	831
82	1143
82	133
82	1872
82	2053
82	2534
82	2577
82	2759
82	3261
82	3272
82	3771
82	685
82	82
820	1331
820	1453
820	2144
820	820
821	1685
821	2218
821	821
822	2683
822	822
822	951
823	1880
823	2415
823	2806
823	2898
823	823
824	1812
824	2422
824	2481
824	3954
825	1541
825	1554
825	2345
825	2486
825	825
825	856
826	1618
826	1760
827	1185
827	1398
827	1483
829	1717
829	2091
829	2279
829	2301
829	2840
829	3021
829	3297
829	829
829	949
832	1203
832	1519
832	2840
832	3885
832	951
837	837
838	2610
838	3846
838	838
84	108
84	1114
84	1818
84	3449
841	1481
841	3956
841	3985
841	943
842	2714
842	2845
843	2712
844	1324
845	1113
845	1836
845	1932
845	2050
845	2124
845	2128
845	2167
845	2620
845	2904
845	2999
845	3079
845	3279
845	3431
845	3720
845	3819
845	3884
845	845
845	999
846	1062
846	3671
847	1217
847	2639
847	2740
847	3380
847	974
848	1052
848	1157
848	1447
848	2452
848	3178
848	3640
848	3813
848	848
849	1012
849	1171
849	1757
849	1893
849	2331
849	2486
849	2622
849	2721
849	2796
849	2809
849	2821
849	2896
849	3501
849	3757
849	849
849	906
85	1026
85	2211
85	3156
85	85
851	2373
851	2601
851	3602
851	3731
852	1324
852	2466
852	2693
852	3183
852	3188
852	852
852	889
853	1181
853	1235
853	2407
853	3575
853	853
855	2488
856	1333
856	2463
856	2485
856	3832
856	856
856	918
857	3630
858	1051
858	1094
858	1271
858	1490
858	1836
858	1879
858	1906
858	2099
858	2357
858	2500
858	2576
858	2975
858	2982
858	2995
858	3073
858	3101
858	3220
858	3239
858	3367
858	3496
858	3559
858	3592
858	3654
858	3857
858	3955
858	3957
858	858
858	976
859	1344
859	2038
859	2363
859	2372
859	3257
859	3322
859	3469
859	3865
863	863
863	922
864	1087
864	3166
864	3729
864	864
865	1396
865	1664
865	1728
865	2120
865	2148
865	3626
865	3932
865	865
866	1308
866	1596
866	1654
866	1816
866	2113
866	2164
866	2515
866	2679
866	3025
866	3114
866	3347
866	3377
866	3433
866	3499
866	3513
866	3934
866	3961
866	3964
866	866
866	957
866	973
867	1453
867	2219
867	3853
868	2974
869	869
87	2647
871	1547
871	1757
871	2453
871	2867
871	3535
872	1882
872	1917
872	1930
872	2418
872	2998
872	3697
872	872
874	1484
874	1560
874	1688
874	2876
874	3318
874	3628
874	874
874	983
875	1098
875	1641
875	2077
875	875
876	1987
876	2323
876	2462
876	3044
876	3941
877	2343
877	2697
877	877
878	1543
878	1745
878	2415
878	3023
879	1272
879	1517
879	2302
879	2409
879	3278
879	3423
879	879
879	953
88	198
88	2798
88	88
880	1060
880	1461
880	1907
880	3291
880	3305
880	3501
880	3849
880	880
880	987
881	2647
883	883
885	1143
885	3593
885	3664
885	3747
885	3808
885	3870
885	885
886	1184
886	1600
886	2032
886	2104
886	3091
886	3685
886	886
887	1577
887	2866
887	3625
887	3654
888	1678
888	1701
888	1704
888	2454
888	3009
888	3033
888	3165
888	3378
888	3497
888	888
888	987
889	2190
89	3493
891	1287
891	2820
891	891
891	992
892	2669
892	3051
892	3569
892	892
893	1802
893	2517
893	3524
893	3935
894	1636
894	1916
894	2492
895	1636
895	1725
895	1916
895	3130
895	3615
895	3648
895	895
898	2135
9	3714
9	9
90	2587
901	2088
901	3008
901	993
903	1946
903	2266
904	1284
904	1567
904	2367
904	2645
904	2757
904	3130
904	3615
904	3648
904	904
906	1618
906	2331
907	907
908	1025
908	1963
908	2622
908	3177
908	3214
908	3259
908	926
909	2020
909	2335
909	3023
909	909
91	2043
91	471
911	2889
911	911
912	2604
912	912
914	1100
914	2004
914	2790
914	914
915	1240
915	1489
915	1923
915	2403
915	3691
915	915
916	1369
916	1465
916	1706
916	1764
916	1879
916	2639
916	2647
916	2697
916	3131
916	3552
916	916
917	2874
917	2886
917	2911
917	2994
917	3491
917	3745
917	3875
917	917
918	3832
92	180
92	2842
92	705
920	1434
920	3384
921	1169
921	2096
921	2334
921	921
922	2241
922	3159
922	3371
922	922
923	1442
923	1545
923	2960
924	1197
924	2155
924	2157
924	2417
924	2536
924	2776
924	2928
924	2935
924	3057
924	3328
924	924
925	1389
925	1549
925	1879
925	1880
925	1887
925	2242
925	3814
925	3860
925	925
925	994
926	1025
926	2574
926	926
926	946
927	1235
927	1375
927	1799
927	2416
927	2866
927	3459
927	3593
928	1278
928	2454
928	3322
928	928
929	1570
929	3925
929	929
93	2409
93	2748
93	562
93	689
930	2555
930	930
931	2935
932	3611
934	2092
934	934
935	1948
935	2716
935	935
936	1083
936	2623
936	3151
936	3434
936	3853
936	936
937	2582
937	3895
937	974
938	1191
938	3351
939	1852
94	1005
94	1190
94	1468
94	1517
94	1654
94	181
94	2276
94	2302
94	2767
94	3341
94	3423
94	678
94	812
94	94
940	1533
940	1951
940	2003
940	3818
940	3973
943	1481
943	1813
943	2888
943	3956
943	943
944	1681
944	2186
944	944
947	947
948	1200
948	1258
948	2092
948	2148
948	2199
948	2275
948	2288
948	2486
948	2538
948	2546
948	2581
948	3087
948	3292
948	3412
948	3582
948	3974
948	948
949	1108
949	1972
949	2575
949	3073
95	1530
95	1594
95	1654
95	1663
95	1913
95	1958
95	2468
95	2792
95	3063
95	3352
95	3409
95	3780
95	3806
95	385
95	3870
95	3936
95	550
951	1360
951	1545
951	2260
951	2577
951	2683
951	3126
951	3394
951	3771
951	3885
951	951
952	3715
952	952
953	1548
953	1567
953	1795
953	1797
953	2159
953	2372
953	2577
953	2600
953	2608
953	3513
953	953
955	1144
955	1413
955	1935
955	2517
955	2667
955	2776
955	3214
956	956
957	1551
957	1956
957	2349
957	2558
957	3278
957	3377
957	3697
957	3762
957	3868
957	957
959	3970
959	959
96	1268
96	2591
96	2882
96	96
960	1543
960	2895
960	2997
960	3270
960	3532
960	3774
960	3835
960	960
961	2622
961	3167
961	3259
961	961
963	1210
963	2077
963	2259
963	963
964	2515
964	3338
964	3341
964	3499
965	1831
965	1948
965	2071
965	2529
965	2997
965	3226
965	965
966	1032
966	1556
966	966
967	3033
967	3217
967	967
968	2820
969	1462
969	1604
969	1726
969	1855
969	1981
969	2490
969	969
97	1023
97	2422
97	2931
97	3147
97	761
97	97
970	1260
970	1980
970	2871
970	2874
970	3000
970	3206
970	3491
970	3602
970	3606
970	3952
970	970
971	971
973	1308
973	2620
973	973
974	1000
974	1179
974	1191
974	1198
974	1765
974	1935
974	3895
974	974
975	3020
976	1260
976	1280
976	1660
976	1680
976	2336
976	2390
976	2653
976	2995
976	3141
976	3220
976	3322
976	3955
976	976
977	1445
977	977
978	1395
978	2391
979	979
980	1459
980	1655
980	980
981	981
982	1476
982	2331
982	2453
982	2757
982	3130
982	3630
982	982
982	990
983	1484
983	1688
983	1907
983	3700
983	983
985	1010
985	1384
985	1543
985	1938
985	1988
985	2389
985	2527
985	2639
985	3562
985	3721
985	985
987	2164
987	987
988	1704
988	2207
988	2925
988	2961
988	3518
988	988
989	1560
989	989
99	1257
99	1271
99	155
99	1617
99	1641
99	1719
99	1902
99	200
99	2138
99	2242
99	2518
99	2576
99	266
99	2982
99	3239
99	343
99	3857
99	386
99	512
99	858
99	99
991	1248
991	1583
991	2292
991	2347
991	3033
991	3616
991	3870
991	991
992	3113
992	3224
992	3659
992	992
993	1067
993	1360
993	1791
993	1793
993	2088
993	2419
993	2795
993	3008
993	3491
993	3874
993	3953
993	993
994	1140
994	1282
994	1666
994	1755
994	1879
994	2064
994	2067
994	2372
994	2770
994	3037
994	3317
994	3406
994	3504
994	3647
994	3722
994	3964
994	994
995	1171
995	1591
995	1803
995	2435
995	2497
995	2973
995	3276
995	995
996	1604
996	1855
996	2164
996	2515
996	2647
996	2703
996	2708
996	996
997	1704
997	3333
997	3476
997	3878
999	2167
999	2221
999	3079
