#Nodes	4000
#Edges	10070
1	1
1	1289
1	1541
1	1908
1	2004
1	2345
1	2486
1	2567
1	2772
1	3216
1	3918
1	496
1	661
10	10
10	1247
10	1384
10	1678
10	193
10	1949
10	2245
10	2373
10	2578
10	2709
10	307
10	3341
10	3359
10	3519
10	3691
10	37
10	478
10	51
10	75
10	766
100	100
100	1315
100	1496
100	2993
100	3186
1000	1324
1000	1935
1000	3920
1001	1512
1001	3382
1002	1002
1002	3114
1002	3661
1003	1003
1003	1078
1003	1327
1005	1005
1005	1079
1005	2177
1005	2392
1005	2660
1005	2963
1005	3114
1005	3276
1005	3436
1005	3735
1005	3779
1005	3828
1005	3881
1005	3904
1006	2476
1006	2624
1006	3213
1006	3900
1007	1007
1007	1545
1007	2262
1007	3126
1007	3927
1008	1008
1008	1060
1008	1610
1008	1931
1008	1934
101	101
1010	1010
1010	3721
1011	2079
1011	3394
1011	3765
1012	1893
1012	3288
1012	3455
1015	1015
1015	3982
1016	1235
1016	1247
1017	3380
1017	3408
1019	1019
1019	1874
1019	1931
1019	2006
1019	2517
1019	3041
102	102
1020	1020
1020	3397
1021	1079
1021	1235
1021	1496
1021	1595
1021	1622
1021	1701
1021	2174
1021	2242
1021	2347
1021	2454
1021	2911
1021	3066
1022	3696
1023	1144
1023	2971
1024	3250
1025	1198
1025	1217
1025	1979
1025	3348
1026	2211
1028	2430
103	1011
103	103
103	1191
103	1198
103	1221
103	3765
103	587
103	766
103	773
1031	1590
1031	1767
1031	2220
1031	2743
1031	2790
1031	2848
1031	3213
1032	1032
1032	1556
1032	2400
1033	1610
1033	2449
1033	2635
1033	3127
1033	3166
1033	3394
1033	3654
1033	3784
1033	3799
1035	1035
1035	1511
1035	2266
1035	3217
1035	3301
1035	3518
1037	1637
104	104
104	1766
104	291
104	3042
104	3388
1040	1040
1041	1041
1041	1067
1041	1591
1041	1841
1041	1890
1041	2062
1041	2095
1041	2290
1041	2410
1041	2884
1041	2977
1041	3070
1041	3231
1041	3419
1041	3595
1041	3774
1042	2682
1043	3821
1044	2113
1044	3595
1046	1046
1046	1150
1046	1404
1046	1877
1046	2117
1046	2330
1046	2755
1048	2477
1048	2942
1049	1049
1049	1075
1049	2486
1049	2550
1049	2763
1049	2837
1049	3732
105	105
105	1133
105	1154
105	1468
105	1635
105	1924
105	2074
105	2276
105	2298
105	2301
105	2693
105	2840
105	3151
105	3170
105	3562
105	561
105	572
105	684
105	915
1051	1051
1051	1187
1051	1563
1051	1719
1051	1727
1051	1902
1051	1903
1051	2018
1051	2629
1051	3361
1051	3483
1051	3692
1051	3842
1051	3957
1052	3640
1053	1175
1053	2622
1053	2776
1053	3884
1056	1056
1056	2878
1057	1057
1057	3651
1058	1058
1058	1670
106	106
106	1079
106	1289
106	1358
106	1413
106	146
106	1540
106	155
106	1791
106	1803
106	1879
106	192
106	1948
106	2169
106	2196
106	2347
106	2411
106	2626
106	2660
106	2710
106	2772
106	2774
106	2790
106	2874
106	2936
106	2985
106	3066
106	3070
106	3329
106	3491
106	356
106	3593
106	3771
106	3879
106	3941
106	3971
106	3984
106	406
106	721
106	724
106	845
106	993
1060	1060
1060	1072
1060	2810
1060	3188
1060	3501
1062	1427
1062	3558
1062	3671
1063	3872
1065	1432
1065	1800
1065	2206
1065	3155
1066	1066
1066	1276
1066	3132
1066	3143
1066	3561
1067	1067
1067	1591
1067	2410
1067	2907
1067	3464
1068	1068
1069	1101
1069	1240
1069	1665
1069	3037
1069	3406
1070	1458
1070	1940
1070	3600
1071	1071
1073	1073
1073	1608
1073	2088
1073	2767
1074	1074
1074	2798
1074	2808
1074	2898
1074	3279
1075	1430
1075	2486
1075	3533
1076	1114
1076	1162
1076	1232
1076	1264
1076	3006
1076	3507
1076	3860
1077	1077
1077	2023
1077	2433
1077	2748
1077	2759
1077	3004
1078	1078
1078	1327
1078	2072
1079	1262
1079	1278
1079	1680
1079	1768
1079	1796
1079	1810
1079	2051
1079	2390
1079	2660
1079	2961
1079	3735
108	108
108	1148
108	1189
108	1262
108	1361
108	1512
108	1597
108	171
108	1734
108	175
108	1773
108	2088
108	2204
108	2330
108	2411
108	2584
108	2776
108	2987
108	3035
108	3248
108	3322
108	3329
108	3469
108	3566
108	3692
108	373
108	3741
108	3744
108	3808
108	3934
108	394
108	414
108	758
108	837
108	895
108	901
1082	1090
1082	1185
1082	1398
1082	1408
1082	1466
1082	1937
1082	2584
1082	2911
1082	3134
1082	3463
1082	3587
1082	3693
1082	3967
1083	1083
1083	1341
1083	1409
1083	1777
1083	2623
1083	2771
1083	3151
1083	3313
1083	3434
1083	3680
1083	3853
1084	1084
1084	2118
1084	2777
1084	3201
1085	1085
1085	1257
1085	1779
1085	1796
1085	1897
1085	1961
1085	2331
1085	2838
1085	3164
1085	3518
1085	3967
1086	1828
1086	2621
1089	1191
1089	1198
1089	1485
1089	1935
1089	2490
1089	3044
1090	1196
1090	1408
1092	1092
1092	1525
1092	2517
1092	2818
1093	1093
1093	1956
1093	2484
1093	2757
1093	3697
1095	1095
1098	1477
1098	1635
1098	2403
11	11
11	1336
11	1421
11	1484
11	1652
11	193
11	2098
11	2141
11	2233
11	2328
11	2415
11	2481
11	2530
11	2559
11	2564
11	2639
11	2797
11	2869
11	2963
11	3063
11	3255
11	3286
11	3360
11	3396
11	3571
11	3592
11	3723
11	3729
11	3735
11	3777
11	3847
11	3875
11	3936
11	449
11	478
11	488
11	501
11	51
11	552
11	669
11	714
11	807
11	864
11	985
110	1130
110	1500
110	2348
110	3099
110	3603
110	3836
110	498
110	502
110	637
110	924
1100	1100
1100	1189
1100	1244
1100	1411
1100	1551
1100	1576
1100	1590
1100	1636
1100	1719
1100	1912
1100	2051
1100	2598
1100	2961
1100	3520
1100	3938
1100	3984
1101	1101
1101	2108
1102	1102
1103	2613
1104	1104
1104	1155
1104	1780
1104	1795
1104	2900
1104	3403
1105	1105
1107	1107
1108	1893
1108	3621
1112	1112
1112	2904
1112	3020
1112	3657
1112	3811
1113	1113
1113	1163
1113	2106
1113	2407
1113	2486
1113	3156
1113	3279
1113	3819
1116	1686
1116	3121
1116	3556
1119	1119
1119	1463
1119	1495
1119	1624
1119	3606
1121	1121
1121	1155
1121	1165
1121	1217
1121	1519
1121	1610
1121	1630
1121	1678
1121	1848
1121	1865
1121	2123
1121	2415
1121	2612
1121	3034
1121	3115
1121	3126
1121	3128
1121	3232
1121	3342
1121	3403
1123	1123
1123	3242
1124	1124
1124	1622
1124	1641
1124	2985
1124	3322
1124	3575
1126	1126
1126	1538
1126	1556
1126	1566
1126	2818
1127	1127
1127	1984
1127	2149
1128	1128
1128	1469
1128	2424
1128	3817
1129	1240
1129	1732
113	113
113	2996
113	520
1130	1130
1130	3209
1132	1367
1133	1190
1133	2122
1133	3025
1133	3899
1134	1134
1134	1415
1134	2827
1134	3085
1136	1136
1136	2555
1136	2748
1137	1137
1137	1146
1137	1197
1137	2185
1137	2972
1137	3228
1138	1138
1138	2890
114	1121
114	114
114	1155
114	1373
114	1519
114	1628
114	2434
114	2869
114	3165
114	349
114	3497
114	3748
114	3777
114	3816
114	807
1140	1140
1140	2064
1140	3504
1141	1141
1141	1959
1141	3150
1142	2638
1142	3249
1142	3960
1143	1143
1143	1185
1143	1590
1143	2249
1143	2498
1143	2772
1143	2866
1143	3008
1143	3749
1143	3946
1143	3984
1144	1144
1144	1413
1144	1532
1144	1956
1144	2228
1144	2538
1144	2776
1144	2913
1144	2993
1144	3697
1146	1197
1146	3715
1147	1147
1147	2984
1147	3694
1148	1240
1148	1773
1148	2074
1149	1500
1149	2150
1149	2592
1149	2657
1149	3427
1149	3512
115	1019
115	115
115	1331
115	1360
115	1931
115	204
115	219
115	2210
115	2321
115	450
115	726
1150	1150
1150	2330
1150	2755
1150	3257
1151	1261
1151	2317
1151	2538
1151	2661
1151	3681
1151	3697
1154	1154
1154	1263
1154	1340
1154	2273
1154	2407
1154	2503
1154	2653
1154	2721
1154	3560
1154	3562
1155	1155
1155	2177
1155	2513
1155	2848
1155	3097
1155	3157
1155	3805
1158	1158
1159	1159
116	116
116	1206
116	1656
116	2342
116	2639
116	2651
1162	1162
1162	1327
1162	1719
1162	1748
1162	1781
1162	1972
1162	2274
1162	3066
1162	3469
1162	3507
1162	3559
1162	3707
1163	1163
1163	1819
1163	2106
1163	2410
1163	2809
1163	3624
1164	1164
1164	1462
1164	2778
1165	1519
1165	1734
1165	1848
1165	2188
1165	2415
1165	3115
1165	3722
1167	1167
1167	1335
1167	1486
1167	2101
1167	2380
1167	2392
1168	1168
1168	1817
117	255
117	2951
117	3551
117	3696
117	3913
117	495
1171	1171
1171	1180
1171	1337
1171	1422
1171	1577
1171	1694
1171	1748
1171	2843
1171	2871
1171	2977
1171	3276
1171	3501
1171	3561
1171	3610
1174	2780
1175	1175
1175	1543
1175	1668
1175	1689
1175	2407
1175	2559
1175	2579
1175	3566
1175	3788
1176	1176
1178	3941
118	1265
1181	1368
1181	2977
1181	3616
1184	1639
1184	1832
1184	2039
1184	2217
1184	2249
1184	2767
1184	2857
1184	3114
1184	3912
1185	1398
1185	2772
1185	2906
1185	3008
1185	3566
1187	1187
1187	1269
1187	2786
1187	3508
1188	3994
1189	1189
1189	1578
1189	1862
1189	1980
1189	2054
1189	2257
1189	2454
1189	2559
1189	3035
1189	3301
1189	3805
1190	1190
1190	1338
1190	1341
1190	1468
1190	1732
1190	1924
1190	2074
1190	2298
1190	2302
1190	2327
1190	2403
1190	3003
1190	3741
1190	3899
1191	1191
1191	1198
1191	1519
1191	1935
1191	2123
1191	2258
1191	2593
1191	3351
1191	3380
1191	3798
1192	1192
1193	2063
1194	1514
1194	2514
1194	2806
1195	1195
1195	2100
1195	3609
1196	2510
1197	1197
1197	2935
1198	1198
1198	1656
1198	1741
1198	1765
1198	1935
1198	1979
1198	2079
1198	2258
1198	2339
1198	2717
1198	3150
1198	3162
1198	3348
1198	3394
1198	3759
1199	1457
1199	1931
12	1082
12	12
12	1254
12	1370
12	1734
12	2026
12	3134
12	340
12	513
12	596
12	952
120	1085
120	120
120	1793
120	2049
120	2377
120	2635
120	2847
120	2964
120	3654
120	3865
120	749
120	752
120	801
120	849
1201	3464
1202	1202
1202	1340
1203	1319
1203	1370
1203	1404
1203	1450
1203	1591
1203	1602
1203	1803
1203	1931
1203	1959
1203	2225
1203	2631
1204	1535
1204	1856
1204	1980
1204	2821
1204	2973
1204	3938
1205	1205
1205	1231
1205	2604
1205	3588
1206	1726
1206	1752
1206	2707
1206	3107
1207	1207
1207	2590
1207	3122
121	121
121	345
1210	1210
1210	1274
1210	2077
1210	2275
1211	1211
1211	1245
1211	1480
1212	1212
1212	2427
1212	2640
1212	3180
1215	1215
1215	2035
1215	2171
1215	3668
1217	1217
1217	1363
1217	1384
1217	1558
1217	1610
1217	1656
1217	1935
1217	2451
1217	3051
1217	3342
1217	3345
1217	3348
1217	3380
1217	3750
1217	3887
1217	3891
1217	3940
1218	1218
1219	1219
122	1232
1220	1220
1223	1223
1223	1327
1224	1424
1224	1754
1225	1225
1225	1268
1225	2192
1225	2808
1226	2736
1228	3873
1229	1821
123	1072
123	123
123	913
1230	1230
1230	2028
1231	1231
1232	1591
1232	1935
1232	2567
1235	1235
1235	1344
1235	1375
1235	1454
1235	1799
1235	2065
1235	2388
1235	2429
1235	2911
1235	2945
1235	3257
1235	3459
1235	3737
1235	3984
1236	1236
1236	3650
1237	1237
1238	1238
1239	1239
1239	2635
1239	3654
1239	3825
124	1146
124	1197
124	124
124	1731
124	2029
124	2229
124	2515
124	3558
124	3667
124	705
1240	1240
1240	1468
1240	2074
1240	2644
1240	2839
1240	3037
1240	3406
1240	3754
1240	3812
1241	1241
1241	1686
1241	2587
1241	2661
1241	2934
1242	1242
1242	1551
1242	1848
1242	2161
1242	2797
1242	2953
1242	3813
1243	1243
1244	1244
1244	1912
1245	1245
1245	1305
1245	1455
1245	1480
1245	1686
1245	1742
1245	2057
1245	2327
1245	3151
1245	3434
1246	1246
1246	2262
1246	3715
1247	1862
1247	2245
1248	1248
1248	1486
1248	2292
1248	2672
1248	3031
1248	3616
1248	3870
1249	3352
125	1278
125	1562
125	2360
125	2391
125	2754
125	2911
125	3120
125	3226
125	3438
125	3444
125	3574
125	745
1250	1250
1250	1785
1250	2928
1250	3644
1250	3827
1251	1251
1251	1746
1251	2912
1252	1681
1252	1985
1253	1369
1253	2510
1254	1622
1254	2985
1254	3134
1254	3496
1256	1256
1256	1369
1256	2529
1256	2903
1256	2997
1256	3152
1256	3285
1257	1291
1257	1378
1257	1792
1257	1799
1257	1918
1257	2113
1257	2124
1257	2261
1257	2410
1257	2567
1257	2693
1257	2750
1257	2946
1257	2961
1257	3016
1257	3491
1257	3566
1257	3868
1257	3923
1259	2541
1260	3122
1261	1261
1261	1514
1261	2486
1261	3697
1261	3785
1262	1262
1262	2630
1262	3735
1263	1263
1263	1969
1264	1264
1264	1278
1264	1387
1264	1395
1264	1490
1264	1497
1264	2328
1264	2672
1264	2927
1264	2985
1264	3566
1266	1698
1266	1907
1266	2658
1266	3813
1267	1489
1267	2021
1268	1268
1268	2192
1268	2882
127	605
1270	2102
1270	2726
1270	3622
1270	3792
1271	1271
1271	1734
1271	1893
1271	1931
1271	1948
1271	2778
1271	3066
1271	3067
1271	3517
1271	3872
1272	2238
1272	3170
1274	1500
1274	2150
1274	2331
1274	2964
1274	3389
1274	3947
1275	1275
1275	1381
1276	1392
1276	2646
1276	2856
1276	2925
1276	3132
1276	3260
1276	3792
1278	1278
1278	1280
1278	1333
1278	1490
1278	1497
1278	1689
1278	1810
1278	1847
1278	2198
1278	2424
1278	2486
1278	2774
1278	2776
1278	3129
1278	3454
1278	3566
1278	3606
1278	3903
1278	3955
1279	1279
1279	2159
1280	1280
1280	1490
1280	1590
1280	1779
1280	2152
1280	2390
1280	3452
1280	3903
1282	1282
1282	1833
1282	2806
1282	3466
1283	1770
1283	2915
1284	1284
1284	1983
1284	2528
1285	1285
1286	2373
1288	2283
1289	1866
1289	2347
1289	3642
129	1137
129	2243
129	2884
1290	1651
1290	1655
1290	1973
1290	2677
1291	1291
1291	1589
1291	1856
1291	3653
1292	1641
1293	1293
1293	1356
1295	2245
1296	2365
1297	2841
1298	1600
1299	1299
1299	1743
1299	3460
13	13
13	2393
130	1021
130	1244
130	130
130	1344
130	1928
130	2044
130	2449
130	2729
130	3016
130	3257
130	3353
130	387
130	3923
130	451
130	746
1305	1305
1305	1397
1305	1455
1305	1770
1305	1777
1305	2280
1305	3121
1305	3688
1305	3974
1306	1306
1307	1307
1307	1412
1307	1858
1307	2913
1307	3927
131	1505
131	2114
131	3528
131	366
131	501
1310	1310
1310	1893
1311	1673
1311	3796
1311	3993
1313	1313
1313	1856
1313	2249
1316	1411
1316	2133
1317	1317
1317	1522
1317	3241
1317	3271
1318	3722
1319	1319
1319	1667
1319	2045
1319	2250
1319	2415
1319	2679
1319	3232
1319	3440
1319	3677
132	132
132	2888
132	3099
1321	2061
1321	2228
1321	2623
1321	3074
1322	1645
1323	1323
1324	1324
1324	1457
1324	1519
1324	1833
1324	2645
1324	2676
1324	3183
1325	2882
1326	1860
1326	2617
1329	1329
1329	1567
1329	1707
1329	1723
1329	2842
1329	3314
133	1016
133	133
133	1872
133	2735
133	2748
133	3004
133	3604
133	3674
133	3995
133	404
133	513
133	731
133	833
133	858
1330	1330
1330	1766
1332	1332
1332	1448
1332	1734
1332	3904
1333	1333
1333	1591
1333	1664
1333	2486
1333	2889
1333	3955
1334	2525
1335	2039
1335	2392
1336	1848
1336	2328
1336	2872
1336	3571
1336	3723
1337	1337
1337	3307
1338	2298
1339	1727
1339	2364
134	1272
134	134
134	1833
134	2697
134	3714
1340	1340
1340	1369
1340	1925
1340	2726
1340	2995
1340	3134
1340	3472
1340	3817
1341	1341
1341	1468
1341	1924
1341	2122
1341	2771
1341	3853
1341	3899
1342	3630
1343	1343
1343	2400
1343	3305
1343	3503
1344	1344
1344	1526
1344	2133
1344	2363
1344	2521
1344	2820
1344	2874
1344	2961
1344	2995
1344	3257
1345	1345
1345	2660
1346	3456
1346	3852
1347	1347
1347	2449
1347	2820
1347	2856
1349	1349
1349	2028
135	135
135	2493
135	3341
135	3359
135	3691
135	3927
1351	1351
1351	1652
1351	1857
1351	1937
1354	1354
1354	2951
1355	1355
1355	2541
1355	2895
1355	3215
1358	1358
1358	2411
1358	2416
1359	2700
1359	3161
1359	3390
1359	3877
136	136
1360	1360
1360	1553
1360	1609
1360	1731
1360	1803
1360	1842
1360	1925
1360	1931
1360	2029
1360	2210
1360	2609
1360	2895
1360	3015
1360	3215
1360	3869
1360	3874
1361	1361
1361	1368
1361	1889
1361	2701
1361	2911
1361	3176
1361	3875
1361	3941
1362	1680
1362	2559
1363	3380
1364	1364
1364	1608
1364	2453
1364	3945
1365	1365
1365	1388
1365	1399
1365	1825
1365	1826
1365	2235
1365	2268
1365	2508
1365	2625
1365	3558
1365	3874
1366	1366
1366	2814
1366	3608
1367	1367
1367	2065
1367	2239
1368	1879
1368	1895
1368	2292
1369	1369
1369	1398
1369	3331
1369	3353
1369	3378
137	1332
137	767
1370	1370
1370	1652
1370	1719
1370	1861
1370	2102
1370	2726
1371	1371
1371	1519
1371	3034
1373	1373
1373	1448
1373	2047
1373	2493
1373	3497
1373	3816
1374	1374
1374	1876
1375	1375
1375	2416
1375	3459
1375	3593
1376	1376
1376	3159
1377	1377
1378	1378
1378	2124
1378	2463
1379	1379
1379	3918
138	138
138	2776
138	3707
1380	1380
1380	1534
1380	1896
1380	3824
1381	1381
1382	1836
1382	1959
1382	2572
1382	3353
1382	3664
1383	1383
1384	1384
1384	1717
1384	2449
1384	2627
1384	2900
1384	3044
1384	3897
1385	1385
1385	1683
1386	1386
1386	2236
1386	2318
1386	3105
1386	3679
1387	1387
1388	2235
1388	3874
139	1988
139	2570
139	985
1390	1390
1390	1463
1390	1980
1390	2543
1390	3938
1391	1391
1393	3589
1394	1394
1394	1646
1394	1650
1394	1690
1394	3015
1394	3049
1395	1551
1396	1396
1396	1484
1396	1652
1396	2120
1396	2148
1396	3527
1397	1601
1397	1645
1397	1996
1397	2113
1397	2410
1397	2806
1397	3070
1397	3823
1397	3868
1397	3974
1398	1398
1398	1466
1398	1879
1398	1880
1398	2584
1398	3134
1398	3692
1399	1399
1399	2660
1399	3735
140	1136
140	140
140	1476
140	1624
140	180
140	2015
140	2130
140	2555
1400	1752
1400	3739
1401	1401
1401	1494
1401	1535
1401	2229
1401	3466
1401	3921
1404	1404
1404	1450
1404	1507
1404	2084
1404	2117
1406	2959
1406	3042
1409	1409
1409	1777
1409	3400
1411	1895
1412	1412
1412	1858
1412	1867
1412	2031
1414	3118
1415	1415
1415	2827
1415	2835
1415	3085
1418	1579
1419	1419
1419	1689
1419	3788
142	142
142	1991
142	212
142	2286
142	2730
142	3086
142	3258
142	3691
142	402
142	543
142	611
142	694
142	815
142	932
1421	1421
1421	1652
1421	3663
1422	1422
1422	1796
1422	2594
1422	2961
1422	3156
1422	3244
1422	3728
1423	1423
1424	1424
1424	1754
1425	1804
1425	3043
1425	3280
1426	1426
1426	2224
1427	1427
1427	3671
1428	2245
1428	3404
1430	1430
1430	1471
1430	2150
1430	2449
1430	3511
1432	1800
1432	2206
1432	3155
1434	1434
1434	3384
144	1895
144	2207
144	2534
1441	3712
1442	1442
1442	2960
1444	1444
1444	1908
1444	2004
1445	1729
1447	2215
1447	3640
1447	3902
1448	2026
1448	2047
1448	2098
1448	2415
1448	3317
1448	3560
145	145
145	1457
145	2159
145	226
145	3305
1450	1450
1450	1984
1450	2084
1450	2173
1453	1824
1454	1454
1455	1455
1455	1872
1455	3121
1455	3604
1457	1457
1457	1833
1457	1931
1457	2088
1457	2852
1457	3070
1457	3403
1457	3523
1457	3647
1457	3754
1457	3982
1458	1458
1458	1940
1458	3600
1459	1655
146	1100
146	1143
146	1185
146	146
146	1734
146	2763
146	2772
146	344
146	3984
146	849
1461	1663
1461	2734
1462	1583
1462	1695
1462	2778
1462	3200
1462	3305
1463	1463
1463	1980
1463	2278
1463	3206
1463	3606
1463	3923
1463	3938
1464	1464
1464	2573
1465	1465
1465	2242
1465	2888
1467	1989
1468	1468
1468	1732
1468	1814
1468	1924
1468	2276
1468	2311
1468	3341
1468	3741
1468	3899
1469	1469
1469	2797
1469	3817
147	1025
147	1217
147	1363
147	147
147	152
147	1558
147	1656
147	1765
147	1783
147	1805
147	1979
147	2079
147	2258
147	2373
147	2593
147	2651
147	3214
147	3348
147	345
147	3484
147	3519
147	3798
147	587
147	747
147	926
1471	2449
1471	3511
1472	1472
1472	2077
1472	2796
1472	2822
1472	3274
1472	3443
1472	3585
1476	1476
1476	3803
1477	1477
1477	1637
1477	1967
1477	2028
1477	2518
1477	2913
1478	1478
1479	1788
1479	3970
1479	3973
1480	1480
1480	2659
1480	3980
1481	1481
1481	3985
1482	2347
1482	3941
1483	1483
1483	2685
1483	2743
1483	3770
1483	3971
1484	1484
1484	1688
1484	3178
1484	3527
1485	1485
1485	2612
1486	3508
1486	3540
1486	3870
1486	3877
1489	1489
1489	1796
1489	2021
1489	2369
149	1261
149	149
149	1713
149	2134
149	2164
149	2647
149	2703
149	2884
149	3371
149	3499
149	385
149	3964
149	797
149	996
1490	1490
1490	1497
1490	2051
1490	2196
1490	2198
1490	2654
1490	2776
1491	2177
1491	2599
1494	1494
1494	2726
1494	2776
1494	3454
1495	2332
1495	3198
1496	1496
1496	1750
1496	1799
1496	1910
1496	2328
1496	2995
1496	3033
1497	1497
1497	1667
1497	2482
1498	1498
1498	2923
15	1769
15	2110
15	2906
15	3228
15	3270
15	3419
15	3680
15	960
1500	1500
1500	3389
1500	3947
1501	1501
1501	1508
1503	2912
1503	3425
1504	1878
1504	3512
1505	2114
1506	1506
1507	3454
1507	3850
151	1110
151	1361
151	151
151	167
151	172
151	1925
151	2388
151	270
151	3023
151	3289
151	340
151	3774
151	3805
151	3869
151	578
151	810
1510	1510
1511	1946
1511	2266
1511	3217
1512	1512
1512	2300
1512	2763
1512	2776
1512	3566
1513	1513
1513	2253
1513	2522
1513	3148
1513	3436
1513	3548
1514	1514
1514	1523
1514	1791
1514	1956
1514	2806
1514	3066
1514	3454
1515	2740
1515	3055
1516	1516
1516	2913
1516	3316
1516	3605
1517	1517
1517	2798
1519	1519
1519	1610
1519	1630
1519	1656
1519	1678
1519	2123
1519	2415
1519	2422
1519	3126
1519	3232
152	152
152	1522
152	1558
152	1600
152	1603
152	1935
152	2116
152	2247
152	2258
152	2593
152	3005
152	3277
152	3351
152	3646
152	587
152	747
152	773
1520	1520
1521	3224
1521	3659
1522	1522
1522	1603
1522	1829
1522	1886
1522	1977
1522	2340
1522	3271
1522	3484
1523	1523
1523	2357
1525	2818
1526	1526
1526	3540
1528	1948
1528	3587
1530	1530
1530	2601
1530	2995
1530	3424
1531	1531
1531	1935
1531	2486
1531	2731
1531	2973
1531	3192
1532	2228
1533	1533
1534	1534
1534	1896
1534	2835
1535	1535
1535	1980
1535	2051
1535	2903
1535	3921
1535	3938
1537	1537
1537	1658
1537	1959
1537	3275
154	1116
154	154
154	3023
154	340
154	3560
154	3745
154	3794
154	679
154	878
1540	1574
1540	1694
1540	1698
1540	2467
1540	2738
1540	3965
1541	1541
1541	2345
1541	2486
1541	3500
1543	1543
1543	1727
1543	2048
1543	2113
1543	2303
1543	2369
1543	2449
1543	2679
1543	3377
1543	3768
1545	1545
1545	1560
1545	1769
1545	2023
1545	2413
1547	1547
1547	1757
1547	1780
1547	2015
1547	2453
1547	2458
1547	2664
1547	3101
1547	3535
1548	1548
1548	2957
1548	3139
155	1167
155	1291
155	1298
155	1390
155	155
155	1600
155	1887
155	192
155	2242
155	2244
155	2337
155	2419
155	2576
155	266
155	285
155	2982
155	3031
155	3378
155	359
155	3857
155	386
155	3870
155	436
155	512
155	620
155	695
155	780
155	807
155	858
155	916
155	925
1551	1816
1551	1886
1551	2302
1551	2349
1551	3377
1551	3762
1552	1552
1552	3630
1554	2050
1554	2196
1554	2253
1554	2445
1554	2514
1554	2522
1554	2864
1554	3114
1554	3431
1554	3583
1554	3661
1554	3938
1558	1558
1558	1610
1558	2116
1558	2593
1558	3750
156	1190
156	1338
156	156
156	2298
156	2695
1560	1839
1562	1562
1562	2119
1562	2218
1562	2449
1562	2531
1562	2795
1562	3844
1562	3953
1563	3867
1564	1956
1564	2057
1564	2571
1564	3894
1566	1566
1566	2104
1566	2269
1566	3625
1567	1707
1567	1829
1569	2759
1569	3976
157	1360
157	157
157	2449
157	2493
157	604
1570	1879
1571	1622
1571	1778
1571	2912
1571	2995
1571	3496
1572	1572
1572	2405
1573	2654
1574	1574
1574	2041
1575	1575
1575	1738
1575	1743
1575	1859
1575	3357
1575	3894
1577	1719
1577	2409
1577	2476
1577	2624
1577	2997
1577	3213
1577	3379
1577	3724
1577	3731
1578	1803
1578	1964
1578	2646
1578	3301
1578	3592
1578	3627
1578	3704
1579	1579
1579	1772
1579	2092
1579	2417
1579	2822
158	158
158	2588
158	849
158	867
1581	1581
1581	2028
1581	2431
1581	3865
1583	3616
1583	3878
1584	1584
1585	1585
1585	1759
1585	3532
1588	1602
1588	1641
1588	2198
1588	2357
1588	2378
1588	2660
1588	3731
1588	3811
1589	1589
1589	1639
1589	1774
1589	2039
1589	2160
1589	2402
1589	2715
1589	2904
1589	3026
1589	3657
159	1365
159	159
159	2279
159	354
159	3595
159	812
1590	1622
1590	1893
1591	1591
1591	1803
1591	1833
1591	1890
1591	1919
1591	1931
1591	2066
1591	2113
1591	2435
1591	2486
1591	3734
1591	3763
1592	1592
1592	1622
1592	2407
1592	2630
1592	2701
1592	3805
1594	1594
1595	1679
1595	2454
1595	3568
1596	2303
1596	3768
1597	1622
1597	2411
1597	3322
1597	3329
1597	3491
1599	1675
1599	1834
16	1085
16	1145
16	1489
16	1727
16	2052
16	446
160	2259
160	2706
160	506
160	564
160	695
1600	1600
1600	1610
1600	1724
1600	2020
1600	3920
1602	1602
1602	1803
1603	1603
1603	1886
1603	2651
1604	1604
1604	1855
1604	1995
1604	2164
1604	2703
1604	2736
1606	1606
1606	3565
1606	3955
1608	1608
1608	1737
1608	1824
1608	2376
1608	2486
1608	2585
1608	2710
1608	3252
1608	3536
1609	2528
161	161
161	351
161	581
1610	1610
1610	1927
1610	2258
1610	2320
1610	2340
1610	3183
1610	3335
1610	3484
1610	3707
1611	1837
1612	1612
1612	1628
1612	2493
1612	2513
1612	3122
1613	1613
1613	1697
1614	1614
162	1278
162	1554
162	2445
162	2522
162	3114
162	3304
1620	1620
1620	2456
1621	2284
1621	3982
1622	1622
1622	1679
1622	1933
1622	2054
1622	2363
1622	2364
1622	2454
1622	2559
1622	2985
1622	3496
1622	3609
1622	3723
1622	3805
1622	3923
1622	3967
1623	1623
1624	3360
1628	1628
1628	2449
1628	2493
1628	3497
1628	3691
1628	3805
163	163
163	1776
163	2540
163	318
163	3473
163	903
1630	3927
1633	1633
1633	1942
1633	3001
1633	3512
1634	1634
1635	1918
1635	2113
1635	2410
1635	2653
1635	3371
1635	3377
1636	1916
1636	2179
1636	2492
1636	3130
1637	1637
1637	1654
1637	1967
1637	2204
1637	2532
1637	2718
1637	2768
1637	2913
1637	2993
1637	3266
1637	3479
1639	1639
1639	1774
1639	1847
1639	1856
1639	2904
1639	2999
1639	3026
1639	3109
1639	3156
164	1051
164	1085
164	1326
164	1368
164	1622
164	164
164	1772
164	1860
164	1879
164	1980
164	1982
164	2092
164	2242
164	266
164	2732
164	2985
164	3095
164	3298
164	3491
164	3582
164	3608
164	3664
164	3668
164	3692
164	3805
164	3957
164	836
164	934
1640	1640
1640	3909
1641	1680
1641	1719
1641	1893
1641	2044
1641	2449
1641	2507
1641	2559
1641	3540
1643	1643
1643	1700
1643	2015
1643	3101
1644	1644
1644	2328
1645	2935
1646	2562
1649	2208
1649	2998
165	165
165	173
165	965
1651	1651
1651	1655
1651	1759
1651	3025
1651	3267
1651	3493
1652	1652
1652	2321
1652	2373
1652	2454
1654	1654
1654	1665
1654	2167
1654	2295
1654	2302
1654	2622
1654	2762
1654	3025
1654	3058
1654	3124
1654	3423
1654	3515
1654	3697
1656	1656
1656	2651
1656	2758
1656	3348
1657	1657
1658	1736
166	321
166	3307
166	761
166	774
1660	1660
1662	1701
1662	3024
1662	3066
1662	3877
1663	1663
1664	2106
1664	3932
1665	1665
1665	3025
1665	3058
1665	3457
1666	2739
1666	3042
1667	1667
1667	2890
167	1533
167	167
167	1671
167	2388
167	2504
167	2845
167	3023
167	3134
167	3252
167	3289
167	3391
167	3860
167	444
1671	3904
1672	3563
1673	1673
1673	1791
1673	2382
1673	3102
1673	3307
1673	3698
1673	3821
1675	2449
1678	1678
1678	2415
1678	3126
1678	3437
1679	1679
1679	1987
1679	2328
1679	2369
1679	2449
1679	2846
1679	2945
1679	3394
1679	3654
1679	3842
1679	3988
168	1647
168	823
1680	1680
1680	1768
1680	1893
1680	2044
1680	2273
1680	2449
1680	2454
1680	2531
1680	2559
1680	2985
1680	3497
1681	1681
1681	1985
1684	1684
1684	2094
1685	3232
1685	3696
1685	3928
1686	1686
1686	2057
1686	2290
1686	3191
1686	3228
1687	1935
1687	3639
1689	1893
1689	3788
169	1027
169	1051
169	1270
169	169
169	2044
169	2449
169	2589
169	2726
169	2887
169	3000
169	465
169	569
169	695
169	783
169	821
169	901
1692	1692
1692	1947
1693	1693
1693	2577
1693	2595
1693	3181
1693	3696
1694	1694
1694	2704
1694	2877
1694	3276
1695	1695
1695	2925
1695	3166
1695	3305
1695	3941
1698	2583
1698	3132
1698	3813
1699	1699
170	3286
1700	1700
1700	1757
1700	2015
1700	2125
1700	3101
1701	3066
1701	3502
1703	1703
1703	2403
1704	1704
1704	2330
1704	2755
1705	1705
1706	1706
1706	1757
1706	1813
1706	2647
1706	2782
1706	3603
1706	3844
1707	2981
1708	1708
1708	2092
171	1585
171	1685
171	1686
171	171
171	1769
171	2023
171	2262
171	2853
171	325
171	3532
171	3808
171	3928
1712	2259
1712	2871
1712	3063
1714	3018
1715	2987
1715	3248
1715	3558
1715	3808
1715	3827
1717	1717
1717	1778
1717	1944
1717	1991
1717	2143
1717	2826
1717	3183
1718	1718
1718	1886
1718	2236
1718	2654
1719	1719
1719	1785
1719	1937
1719	2052
1719	2088
1719	2257
1719	2373
1719	3022
1719	3396
1719	3602
1719	3644
172	1361
172	172
172	1925
172	1931
172	2073
172	2144
172	2588
172	2714
172	2887
172	578
172	820
172	867
1720	1720
1721	1721
1721	1808
1721	2229
1723	1723
1723	1993
1723	2842
1723	2981
1723	3821
1724	1886
1724	2676
1724	3051
1724	3097
1724	3294
1724	3920
1726	1726
1727	2141
1727	2364
1727	2530
1727	3814
1728	1728
1728	3078
1729	1729
1729	1809
1729	2534
1729	2734
1729	3776
1729	3914
173	1496
173	173
173	1910
173	3378
173	991
1730	1730
1731	2029
1731	3667
1732	1732
1732	1924
1732	2311
1732	3738
1732	3835
1734	1734
1734	1931
1734	2144
1734	2175
1734	2415
1734	2435
1734	2480
1734	2481
1734	3704
1734	3910
1735	1735
1735	3378
1736	3234
1737	1737
1737	2486
1739	1739
174	1228
174	174
174	3873
1740	2998
1740	3821
1741	1741
1741	2494
1742	1788
1742	2062
1742	2122
1742	2370
1742	2644
1742	3270
1742	3460
1742	3519
1742	3741
1743	2183
1743	2656
1743	3782
1743	3894
1744	1744
1744	1980
1744	2440
1744	2835
1744	3824
1744	3923
1744	3938
1745	1745
1745	2184
1745	3382
1747	1747
1748	1748
1748	1781
175	1262
175	267
175	2776
1754	1754
1754	1986
1754	2863
1755	2108
1755	3406
1756	1756
1756	3213
1757	1757
1757	1780
1757	2015
1757	2453
1757	2458
1757	2664
1757	2782
1757	2867
1757	2951
1757	3101
1757	3535
1759	1759
1759	2514
176	176
176	1943
176	3646
176	3771
176	3962
1760	3054
1761	1761
1762	3156
1763	1801
1764	1833
1764	2484
1764	2697
1765	1765
1765	1805
1765	3271
1766	1766
1766	1901
1766	3205
1767	2030
1767	2579
1768	1768
1768	2413
1768	2449
1768	2560
1768	2728
1768	2984
1769	1769
1769	2110
1769	3270
1769	3772
1770	1770
1770	3179
1770	3889
1772	1772
1772	2092
1773	3096
1773	3741
1774	1774
1774	2989
1777	2739
1777	3064
1777	3313
1777	3835
1777	3853
1777	3974
1778	1991
1779	1879
1779	2838
178	1585
178	1759
1780	2015
1780	2736
1780	3305
1781	2831
1781	3505
1781	3707
1783	1783
1783	2511
1783	2747
1783	3579
1783	3600
1785	1785
1785	2150
1785	2245
1785	2738
1785	3285
1785	3457
1785	3463
1785	3644
1786	2559
1788	1788
1788	2255
1788	2466
1788	2572
1788	2583
1788	2773
1788	3015
1788	3460
1788	3519
1788	3754
1788	3979
179	1164
179	1248
179	1257
179	1266
179	1368
179	179
179	188
179	1895
179	2125
179	2150
179	2424
179	2559
179	2693
179	2778
179	2797
179	2886
179	3085
179	3101
179	3166
179	318
179	3206
179	356
179	3805
179	381
179	3813
179	3814
179	3870
179	451
179	665
179	707
179	917
179	970
1790	3046
1791	2267
1791	2625
1791	3066
1791	3454
1791	3491
1791	3953
1795	1795
1795	2513
1795	2928
1795	3403
1796	1923
1796	2363
1796	3244
1796	3257
1796	3561
1797	1797
1797	2042
1797	2159
1799	1799
1799	2835
1799	2932
1799	2985
1799	3860
18	105
18	1154
18	1180
18	1263
18	193
18	219
18	2373
18	2693
18	3045
18	345
18	356
18	3562
18	3602
18	3731
18	543
18	561
18	613
18	63
18	75
18	771
18	851
180	1329
180	1723
180	180
180	2130
180	2140
180	2842
180	401
180	416
1800	2206
1800	3155
1801	1801
1801	3249
1801	3882
1801	3960
1802	1802
1802	2517
1802	2924
1802	3935
1803	1803
1803	1931
1803	3763
1804	1804
1804	2452
1804	2897
1804	3043
1805	1805
1805	1991
1807	1807
1807	2676
1807	3294
1808	1808
1808	1866
1808	1952
1808	2548
1808	2616
1808	2835
1808	3664
1808	3749
1809	1809
1809	2534
1809	2611
1809	2734
1809	3564
1809	3776
181	1005
181	1654
181	1893
181	2249
181	2767
181	3779
181	3828
181	701
1810	1875
1812	1812
1812	2422
1812	3954
1813	1813
1813	2782
1814	1814
1814	1924
1814	2311
1814	3899
1816	1816
1816	1909
1816	2427
1816	2510
1818	3449
1819	2809
1819	3624
182	1571
182	1634
182	182
182	3496
182	426
1821	1821
1821	2510
1821	2564
1821	3343
1824	2653
1824	3396
1824	3484
1825	1826
1827	1827
1827	1921
1827	2538
1827	2857
1829	2277
183	3028
1830	1830
1831	1831
1831	2053
1831	2133
1831	2173
1831	2784
1831	3410
1833	1833
1833	2697
1833	2718
1833	3647
1833	3754
1834	2449
1834	2455
1834	2729
1834	2763
1836	1836
1836	2031
1836	2500
1836	2578
1836	3326
1836	3664
1837	2926
1838	1838
1838	3612
1839	3039
1839	3816
1840	1840
1840	3737
1841	1841
1841	2062
1841	2906
1841	3270
1841	3419
1842	1842
1842	2202
1842	2777
1842	3023
1847	1847
1847	1856
1847	3403
1848	3571
1849	1849
1850	1850
1852	3631
1853	1853
1854	2115
1855	2113
1855	2427
1855	3338
1856	1856
1856	2211
1856	3114
1856	3938
1858	2031
1859	1859
1860	2617
1862	1862
1862	1893
1863	1863
1866	1866
1866	1870
1866	1952
1867	1889
1867	3813
1868	1868
1868	2419
1868	3457
1869	2376
187	1230
187	1719
187	187
187	2016
187	2028
187	3353
187	3562
187	675
1870	1870
1870	3291
1871	2092
1871	2535
1871	2852
1871	3292
1871	3316
1871	3582
1872	1872
1872	3604
1874	3118
1875	2282
1876	1876
1877	1877
1877	1898
1877	2729
1877	2866
1877	2874
1877	3491
1878	1878
1879	1879
1879	1880
1879	1887
1879	2019
1879	2242
1879	2430
1879	2434
1879	2767
1879	2772
1879	2774
1879	2810
1879	3023
1879	3135
1879	3235
1879	3428
1879	3445
1879	3490
1879	3536
1879	3612
1879	3828
188	1134
188	188
188	2517
188	2827
188	3085
1880	1880
1880	1928
1880	2030
1880	2051
1880	2798
1880	3061
1881	1881
1881	2119
1881	2781
1881	3471
1884	1939
1885	2984
1886	1886
1886	1977
1886	2717
1886	2730
1886	3051
1886	3086
1886	3263
1886	3484
1886	3707
1886	3798
1886	3920
1887	1887
1887	1891
1887	2242
1887	2847
1887	2925
1887	3693
1888	1888
1888	2388
1888	2562
1888	2647
1888	3289
1889	2384
1889	3805
189	1131
189	1519
189	3184
189	371
1890	1890
1890	2113
1890	2410
1890	3868
1891	2366
1891	2465
1891	3706
1892	3657
1893	1893
1893	2028
1893	2064
1893	2141
1893	2449
1893	2733
1893	2767
1893	2961
1893	3504
1893	3881
1895	1895
1895	2150
1895	2723
1895	3450
1895	3728
1897	1897
1898	1898
1898	2866
1898	3098
1898	3356
1899	1899
19	1777
19	19
19	2585
19	2602
19	2739
19	3064
19	3513
19	3559
19	3653
19	879
190	190
190	891
190	955
1901	1901
1901	1971
1901	3208
1902	1902
1902	2152
1902	2295
1902	3361
1902	3469
1902	3692
1902	3842
1902	3957
1903	1903
1903	2018
1903	2776
1907	1907
1907	2658
1908	2004
191	1494
191	2483
1910	3378
1911	1911
1913	1913
1918	1918
1918	2113
1918	2558
1918	2622
1919	3734
192	1007
192	1831
192	192
192	2542
1921	2857
1924	1924
1924	3899
1925	3562
1926	1926
1926	3020
1927	3109
1927	3913
1928	1928
1928	2798
1928	3456
1928	3852
1929	1929
1929	3791
193	1154
193	1421
193	1592
193	1652
193	1830
193	193
193	2564
193	270
193	3176
193	3484
193	3562
193	371
193	3731
193	478
193	561
1931	1931
1931	2084
1931	2186
1931	2283
1931	2609
1931	2678
1931	3613
1932	2051
1932	2641
1933	3367
1934	2520
1934	3315
1934	3700
1935	1935
1935	2258
1935	2900
1935	3380
1936	1936
1938	1938
1938	2527
1939	1939
194	1475
194	1517
194	194
194	2302
194	2993
194	3423
1940	3152
1941	1941
1941	3724
1942	1942
1942	2184
1942	3416
1943	2759
1943	2784
1944	1944
1944	3982
1945	1945
1945	3441
1946	2235
1948	1948
1948	2585
1948	2977
1948	3070
1948	3857
1948	3893
195	195
195	2679
195	2995
195	403
195	550
1950	1950
1950	2872
1950	3582
1950	3755
1950	3830
1951	3973
1953	1953
1953	2449
1953	2820
1953	3344
1953	3475
1956	1956
1956	2115
1956	2661
1956	2757
1956	3427
1956	3697
1957	1957
1959	1959
1959	2572
1959	2679
1959	3027
1959	3480
1959	3718
1959	3881
196	1307
196	2767
196	2774
196	2913
196	560
1961	1987
1963	1963
1963	3214
1967	2913
1968	1968
1968	2262
1968	2449
1968	3433
1968	3579
1968	3759
197	197
1970	2370
1971	1971
1971	3208
1972	1972
1972	3073
1973	1973
1973	1993
1973	2565
1973	2981
1974	1974
1974	2129
1974	2666
1974	3894
1975	2345
1976	1987
1976	2047
1976	3122
1976	3964
1978	2577
1979	1979
1979	2079
1979	2339
1979	2574
1979	2740
1979	3150
1979	3326
1979	3348
1979	3397
198	1041
198	1517
198	198
198	2057
198	2632
198	2798
198	2934
198	3710
198	3774
198	866
1980	1980
1980	2051
1980	2372
1980	3301
1980	3938
1981	1981
1981	3033
1983	1983
1983	2528
1984	1984
1984	2149
1986	1986
1986	3609
1987	1987
1987	2634
1987	2844
1987	3941
199	1155
199	1519
199	1718
199	199
199	2236
199	3157
199	646
199	671
1990	1990
1990	2084
1990	3810
1991	2542
1991	2730
1991	3258
1991	3305
1992	2254
1992	2369
1992	2449
1995	1995
1995	2169
1995	2406
1995	2737
1995	3230
1997	1997
1997	2871
1997	3177
1999	1999
1999	3125
1999	3339
2	1382
2	1836
2	1986
2	2
2	3115
2	501
2	572
20	1077
20	1569
20	1901
20	1943
20	20
20	2231
20	2268
20	2508
20	2549
20	2759
20	516
20	685
20	731
200	1051
200	1750
200	1762
200	1902
200	1932
200	1995
200	200
200	2138
200	2242
200	2357
200	239
200	266
200	301
200	3645
200	858
200	978
2003	2884
2004	2004
2004	2104
2004	2467
2004	2737
2004	2738
2004	3965
2005	2005
2005	3048
2006	3041
2006	3752
2007	2007
2007	2200
2007	2756
2007	2997
2007	3382
2009	2854
201	1016
201	201
201	2662
2012	2012
2012	2432
2012	3119
2015	2015
2015	2118
2015	2340
2015	2891
2015	3101
2015	3523
2015	3957
2015	3982
2017	3784
2019	2019
2019	2559
202	1577
202	1719
202	1893
202	202
202	217
202	316
202	626
2020	2340
2021	2328
2021	2369
2021	3869
2022	2022
2023	2023
2023	3014
2024	2230
2026	2026
2026	2047
2026	2059
2026	2621
2026	3065
2028	2028
2028	2449
2028	2575
2028	2580
2028	2876
2028	3622
2028	3792
2028	3865
2029	2415
203	1005
203	1167
203	1856
203	203
203	2170
203	2745
203	295
203	3028
203	3148
203	374
203	3943
2030	2030
2030	3312
2030	3401
2030	3454
2031	2031
2031	2434
2031	2810
2031	3235
2031	3777
2033	2033
2033	2554
2033	2721
2037	2037
2037	2545
2038	2052
2038	2810
2038	3257
2038	3454
2038	3583
2039	2050
2039	2392
2039	2904
2039	2999
2039	3431
2039	3828
204	1019
204	1628
204	204
204	525
2041	2357
2041	2925
2041	3260
2041	3377
2041	3964
2041	3985
2043	2043
2043	2208
2043	2381
2043	2457
2043	3307
2044	2449
2047	2047
2047	2317
2047	2621
2047	3065
2047	3122
2048	2048
2048	2302
2049	2049
2049	2321
2049	2723
2049	3654
2049	3750
205	1149
205	1261
205	1774
205	1891
205	205
205	2216
205	2393
205	2592
205	2657
205	3115
205	3661
205	3785
205	380
205	3934
205	528
205	572
205	657
205	797
205	823
2050	2050
2050	2445
2050	3431
2051	2051
2051	3396
2051	3938
2052	2052
2052	2584
2052	2795
2052	3693
2052	3953
2053	2053
2053	2410
2053	2577
2053	3410
2053	3771
2054	2085
2054	2273
2054	2701
2054	2835
2054	3387
2054	3609
2054	3814
2056	2056
2057	2057
2057	2122
2057	2632
2057	2771
2057	3151
2057	3835
2059	2059
2059	2825
2059	2979
206	1227
206	1761
206	2622
206	3001
2061	2061
2061	3439
2062	2413
2062	2965
2062	3774
2064	2064
2064	2333
2064	3037
2064	3406
2064	3504
2065	2065
2065	2299
2067	2067
2067	3428
2067	3482
2068	2099
2068	3429
2068	3485
2072	2492
2072	3985
2073	2714
2073	2715
2073	3275
2077	2077
2077	2259
2078	2078
2078	2296
2079	2079
2079	2303
2079	2490
2079	2574
2079	3376
2081	2498
2081	3863
2081	3963
2082	2082
2083	3124
2084	2084
2084	3491
2085	2415
2086	2086
2088	2647
2088	2911
2089	2089
209	2229
209	3696
2091	2091
2091	2235
2092	2092
2092	3298
2092	3582
2092	3668
2092	3852
2093	2787
2095	2095
2095	2110
2095	3876
2096	2096
2096	2285
2096	3560
2099	2975
2099	3485
2099	3957
21	138
21	1469
21	21
21	2835
21	3229
21	3664
2102	2102
2102	2300
2102	2726
2102	2797
2102	2911
2102	3291
2102	3813
2103	2103
2103	2299
2103	2793
2103	3258
2103	3677
2104	2104
2104	3361
2105	3882
2105	3927
2108	3406
2108	3428
2109	2109
211	211
2110	2712
2110	2803
2110	3228
2110	3270
2110	3680
2110	3853
2110	3889
2113	2113
2113	2220
2113	2269
2113	2307
2113	2410
2113	2427
2113	2736
2113	2884
2113	2934
2113	3218
2113	3338
2113	3371
2113	3377
2113	3595
2113	3868
2115	2115
2115	2536
2115	3199
2115	3550
2115	3606
2116	2116
2116	2593
2116	3005
2118	2118
2119	3728
212	1685
212	1741
212	1765
212	1805
212	212
212	2236
212	2342
212	2494
212	2717
212	3264
212	3354
212	365
212	3691
212	3959
212	793
2120	2148
2121	2121
2122	2122
2122	2632
2122	3741
2123	3707
2124	2124
2124	2271
2124	2810
2124	3156
2124	3235
2124	3243
2124	3610
2124	3828
2125	2995
2125	3101
2127	2127
2128	2128
2128	3146
2128	3347
2129	2571
213	1182
213	1418
213	1661
213	213
213	3561
213	464
213	948
2130	2130
2130	2367
2130	3219
2131	2131
2132	2132
2132	2170
2132	2253
2132	2767
2132	2821
2132	2973
2132	3114
2132	3148
2132	3363
2132	3871
2133	2173
2133	3860
2134	2134
2134	2392
2134	2642
2135	2493
2136	2136
2136	2662
2136	2840
2138	3371
2138	3840
214	1414
214	214
214	3118
214	484
2141	2328
2141	2493
2141	2530
2143	2845
2144	2144
2144	2719
2144	2887
2144	3519
2144	3590
2144	3898
2145	2145
2146	2146
2148	3035
2149	3591
215	215
2150	2150
2150	2175
2150	2454
2150	3008
2150	3166
2150	3644
2150	3813
2150	3844
2151	2151
2151	2685
2151	3770
2152	3112
2152	3469
2154	2493
2154	2869
2154	3560
2157	2157
2157	2222
2157	2481
2157	3122
2157	3125
2157	3250
2157	3299
2159	2159
2159	2730
216	1456
216	216
216	421
216	645
2162	2162
2162	2658
2162	3935
2164	2907
2164	2995
2165	2165
2165	2389
2166	2423
2167	2167
2167	2221
2167	2486
2167	2500
2167	2907
2167	2995
2169	2169
2169	2406
2169	2486
2169	3879
217	1082
217	1278
217	1310
217	1719
217	1893
217	2449
217	367
217	949
2170	2821
2170	3148
2170	3436
2172	2172
2172	3869
2173	2173
2173	2425
2173	2708
2173	2853
2175	2175
2175	2249
2175	2416
2175	3213
2175	3593
2176	2176
2177	2481
2178	2803
218	1321
218	218
218	398
2182	2437
2182	2598
2182	3774
2184	3675
2184	3696
2184	3913
2185	2771
2185	3215
2185	3549
2185	3774
2186	2186
2186	2636
2186	2674
2186	3278
2186	3613
2186	3659
2189	2189
2189	2808
219	1154
219	1360
219	1553
219	1734
219	2177
219	219
219	2210
219	2278
219	242
219	2528
219	2609
219	3562
219	3592
219	561
219	826
219	951
219	993
2190	2190
2190	2366
2190	2463
2193	2193
2195	2195
2195	2795
2196	2646
2196	2774
2198	2790
2198	2886
2198	3401
2198	3854
2199	2199
220	1394
220	1482
220	220
220	242
220	2825
220	3344
220	865
2201	2201
2202	2504
2205	2736
2206	3155
2207	2790
2207	3352
2207	3822
2208	2208
2208	2381
2208	2457
2208	2648
2208	2971
2208	3130
2208	3227
2208	3307
2208	3615
2208	3796
221	1141
221	221
221	2493
221	3341
221	3359
221	3600
221	3691
221	3913
2211	2211
2211	3114
2211	3156
2215	2493
2216	2216
2216	3194
2216	3481
2219	2477
2225	2225
2228	2228
2229	2229
2229	2425
2229	2806
2229	2935
2229	3226
2229	3650
2229	3667
2229	3906
2229	3928
2229	3975
223	1204
223	1554
223	223
223	2253
223	2864
223	3006
223	3276
223	3938
2231	2759
2233	2273
2233	3360
2233	3566
2233	3860
2236	2236
2236	3959
2238	3170
2239	2239
224	1905
224	224
2242	3722
2243	2653
2244	2337
2245	2245
2245	2369
2245	2699
2245	3404
2245	3800
2247	2742
2247	3753
2249	2249
2249	2767
2249	3912
2249	3946
2250	2250
2250	3484
2251	2251
2253	2253
2253	2522
2253	2715
2255	2255
2255	2552
2255	2888
2255	3995
2258	3097
2258	3646
2259	2259
2259	2706
226	1070
226	1491
226	2157
226	2481
226	2730
226	3051
226	3299
226	3342
226	879
2261	2261
2262	2449
2262	2853
2262	3007
2262	3532
2262	3750
2262	3885
2264	2659
2266	2961
2266	3217
2266	3243
2268	2268
2268	2508
2268	3696
2269	2269
2269	2498
2269	2996
2269	3008
2269	3324
2269	3625
227	227
227	2394
227	2494
227	2900
2273	2273
2273	2364
2273	2634
2273	2737
2273	3132
2273	3708
2273	3860
2273	3874
2274	2693
2274	3141
2275	2275
2276	2540
2277	3587
228	1098
228	1477
228	1732
228	228
228	2281
228	2518
228	373
228	515
2280	2280
2280	2479
2280	3974
2281	3139
2281	3892
2284	3523
2285	2285
2286	2286
2288	3087
2288	3412
229	1296
229	1707
229	229
229	2365
229	2423
229	3631
2290	2290
2290	3231
2293	2293
2295	3260
2297	2297
2298	2298
2299	2299
2299	2362
2299	2591
2300	2300
2301	2798
2301	2806
2301	2888
2301	3678
2302	2302
2302	2386
2302	3003
2302	3423
2303	2415
2303	3768
2305	2305
2305	3696
2308	2683
2308	3824
2311	2311
2311	3852
2312	2312
2312	2660
2317	2578
2317	3326
2318	3679
2319	3548
232	1629
2320	3376
2320	3484
2320	3920
2321	2421
2321	2801
2321	2815
2321	3653
2321	3830
2323	2627
2324	3367
2326	2326
2327	2327
2327	2659
2327	3179
2328	2328
2328	2364
2328	2369
2328	2530
2330	2330
2330	2755
2330	2927
2330	3257
2330	3654
2331	2486
2331	2554
2331	2721
2331	3668
2332	2332
2333	2333
2333	3020
2333	3504
2334	2334
2336	2336
2336	3955
2337	2337
2337	2491
2337	2925
2337	3178
2337	3260
2337	3861
2338	2338
2340	2340
2340	3750
2341	2341
2341	3053
2345	2668
2347	2347
2347	2906
2347	3070
2347	3270
2347	3419
2349	2427
2349	3762
2351	3396
2351	3809
2355	2355
2357	2357
2357	2657
2357	2736
2357	3066
2358	2358
2358	2570
2358	2767
2358	3193
2358	3202
2358	3661
236	236
236	488
2360	2391
2360	2790
2360	3971
2363	2591
2363	3257
2363	3322
2364	2454
2364	2925
2364	3330
2366	2366
2366	2465
2367	2367
2369	2369
2369	3151
2369	3153
237	1519
237	1543
237	1795
237	1976
237	2113
237	2154
237	2303
237	237
237	2410
237	2445
237	2592
237	2657
237	2679
237	271
237	2762
237	2891
237	3189
237	3278
237	3347
237	3377
237	3768
237	3961
237	3964
237	3982
237	470
237	528
237	552
237	678
237	768
237	782
237	797
237	953
2370	2370
2370	2666
2370	3894
2371	2371
2371	3262
2372	2372
2372	2486
2372	2616
2372	2891
2372	3143
2372	3194
2372	3938
2373	2559
2373	2743
2373	2874
2373	3184
2373	3602
2373	3891
2374	2374
2374	2517
2374	3589
2376	2376
2377	3149
2379	3444
2381	2423
2381	2457
2381	2460
2381	3307
2381	3800
2385	2385
2385	3156
2385	3364
2386	2386
2387	2387
2387	3136
2388	3023
2388	3152
2388	3252
2388	3289
239	1031
239	1767
239	2004
239	2104
239	239
239	2848
239	2907
239	620
239	917
2390	2390
2390	2790
2390	3728
2391	2391
2391	2631
2392	2642
2392	3436
2393	3204
2395	2395
2397	2397
24	1712
24	2259
24	237
24	24
24	2706
24	3189
24	3288
24	359
24	427
24	506
24	695
240	240
240	3796
2402	2402
2402	2767
2403	3899
2404	2404
2407	2583
2407	2889
2407	3121
2407	3756
2407	3805
2408	3290
2409	3829
2410	2410
2410	3377
2410	3513
2410	3868
2411	2411
2411	2936
2411	3664
2413	2413
2413	3015
2413	3774
2415	3317
2415	3388
2415	3483
2415	3561
2416	2416
2416	2558
2416	2871
2416	2907
2416	3319
2416	3845
2419	2419
2419	3828
242	1360
242	1421
242	1612
242	1652
242	2100
242	2135
242	2177
242	2204
242	2373
242	242
242	2493
242	2609
242	3122
242	337
242	3469
242	3529
242	3726
242	374
242	3805
242	394
2421	2421
2421	2815
2421	3188
2421	3653
2421	3672
2422	2422
2422	2635
2422	3954
2424	2424
2424	2925
2424	3174
2424	3385
2424	3452
2424	3672
2425	3975
2426	2426
2427	2427
2427	2478
2427	3338
2428	2428
2428	3048
2428	3630
243	1371
243	1824
243	3183
243	345
243	3768
243	694
243	760
2430	2896
2430	2921
2430	3459
2430	3860
2431	2431
2431	3865
2432	2477
2432	3119
2434	2493
2434	2810
2434	2869
2434	3235
2434	3255
2434	3434
2434	3497
2437	2437
2437	3774
2440	2440
2440	3923
2440	3941
2442	2442
2442	3886
2444	2444
2445	2445
2445	2493
2445	2522
2445	3828
2449	2449
2449	2531
2449	2746
2449	3407
2449	3511
2449	3881
245	1128
245	1426
245	245
245	2851
245	901
2450	3057
2450	3914
2451	2451
2452	2452
2452	2547
2454	2454
2454	2941
2454	3568
2454	3571
2454	3723
2455	2958
246	1322
246	2351
246	246
246	3179
246	3544
246	3809
2460	3046
2460	3314
2463	2694
2464	2464
2467	2467
2467	2738
2467	2891
247	1333
247	1541
247	1737
247	2211
247	2485
247	2486
247	2804
247	2995
247	3156
247	3167
247	3220
247	3240
247	3366
247	3879
247	3918
247	496
247	790
247	825
247	918
2471	3464
2471	3785
2473	2560
2473	2728
2473	2895
2473	2984
2473	3179
2476	3213
2476	3730
2477	2477
2479	2479
2479	2734
248	248
248	2579
248	2580
248	2893
2480	2481
2480	3910
2481	2481
2481	3910
2482	2482
2482	2514
2483	3753
2485	3832
2486	2486
2486	2488
2486	2529
2486	2546
2486	2591
2486	2804
2486	3156
2486	3234
2486	3292
2486	3879
2486	3918
2486	3974
2487	3305
2487	3631
2488	2488
2489	3186
249	1257
249	1308
249	1528
249	1654
249	1918
249	2065
249	2113
249	2130
249	2299
249	2410
249	249
249	257
249	2675
249	2679
249	2750
249	2798
249	2811
249	288
249	2891
249	3058
249	3587
249	3868
249	750
249	751
249	763
249	796
249	866
2490	2622
2492	2492
2492	3696
2492	3831
2492	3985
2493	2493
2493	2743
2493	2869
2493	3012
2493	3255
2493	3344
2493	3691
2493	3696
2493	3726
2493	3805
2493	3869
2493	3913
2497	2497
2497	2973
2498	3390
2498	3946
2498	3963
2499	2693
2499	2718
2499	2961
2499	3396
25	1267
25	2415
25	255
25	832
250	250
250	3015
250	457
250	472
250	680
2500	2500
2500	2995
2501	2501
2501	3684
2502	2776
2502	3454
2504	2771
2504	3023
2507	2723
2507	2985
2507	3654
2509	2509
2509	2515
2509	2687
2509	3499
2509	3696
251	1999
251	251
251	3775
2510	2510
2510	2660
2511	2511
2511	2747
2513	2513
2513	3403
2514	2514
2514	2767
2514	3661
2514	3780
2514	3867
2515	2515
2515	2708
2515	3499
2515	3667
2517	2517
2517	3589
2518	2518
2518	2718
2518	2762
2518	3377
2518	3537
252	252
252	2736
252	2858
252	497
252	556
2521	3257
2522	2522
2528	2528
2528	2762
2529	2997
2529	3152
2529	3226
2529	3285
253	1082
253	1370
253	1398
253	1466
253	1591
253	1791
253	1803
253	2876
253	2906
253	3566
253	3884
253	746
253	993
2531	3226
2534	2585
2535	2535
2536	2536
2536	3199
2538	3681
2539	2539
2539	3346
254	254
2541	2541
2547	2547
255	1022
255	2305
255	255
255	2946
255	3158
255	3696
255	3913
255	529
255	792
255	832
2550	2550
2550	2763
2550	3635
2550	3878
2551	3515
2552	3995
2554	2721
2556	2556
2559	2559
2559	2685
2559	2696
2559	2743
2559	3200
2559	3602
2559	3723
2559	3728
2559	3923
2559	3941
256	597
256	829
2560	2728
2562	3179
2562	3519
2564	2564
2564	2781
2564	3033
2565	2565
2565	2677
2565	3657
2566	2566
2568	2568
257	2287
257	2487
2570	2570
2570	3193
2571	2571
2571	3201
2571	3889
2571	3894
2572	2572
2573	2573
2573	3573
2574	2574
2576	2982
2576	3857
2577	3509
2577	3771
2578	2578
2578	3422
2579	2877
2580	2580
2580	2893
2580	3392
2580	3728
2580	3860
2580	3865
2583	3571
2584	2584
2584	2911
2584	3120
2584	3692
2585	2585
2585	2604
2585	2739
2585	3564
2585	3620
2588	2995
2589	2589
2589	2726
259	1719
259	1937
259	2429
259	259
259	513
2590	2685
2590	3971
2591	3860
2592	2657
2593	2593
2593	3351
2593	3891
2595	2595
2595	2853
2599	2599
26	1329
26	1567
26	1673
26	1707
26	180
26	1973
26	1993
26	2130
26	26
26	2981
260	607
2601	2601
2601	3424
2601	3523
2603	2603
2604	2604
2604	3551
2608	2608
2608	2713
2608	3196
2608	3595
2609	3054
261	1143
261	1257
261	2242
261	261
261	266
261	2780
261	3217
261	976
2611	2611
2611	3696
2613	2613
2613	3995
2615	2615
2619	2619
2622	3167
2622	3259
2622	3533
2623	3151
2624	3213
2625	2874
2625	3329
2625	3491
2627	3686
2629	2629
263	1242
263	1866
263	1887
263	1901
263	2054
263	2170
263	2262
263	2507
263	263
263	3000
263	3073
263	3390
263	3450
263	374
263	3814
263	636
263	655
263	707
2631	2631
2631	2679
2632	2632
2634	3459
2635	2635
2635	3654
2635	3825
2637	2637
2639	2639
2639	3562
264	1444
264	2004
264	264
264	2763
2641	3455
2644	2644
2644	2839
2645	3183
2647	2647
2647	3789
2648	2648
2649	2649
2649	3170
2649	3914
2650	3535
2651	2651
2653	2653
2653	2713
2653	2739
2656	3894
2658	2658
2658	2786
2659	3980
266	1051
266	1053
266	1076
266	1085
266	1257
266	1291
266	1598
266	1617
266	1744
266	1749
266	1902
266	2104
266	2242
266	2251
266	2312
266	2357
266	266
266	2961
266	3066
266	3217
266	3238
266	347
266	3692
266	3717
266	386
266	3957
266	512
266	581
266	858
266	917
2660	3735
2661	2661
2661	3697
2662	2662
2663	2776
2663	3929
2665	2665
2666	2666
2666	3916
2667	2667
2667	3264
267	1075
267	1264
267	1361
267	1490
267	1527
267	2198
267	267
267	2672
267	2774
267	2776
267	2996
267	302
267	3401
267	3454
267	3500
267	3533
267	3854
267	3941
267	474
267	478
267	625
267	721
267	746
267	925
2676	3294
2677	2677
2677	3968
2679	2679
2679	3234
2679	3456
2679	3934
2680	3092
2682	2810
2683	2683
2685	2685
2685	3770
2685	3971
2687	2687
2687	3429
2688	2990
2688	3271
2688	3305
2691	2691
2693	3183
2693	3396
2694	2694
2699	2699
2699	3432
2699	3800
270	1278
270	1280
270	1412
270	1680
270	1791
270	1834
270	1867
270	1982
270	2886
270	364
270	3835
270	3903
270	917
2701	2701
2703	3476
2703	3710
2704	2704
2708	2708
2709	3971
271	2762
271	2891
271	3278
271	3377
271	678
271	953
2712	3270
2713	2713
2713	3828
2714	2714
2714	2924
2715	2973
2715	3275
2717	2717
2717	3086
2718	2718
2719	2719
2719	3898
272	2113
272	2257
272	2410
272	2479
272	2734
272	354
272	3868
272	406
272	491
272	797
272	957
2720	2720
2721	2721
2722	3176
2723	3654
2726	2726
2726	3817
2727	2727
2727	3264
2729	2729
273	1044
273	2113
273	2653
273	317
273	3595
2730	2730
2730	3051
2730	3319
2730	3641
2734	2734
2734	3776
2735	2735
2735	3671
2736	2736
2737	2737
2738	2996
2738	3965
2739	2739
2740	2740
2740	3055
2742	2742
2743	2743
2743	3805
2746	2920
2748	2748
2748	3004
2749	2749
275	1271
275	1486
275	1895
275	2391
275	2893
2750	2750
2751	2751
2752	2752
2754	2754
2761	3323
2762	2762
2762	2925
2762	3132
2762	3377
2763	3476
2763	3635
2763	3878
2764	2764
2766	2766
2767	2767
2767	2810
2767	2995
2767	3363
2767	3828
2768	2768
2768	2928
2768	3439
2768	3682
2769	2769
277	277
2771	2774
2771	3015
2771	3023
2771	3151
2771	3710
2771	3738
2771	3774
2772	2772
2772	3008
2773	2773
2773	2840
2774	2774
2774	2876
2774	3561
2774	3956
2775	2775
2776	2776
2776	3454
2776	3566
2776	3808
2776	3854
2776	3929
2777	2777
2777	3201
2777	3889
278	278
278	3198
278	3209
278	3598
278	632
2781	2871
2781	3120
2781	3177
2781	3183
2784	2942
2787	3101
2789	2789
2789	2984
2789	3974
279	2089
2790	2790
2790	3401
2790	3454
2792	3180
2792	3409
2793	2793
2795	3565
2795	3953
2796	2796
2796	3585
2797	2797
2797	3182
2797	3813
2798	2798
2798	2934
2798	3456
2798	3852
28	1162
28	1327
28	1901
28	2028
28	2274
28	2665
28	3469
28	3923
28	552
28	69
28	765
280	1097
280	280
2800	2800
2800	3906
2801	2815
2801	3653
2801	3817
2801	3830
2802	2802
2806	2888
2806	3196
2806	3647
2806	3710
2806	3974
2808	2808
2808	3279
2809	3624
2810	2810
2810	3143
2810	3235
2810	3787
2815	2815
2815	3653
2818	3090
2819	2819
282	1833
282	282
282	323
282	3515
282	3784
282	615
2820	2893
2820	3166
2820	3261
2821	2973
2822	3585
2823	3404
2829	2829
2829	3741
283	1948
283	2054
283	283
283	301
283	328
283	3805
283	3879
283	3963
283	492
283	791
2831	2831
2835	2835
2835	3067
2835	3229
2835	3723
284	1181
284	284
284	3092
2840	2840
2840	3021
2840	3180
2840	3466
2840	3678
2841	2841
2842	2981
2842	3821
2847	3398
2848	2884
2848	3177
285	1108
285	1486
285	2113
285	2242
285	2295
285	2848
285	285
285	2925
285	2995
285	3132
285	3218
285	3260
285	3371
285	3722
285	3868
285	491
285	620
285	792
285	797
2850	2850
2852	2852
2852	3316
2852	3982
2853	2853
2853	3018
2856	3350
286	1189
286	1689
286	2133
286	2257
286	2784
286	286
286	3131
286	916
2863	2863
2864	3276
2866	2866
2866	2932
2866	3495
2866	3529
2866	3625
2867	2867
2869	2869
2869	3165
287	1430
287	1471
287	2358
287	2514
287	287
287	2904
287	3511
287	3624
287	3661
287	845
2871	2871
2871	3093
2871	3177
2871	3952
2874	2874
2874	2911
2874	3070
2874	3491
2874	3602
2874	3606
2874	3952
2876	2876
2876	2877
2876	3232
2877	2877
2877	3276
288	1673
288	1829
288	2460
288	2487
288	2607
288	288
288	718
288	761
2880	2880
2881	2881
2884	2884
2884	2934
2884	3270
2884	3456
2886	2994
2887	3566
2888	3647
2889	3500
289	1072
289	1171
289	1802
289	289
289	3756
289	381
289	661
2890	2890
2891	2928
2891	3982
2893	2893
2893	3166
2895	2895
2895	3215
2895	3226
2896	2896
2897	2897
29	29
290	2851
2900	2900
2903	2903
2904	2999
2904	3661
2904	3811
2906	2906
2906	3270
2906	3419
2907	2995
2907	3828
2907	3934
291	708
2911	3070
2911	3078
2911	3218
2912	3475
2913	2913
2913	3479
2919	2919
2919	3181
2921	2921
2925	3132
2925	3260
2925	3654
2926	3023
2927	2927
2927	3257
2927	3723
2928	2928
2928	3122
2928	3439
2929	2929
2929	3477
2931	2931
2932	2932
2932	2985
2932	3353
2932	3529
2932	3540
2932	3625
2934	3582
2934	3964
2935	2965
2935	3179
2935	3270
2935	3549
2935	3680
2936	2936
2936	3848
2937	2937
294	294
294	3470
294	492
2943	3910
2946	2961
2946	3696
2947	2947
2948	2999
2948	3379
2948	3912
295	1167
295	1579
295	2170
295	2822
295	295
295	3148
295	374
2950	2950
2951	2951
2951	2979
2955	2955
2955	3006
2957	2957
296	982
2961	2961
2961	3518
2963	3286
2963	3723
2963	3828
2963	3847
2963	3936
2965	2965
2965	3680
2965	3853
2966	3757
2969	3421
297	1128
297	1340
297	1469
297	2421
297	2815
297	3817
2970	3889
2971	3130
2971	3615
2973	2973
2975	2975
2975	3675
2978	3608
2978	3715
2979	2979
298	1628
298	298
298	3802
2980	2980
2981	2981
2982	3239
2982	3857
2983	2983
2984	2984
2984	3637
2984	3694
2985	2985
2985	3350
2985	3496
2986	2986
2987	3248
2987	3808
2989	3099
2989	3516
299	1489
299	1543
299	1734
299	1992
299	2100
299	2369
299	2449
299	2454
299	2609
299	299
299	3286
299	337
299	3388
299	374
299	3745
2993	2993
2993	3010
2993	3402
2995	2995
2995	3101
2995	3496
2995	3964
2996	2996
2996	3066
2996	3200
2997	2997
2997	3226
2997	3529
2997	3532
2999	2999
2999	3941
3	3
3	3828
30	2103
30	2436
30	30
3000	3606
3000	3814
3000	3952
3002	3283
3004	3604
3004	3752
3004	3795
3006	3006
3006	3416
3007	3707
3008	3008
3008	3132
3009	3165
3009	3497
301	1470
301	3613
301	3708
301	436
301	620
301	780
3010	3010
3010	3046
3010	3974
3012	3726
3013	3013
3015	3490
3018	3018
3018	3213
3018	3254
3019	3019
302	1079
302	1248
302	1264
302	1744
302	2265
302	2672
302	2797
302	2896
302	302
302	307
302	3941
302	3952
302	465
302	780
302	888
302	970
3020	3020
3020	3499
3020	3504
3020	3541
3020	3657
3021	3021
3023	3023
3026	3500
3027	3027
3028	3028
303	3564
303	3620
3031	3870
3032	3032
3032	3527
3033	3033
3034	3034
3037	3406
304	3151
3040	3040
3042	3042
3042	3873
3043	3043
305	1664
305	1728
305	1778
305	2126
305	2331
305	310
305	331
305	3923
305	3932
305	419
305	424
305	776
305	849
3051	3051
3051	3091
3051	3342
3051	3569
3051	3685
3051	3937
3054	3226
3055	3055
3058	3058
3060	3060
3063	3305
3064	3179
3065	3065
3065	3777
3066	3066
3066	3067
3066	3566
3066	3571
3067	3067
307	1051
307	1527
307	3957
307	452
307	478
3070	3070
3070	3078
3070	3491
3070	3608
3072	3126
3073	3073
3074	3214
3076	3171
3079	3235
308	1007
308	1560
308	1630
308	2784
308	3232
308	3927
308	952
3083	3083
3086	3086
3086	3307
3086	3453
3086	3798
3089	3688
309	1085
309	1369
309	1378
309	1821
309	1891
309	2033
309	2092
309	2124
309	2271
309	2331
309	2463
309	2554
309	309
309	3787
309	752
309	849
309	906
3091	3685
3092	3092
3094	3094
3096	3096
3097	3097
3097	3277
3097	3978
3098	3098
3098	3356
3099	3099
3099	3516
31	1264
31	1377
31	1387
31	155
31	2054
31	2672
31	2835
31	302
31	3229
31	3971
31	675
31	99
310	1100
310	1164
310	1694
310	1982
310	2778
310	2987
310	310
310	3248
310	3538
310	3808
310	3941
310	625
310	665
310	722
3101	3101
3105	3157
3106	3133
3106	3913
3108	3108
3109	3696
311	1046
311	2088
311	2133
311	3200
3110	3110
3110	3177
3110	3387
3112	3469
3113	3113
3114	3114
3114	3661
3115	3934
3116	3116
312	312
312	3941
312	634
3120	3226
3120	3554
3121	3121
3121	3774
3125	3816
3126	3927
3127	3127
313	2363
313	2449
313	2559
313	3176
313	3213
313	3257
313	3322
313	3609
313	3814
313	3883
313	501
313	707
3130	3153
3130	3241
3130	3271
3130	3615
3130	3648
3130	3796
3132	3260
3132	3377
3134	3134
3135	3135
314	1021
314	3333
3151	3151
3151	3434
3151	3860
3153	3153
3153	3796
3156	3279
3158	3696
3159	3159
3159	3582
316	1051
316	1060
316	1523
316	1688
316	1719
316	2037
316	2064
316	2545
316	2629
316	3501
316	3692
316	3883
316	567
316	646
316	982
3162	3162
3163	3163
3164	3967
3166	3166
3166	3324
3166	3975
317	1824
317	2653
317	2713
317	3595
3176	3176
3176	3609
3177	3177
3177	3529
3178	3178
3178	3589
3178	3808
3178	3861
3179	3835
318	1012
318	2152
318	318
318	328
318	3455
318	3469
318	3473
318	3870
318	792
3180	3180
3180	3310
3182	3182
3183	3183
3183	3319
3183	3559
3184	3184
3185	3185
3188	3870
3189	3189
319	2145
319	2366
319	2465
319	2724
319	319
3194	3705
3196	3196
3199	3199
32	171
32	2229
32	32
32	3270
32	3419
32	3928
32	577
3200	3728
3201	3201
3201	3549
3201	3782
3201	3889
3204	3204
3204	3630
3204	3873
321	2043
321	2381
321	321
321	3307
321	774
3213	3318
3213	3609
3213	3900
3214	3214
3214	3394
3217	3217
3218	3371
3224	3659
3226	3226
3226	3438
3226	3574
3227	3227
3228	3228
3228	3231
3228	3270
3228	3680
3228	3974
3229	3238
3229	3593
3229	3884
3231	3556
3232	3232
3232	3318
3232	3437
3232	3529
3234	3234
3237	3237
3238	3238
3238	3946
3239	3239
3239	3857
324	2317
324	3904
3243	3243
3243	3244
3243	3518
3243	3610
3243	3727
3243	3862
3244	3561
3246	3246
3247	3927
3248	3808
3249	3960
325	2853
325	3579
3251	3251
3253	3253
3255	3286
3255	3723
3255	3777
3257	3257
326	787
3263	3707
3266	3681
3269	3269
327	1325
327	2189
327	2591
327	327
3270	3270
3270	3419
3271	3615
3271	3648
3271	3753
3274	3585
3276	3561
3276	3779
3276	3828
3277	3978
3278	3377
3278	3654
3279	3819
328	1155
328	2141
328	3301
328	3609
328	3805
328	501
3280	3280
3286	3286
3286	3560
3288	3455
3289	3289
329	2007
329	2095
329	2200
329	2756
329	3270
329	329
329	3680
329	843
329	960
3292	3292
3295	3295
3296	3296
3299	3299
33	1481
33	2087
33	33
33	3985
330	330
3300	3300
3301	3704
3301	3723
3301	3805
3304	3666
3305	3305
3306	3306
3307	3307
3308	3308
331	1164
331	1350
331	2351
331	2416
331	2817
331	2826
331	331
331	3659
331	3809
331	424
331	891
331	944
3310	3741
3311	3311
3315	3315
3315	3700
3316	3316
3316	3864
3318	3318
3318	3628
3319	3319
332	1223
332	1232
332	1591
332	1792
332	1919
332	3771
332	3950
3323	3323
3324	3625
3325	3889
3326	3713
3328	3328
3329	3329
3329	3470
333	1035
333	1511
333	1512
333	1576
333	1657
333	1946
333	2266
333	2591
333	3217
333	3860
333	393
3331	3682
3332	3964
3334	3334
3337	3337
3339	3339
3339	3578
3339	3603
334	1891
334	2366
334	2465
334	3706
3340	3340
3341	3341
3341	3359
3341	3499
3341	3691
3342	3722
3343	3343
3344	3344
3348	3394
335	1254
335	3231
335	335
3350	3350
3350	3396
3351	3351
3352	3352
3353	3353
3356	3356
3357	3357
3359	3359
336	2493
336	336
3361	3361
3361	3842
3362	3362
3363	3871
3364	3364
3367	3367
3367	3769
3368	3368
3368	3494
337	2100
337	3745
3370	3370
3371	3371
3371	3722
3373	3373
3377	3377
3377	3964
3378	3378
338	2652
338	338
338	443
3380	3380
3380	3408
3381	3381
3381	3501
3386	3386
3389	3947
3390	3390
3390	3946
3396	3396
3396	3496
3397	3397
3399	3399
34	2038
34	2363
34	3257
34	34
34	3869
34	71
34	859
340	1082
340	1116
340	1254
340	1408
340	2185
340	2290
340	3023
340	3121
340	3134
340	340
340	3680
340	3715
340	3774
340	3853
340	513
340	680
3401	3454
3401	3854
3404	3404
3407	3407
341	1447
341	3640
3410	3410
3418	3889
342	1012
342	1362
342	342
342	633
342	792
3421	3421
3421	3836
3424	3424
343	1836
343	3191
343	343
343	577
343	996
3433	3433
3433	3750
3433	3759
3437	3437
3437	3827
3438	3574
344	1184
344	1444
344	1572
344	1654
344	1665
344	1908
344	2004
344	2295
344	2763
344	2776
344	344
344	3469
344	381
344	3812
344	856
344	914
3441	3441
3441	3519
3444	3444
3446	3603
3449	3932
345	1011
345	1154
345	1263
345	1603
345	1760
345	1873
345	2019
345	2079
345	2103
345	2159
345	2250
345	2730
345	2793
345	3354
345	345
345	3562
345	3602
345	3622
345	3731
345	3784
345	3939
345	458
345	522
345	561
345	747
345	771
345	826
345	851
345	932
345	988
3453	3453
3455	3455
3456	3852
3456	3964
3457	3457
3457	3644
346	3712
3460	3460
3460	3519
3464	3732
347	1053
347	1719
347	1744
347	1937
3470	3470
3471	3829
3472	3472
3473	3473
3476	3476
3476	3504
3476	3541
3476	3878
348	348
3480	3480
3481	3481
3481	3860
3483	3723
3484	3484
3484	3498
3484	3686
3484	3920
349	1628
349	349
349	379
349	642
3490	3490
3491	3606
3491	3691
3491	3745
3497	3497
3497	3600
3497	3672
3497	3723
3498	3686
3499	3499
3499	3964
35	1079
35	1262
35	1311
35	1399
35	1540
35	1673
35	1791
35	1803
35	2786
35	3452
35	3491
35	35
35	3735
35	3922
35	778
35	795
35	804
35	81
35	993
350	1936
3501	3501
3501	3860
3503	3712
3504	3504
3509	3509
351	391
3510	3510
3514	3979
3517	3517
3519	3519
3519	3750
3523	3523
3523	3750
3526	3526
3529	3654
353	1043
353	3821
354	354
3541	3710
3541	3974
3543	3543
355	3203
355	355
3550	3550
3550	3606
3551	3696
3554	3554
3555	3555
3557	3557
3558	3558
3558	3667
356	1021
356	1079
356	1154
356	1189
356	1257
356	1622
356	1641
356	1937
356	2052
356	2150
356	2411
356	2454
356	2507
356	2559
356	2584
356	2660
356	2820
356	2866
356	2893
356	2985
356	3166
356	3175
356	3176
356	3206
356	3322
356	356
356	3562
356	3723
356	3735
356	3813
356	3814
356	384
356	501
356	561
356	707
356	970
3561	3561
3561	3610
3561	3885
3561	3922
3561	3932
3562	3562
3563	3563
3564	3620
3564	3889
3565	3955
3566	3566
3566	3622
3566	3963
357	1359
357	1535
357	2950
357	357
357	3921
357	3938
357	581
3570	3570
3571	3723
3571	3805
3572	3572
3582	3582
3582	3669
3582	3918
3584	3584
3587	3587
3589	3589
359	1012
359	1444
359	1908
359	2004
359	2925
359	3132
359	3260
359	359
359	452
359	506
359	695
3590	3590
3592	3592
3593	3756
3593	3941
3593	3984
3595	3595
3599	3639
360	3188
360	3566
360	473
3600	3600
3601	3601
3602	3658
3603	3603
3604	3752
3605	3605
3606	3874
3606	3952
3608	3876
3609	3609
3612	3612
3613	3613
3613	3659
3615	3648
3616	3627
3616	3872
362	2471
362	2806
362	2816
362	2907
362	2947
362	3382
362	3439
362	362
362	498
362	960
3622	3622
3622	3792
3623	3623
3623	3723
3623	3971
3628	3855
3629	3629
3630	3630
3630	3873
3631	3631
3632	3632
3637	3637
364	1280
364	1344
364	2150
364	2835
364	3844
3643	3643
3645	3645
3646	3962
365	1317
365	1610
365	1685
365	2667
365	3241
365	3264
365	3271
365	365
365	3753
365	3923
365	3927
365	509
365	543
3654	3654
3656	3656
3657	3657
366	1505
366	1578
366	1680
366	1752
366	2114
366	2449
366	3176
366	3528
366	366
366	3723
366	3805
366	501
3660	3660
3661	3661
3664	3735
3664	3747
3664	3870
3664	3874
3668	3668
3669	3669
3669	3860
3669	3969
367	1165
367	1203
367	1331
367	1450
367	1519
367	1734
367	1848
367	2144
367	2415
367	2480
367	2679
367	2772
367	3054
367	3115
367	3184
367	3483
367	367
367	374
367	3910
367	456
367	845
3670	3670
3673	3673
3675	3675
3678	3678
3678	3741
368	2995
368	522
3680	3853
3681	3681
3682	3682
3682	3699
3687	3687
3689	3689
369	1144
369	1624
369	1778
369	2931
369	369
3690	3690
3691	3691
3692	3957
3696	3696
3696	3757
3696	3913
3696	3928
3697	3697
37	3814
37	707
370	1143
370	1184
370	1276
370	1497
370	1832
370	2196
370	2498
370	2866
370	3175
370	3238
370	3469
370	370
370	3946
3700	3700
3702	3702
3702	3716
3704	3704
3704	3881
3705	3705
3706	3706
3708	3708
371	1121
371	1371
371	1384
371	1484
371	1519
371	1543
371	1886
371	2020
371	2079
371	3034
371	3368
371	3376
371	3403
371	3494
371	371
3715	3995
3719	3719
372	372
3722	3722
3722	3923
3722	3937
3722	3964
3723	3723
3725	3725
3728	3728
373	1098
373	1148
373	1341
373	1468
373	1477
373	1773
373	1814
373	1924
373	2281
373	2298
373	2970
373	373
373	3738
373	3741
373	3899
373	684
373	915
3730	3730
3731	3865
3733	3733
3735	3775
3739	3739
374	1060
374	1108
374	1165
374	1207
374	1513
374	1734
374	2144
374	2154
374	2170
374	2253
374	2337
374	2480
374	2493
374	3122
374	3148
374	3436
374	374
374	669
374	794
3741	3741
3741	3899
3744	3744
3745	3875
3749	3749
375	1113
375	1258
375	2486
375	948
3753	3753
3757	3757
376	1252
376	2145
376	376
3767	3767
3767	3782
3768	3768
377	1321
377	1413
377	1532
377	2228
377	2257
377	377
3773	3773
3774	3774
3774	3835
3776	3776
378	1780
378	3021
3783	3783
3783	3930
3786	3862
3788	3788
3789	3789
379	379
3792	3792
3793	3793
3796	3796
3799	3799
380	1774
3800	3800
3807	3807
381	1143
381	1368
381	1399
381	1578
381	1803
381	1808
381	1895
381	1931
381	1948
381	2150
381	2196
381	2225
381	2347
381	2559
381	2590
381	2646
381	2685
381	2726
381	3060
381	381
381	384
381	3971
381	552
381	577
381	724
381	809
3810	3810
3813	3813
3814	3860
3815	3815
3817	3817
3818	3949
382	382
3821	3821
3822	3822
3826	3826
3831	3831
3835	3835
384	1051
384	1053
384	1075
384	1150
384	1339
384	1622
384	1680
384	1727
384	1786
384	2141
384	2150
384	2328
384	2330
384	2364
384	2486
384	2530
384	2559
384	2755
384	3016
384	3166
384	3176
384	3609
384	3723
384	3805
384	3813
384	501
384	767
384	914
384	928
3842	3842
3848	3848
385	1558
385	1583
385	1606
385	1660
385	1794
385	1913
385	2357
385	2514
385	2591
385	2982
385	3499
385	3565
385	3750
385	3780
385	3806
385	385
385	3870
385	3955
385	441
385	792
3850	3850
3852	3852
3856	3856
386	1808
386	2207
386	2579
386	2616
386	3735
386	3749
386	386
386	746
386	758
3865	3865
3869	3869
387	1005
387	1171
387	1184
387	1744
387	1778
387	2066
387	2132
387	2402
387	2726
387	2767
387	3276
387	3363
387	3735
387	3755
387	387
387	3923
387	419
387	464
3870	3870
3872	3872
3872	3905
3873	3873
3876	3876
3877	3877
388	1073
388	1171
388	1180
388	2866
388	3045
388	3315
388	3700
388	388
388	613
388	845
3885	3885
3889	3889
389	3013
389	389
3894	3894
3894	3909
3898	3987
39	1189
39	387
39	39
39	402
390	3499
390	390
390	3964
390	588
390	797
390	879
390	964
3901	3901
3904	3904
3906	3906
391	1795
391	2514
391	2848
391	2944
391	3114
391	3122
391	3309
391	3545
391	3666
391	391
391	581
3911	3911
3912	3912
3915	3915
392	1324
392	3183
392	392
392	844
392	892
3920	3920
3923	3923
3928	3970
393	1511
393	1605
393	2164
393	2961
393	3812
393	393
393	880
393	987
3932	3932
3935	3935
3938	3938
394	1477
394	1637
394	1654
394	2152
394	2204
394	2390
394	2532
394	3469
394	3934
394	394
394	404
3941	3941
3941	3956
3944	3944
395	1571
395	1577
395	3489
395	527
395	719
3952	3952
3955	3955
3961	3961
3964	3964
3966	3966
3971	3971
3974	3974
398	1282
398	1321
398	1435
398	2130
398	2136
398	2228
398	2299
398	3058
398	3591
398	398
398	404
398	718
3980	3980
3983	3983
3989	3989
3995	3995
3996	3996
3997	3997
4	1166
4	2068
4	2585
4	4
4	857
400	1596
400	2303
400	2384
400	2612
400	3091
400	3342
400	3768
400	3783
400	3930
401	1673
401	1829
401	2140
401	3687
401	401
402	1217
402	1991
402	2296
402	2714
402	402
402	542
402	815
403	1113
403	1333
403	2164
403	2486
403	2995
403	3279
403	3819
404	1069
404	1099
404	1282
404	1435
404	1637
404	2064
404	3406
404	3499
404	3504
404	3812
404	404
404	994
405	1189
405	1247
405	1862
405	2786
405	3035
405	3325
405	3559
405	3608
405	405
405	636
405	807
406	1785
406	1948
406	2007
406	406
406	620
407	3178
407	811
408	2164
408	408
408	999
41	1041
41	1054
411	2230
411	411
411	573
413	2003
413	2178
413	2803
414	1003
414	1327
414	2466
414	3000
414	414
415	1143
415	2725
415	2817
415	2932
415	3749
415	415
415	436
415	465
416	1723
417	1726
417	1879
417	2996
417	3566
417	3641
417	3872
418	1189
418	1307
418	1858
418	2031
418	2434
418	3176
418	3301
418	3609
418	3805
418	418
418	501
418	574
419	1085
419	1257
419	1778
419	1842
419	1961
419	1987
419	2202
419	2331
419	2884
419	2961
419	3129
419	3164
419	3594
419	3923
419	3967
419	419
419	668
419	752
419	801
419	856
419	952
42	2488
42	42
421	1068
421	1456
421	645
423	2591
423	2882
423	3414
423	423
423	435
423	792
424	1082
424	2126
424	424
425	1076
425	1555
425	1583
425	2781
425	3367
425	3444
425	3616
426	1634
426	2273
426	2407
426	426
427	2259
427	3288
429	1305
429	2062
429	2965
429	429
429	566
43	1165
43	1203
43	1596
43	1734
43	2303
43	367
43	3750
43	400
43	951
430	1465
430	2995
430	858
431	1190
431	1338
431	2403
431	431
432	1541
433	1807
434	1543
434	2110
434	2155
434	2573
434	2589
434	3186
434	434
434	985
435	2882
436	1524
436	1543
436	1735
436	1903
436	1913
436	1933
436	2324
436	2995
436	3378
436	3483
436	3540
436	3722
436	3811
436	3923
436	3988
436	436
436	465
436	546
436	708
437	2281
437	3892
437	437
438	3926
438	438
439	1943
439	439
439	982
44	1191
44	152
44	1522
44	1977
44	2116
44	2258
44	2593
44	3005
44	3351
44	747
44	773
440	1707
440	2460
440	3314
440	440
442	2861
442	442
444	1689
444	3788
445	1957
445	3561
445	3922
445	445
446	1181
446	1368
446	1874
446	2977
446	3118
447	1355
447	1615
447	2541
447	2984
447	447
447	579
448	2101
448	448
449	1880
449	2051
449	2144
449	2233
449	2641
449	2703
449	3083
449	3188
449	3938
449	546
449	552
449	588
449	768
449	888
449	996
45	1435
45	2565
45	45
450	2321
451	1217
451	1622
451	2451
451	2454
451	2985
451	484
451	723
451	765
451	771
452	1490
452	1535
452	1653
452	1810
452	1934
452	2091
452	2235
452	2520
452	2977
452	452
455	1355
455	2541
457	1041
457	1577
457	1769
457	1842
457	1890
457	2113
457	2202
457	2542
457	3023
457	3228
457	3270
457	3680
457	3772
457	3928
457	680
458	2408
458	541
459	2409
459	596
46	241
46	46
460	1260
460	1373
460	1763
460	2026
460	2047
460	2314
460	2621
460	3065
460	460
460	527
460	773
460	810
462	1538
463	2557
464	1247
464	1257
464	1271
464	1291
464	1295
464	1796
464	1952
464	2030
464	2245
464	2630
464	2699
464	2774
464	2778
464	2835
464	3312
464	3404
464	3427
464	3455
464	3481
464	3561
464	3640
464	464
464	465
464	792
464	848
464	917
464	922
465	1270
465	2985
465	3468
465	465
466	3007
466	466
469	2417
469	469
469	924
470	470
471	471
473	3188
473	3566
473	473
474	1490
474	2786
475	2639
475	475
476	1278
476	1470
476	1490
476	1497
476	1847
476	2198
476	3566
476	476
476	678
478	1527
478	1679
478	1784
478	2564
478	2932
478	3872
478	3905
478	503
479	479
48	1747
48	48
48	519
481	1623
481	481
483	1528
483	1829
483	2277
483	2620
483	3056
483	3587
483	483
484	1008
484	1060
484	1072
484	1414
484	1874
484	1881
484	2424
484	3118
484	3385
484	3501
484	3566
484	761
485	485
485	930
486	2591
486	3722
488	1187
488	1652
488	1855
488	2031
488	2052
488	2154
488	2454
488	2658
488	2736
488	2869
488	2911
488	3165
488	3255
488	3416
488	3723
488	488
488	888
489	489
490	2886
490	2903
490	2994
490	490
491	1067
491	1591
491	1890
491	1956
491	2306
491	2410
491	2558
491	3771
491	3868
491	575
491	797
491	879
491	957
492	1310
492	1512
492	1521
492	1534
492	1893
492	2235
492	2372
492	2579
492	3224
492	3469
492	3470
492	3566
492	3674
492	3775
492	492
493	1397
493	1885
493	3719
493	3823
493	493
494	2290
494	3772
494	494
495	2951
495	3818
496	1333
496	2485
496	2486
496	2567
496	2622
496	2889
496	3167
496	3500
496	3832
496	496
496	717
496	856
496	918
496	973
497	1035
497	1355
497	1855
497	1885
497	2205
497	2347
497	2357
497	2541
497	2736
497	497
498	1564
498	2816
498	498
498	924
499	1165
499	1242
499	1519
499	1848
499	1892
499	2161
499	2207
499	2415
499	3115
499	3571
499	499
499	988
5	1237
5	1278
5	1280
5	1665
5	2390
5	2550
5	2763
5	344
5	3452
5	3469
5	3635
5	3812
5	3865
5	5
5	81
5	852
5	888
50	1470
50	1490
50	1512
50	2054
50	2575
50	2579
50	2887
50	2966
50	3566
50	3622
50	3792
50	417
50	473
50	476
50	492
50	50
50	650
500	1613
500	1697
501	1111
501	1206
501	1280
501	1400
501	1505
501	1578
501	1680
501	1727
501	1752
501	1867
501	1986
501	2054
501	2085
501	2114
501	2141
501	2449
501	2530
501	2559
501	2701
501	2722
501	3176
501	3213
501	3301
501	3497
501	3609
501	3723
501	3739
501	3805
501	501
501	642
501	928
502	1504
502	1757
502	1897
502	2015
502	2348
502	2782
502	3101
502	502
502	664
502	871
502	948
503	1124
503	1280
503	1679
503	1680
503	1799
503	2449
503	2580
503	2932
503	2985
503	3353
503	3392
503	3529
503	3860
503	3896
504	2728
505	1769
505	3270
505	3772
505	843
506	2259
506	2488
506	2706
506	3476
506	3878
506	506
506	564
506	695
506	770
506	963
507	1564
508	1340
508	1461
508	950
509	2667
509	3301
509	509
51	1519
51	1678
51	1742
51	1754
51	1925
51	1948
51	226
51	2349
51	2445
51	2514
51	2535
51	3114
51	3270
51	3549
51	3680
51	3697
51	3715
51	3869
51	457
51	51
51	680
51	81
510	3741
510	510
511	2349
511	2471
511	2684
511	3029
511	3785
511	511
511	814
512	1257
512	1879
512	2559
512	2576
512	3728
512	746
513	1116
513	1165
513	1278
513	1370
513	1719
513	2088
513	2424
513	2540
513	2744
513	3122
513	3278
513	3726
513	513
513	751
514	514
515	1194
515	1514
515	1517
515	2375
515	2806
515	515
515	823
515	987
516	2268
516	2330
516	2755
516	2927
517	3402
517	517
519	1747
52	1331
52	2321
52	255
52	450
52	740
522	1024
522	522
522	523
522	636
522	716
522	771
523	2276
523	2510
523	3551
523	3696
523	3913
523	523
525	1373
525	2026
525	2047
525	3027
525	525
526	1401
526	2195
526	3566
526	526
526	716
527	1103
527	1743
527	3184
527	527
527	952
528	1149
528	1200
528	1621
528	1664
528	1810
528	2245
528	2592
528	2657
528	3078
528	3626
528	3932
528	3982
528	528
528	587
528	706
528	726
528	782
528	865
529	1022
529	3696
53	2271
53	309
53	53
530	1413
530	1497
530	1667
530	2774
530	530
534	2643
534	3655
535	1020
535	1319
535	1603
535	1711
535	1935
535	1979
535	2079
535	2574
535	2645
535	3005
535	3380
535	3408
535	3440
535	3646
535	3962
535	535
535	740
535	747
536	1351
536	1478
536	536
537	3334
537	537
539	1276
539	1700
539	539
54	1198
54	1319
54	1765
54	1935
54	2582
54	282
54	3397
54	3440
54	3895
54	54
54	694
54	697
54	847
54	974
540	1190
540	1245
540	1742
540	1924
540	2327
540	2403
540	2906
540	684
541	1311
541	3993
541	541
542	1217
542	1239
542	1384
542	2612
542	3051
542	3342
542	3937
542	542
542	793
543	2079
543	543
544	2482
544	544
545	1866
545	2784
545	2880
545	3197
545	3454
545	619
546	1027
546	1855
546	1879
546	2051
546	2736
546	2737
546	3445
546	3450
546	3540
546	3813
546	546
547	547
55	1486
55	1490
55	155
55	1719
55	1903
55	2018
55	305
55	3378
55	3566
55	436
55	55
55	99
550	2663
550	2776
550	3929
550	571
550	969
551	2515
551	2518
551	2708
551	551
552	1119
552	1203
552	1368
552	1895
552	2128
552	2274
552	2679
552	2995
552	3347
552	3495
552	3806
552	552
552	613
552	657
552	664
552	768
552	866
554	3543
555	2897
555	555
559	1021
559	1622
559	2028
559	2054
559	2665
559	2911
559	3534
559	559
559	845
56	792
560	560
560	879
560	975
561	1154
561	1263
561	2941
561	3188
561	3562
561	3602
561	3731
561	3859
561	561
561	606
561	644
561	746
561	765
561	771
561	851
561	865
561	917
562	1175
562	1577
562	1668
562	2409
562	3382
562	562
562	854
565	3266
565	3714
565	565
567	1212
567	1909
567	2130
567	2258
567	2806
567	3410
567	3974
567	567
567	982
569	1270
569	1295
569	2044
569	2088
569	2225
569	2245
569	2411
569	2449
569	2614
569	2726
569	2772
569	3008
569	3884
57	1175
57	1235
57	144
57	1477
57	1540
57	1562
57	1926
57	2372
57	2498
57	2579
57	266
57	3020
57	3592
57	387
57	3946
57	758
57	867
570	1222
571	969
572	1165
572	1180
572	1457
572	1519
572	1833
572	1848
572	1986
572	2415
572	3115
572	3183
572	3754
572	3934
572	572
572	613
572	749
573	2024
573	2230
573	3129
573	573
573	628
573	860
574	1307
574	1355
574	1412
574	1858
574	2031
574	756
575	2306
575	3010
575	575
577	1041
577	1187
577	1283
577	1289
577	1397
577	1948
577	2095
577	2110
577	2347
577	3120
577	3135
577	3382
577	577
577	935
577	965
578	1361
578	1496
578	1512
578	1719
578	2088
578	2591
578	3566
578	3808
578	3869
578	578
578	899
579	1473
579	579
579	666
58	58
580	1481
580	580
581	1109
581	1138
581	1478
581	1513
581	1589
581	1976
581	2211
581	2253
581	2402
581	2493
581	2573
581	2715
581	2928
581	3114
581	3122
581	3148
581	3666
581	581
581	603
581	677
581	724
581	725
581	731
582	2695
582	3754
583	1267
583	2021
583	2442
584	2942
584	3272
584	584
587	1011
587	1025
587	1198
587	1522
587	1610
587	1815
587	1889
587	2258
587	2384
587	2422
587	3097
587	3271
587	3348
587	3469
587	587
587	694
587	695
588	2703
588	3132
588	797
588	879
588	909
588	996
589	2944
590	1142
590	1484
590	1801
590	2638
590	3178
590	3249
590	3704
590	3960
590	669
592	1305
592	1827
592	2538
592	2546
592	3228
593	1358
593	2411
593	2710
593	593
594	2459
594	594
595	1278
595	1495
595	2332
595	2618
595	2813
595	3598
595	3630
595	595
595	735
596	2977
596	3696
597	1297
597	1649
597	2648
597	2699
597	2998
598	2211
598	3114
599	2105
599	2683
599	599
6	2640
6	713
60	210
60	2195
60	3188
60	360
60	3883
60	449
60	546
60	60
60	722
60	765
600	2795
600	3359
600	3840
600	600
601	1497
601	2198
601	2790
601	3401
601	3454
601	601
601	708
603	1589
605	1457
605	1490
605	1931
605	2776
605	3086
605	3648
605	605
606	2372
606	3731
606	606
606	851
607	1802
607	2186
607	2517
607	2674
607	2924
607	3613
607	3659
607	3935
607	607
607	944
608	1088
608	1245
608	1480
609	609
61	109
61	1188
61	2669
61	2729
61	3361
61	3476
61	3994
61	402
61	61
61	892
61	99
610	610
612	2488
612	2622
612	612
612	855
613	1180
613	3045
613	613
613	886
614	1062
614	3007
614	3671
614	3827
614	614
615	615
615	864
617	1183
617	2883
617	617
617	737
618	1360
618	3505
618	803
619	1943
619	2784
619	619
62	62
620	1031
620	1167
620	1248
620	1276
620	1486
620	1767
620	1887
620	1903
620	2242
620	2292
620	2331
620	2434
620	2660
620	2810
620	2848
620	2886
620	3033
620	3235
620	3508
620	3722
620	3870
620	620
620	780
620	917
621	1665
621	2551
621	3058
621	3515
621	621
623	2280
623	623
624	1950
624	2321
624	2421
624	2801
624	2815
624	3188
624	3672
624	3830
625	1100
625	1184
625	1447
625	1510
625	1551
625	1622
625	1654
625	1879
625	1880
625	1912
625	2051
625	2161
625	2302
625	2349
625	2434
625	2810
625	3235
625	3423
625	3640
625	3728
625	3762
625	3787
625	3952
625	625
625	866
625	925
626	1162
626	1719
627	1198
627	1386
627	1687
627	1935
627	2318
627	646
627	974
628	1360
628	3129
628	738
63	1154
63	1343
63	1456
63	216
63	3562
63	421
63	561
63	645
631	1042
631	1747
631	2391
631	2434
631	2665
631	2682
631	2810
631	3120
631	3235
631	3315
631	3331
631	3700
631	631
632	1489
632	2813
632	3198
632	3598
632	3873
632	632
632	860
633	2486
633	633
634	2935
634	634
634	924
635	3524
635	635
635	893
638	2702
638	638
639	1073
639	1441
639	1527
639	3480
639	3712
639	832
639	951
64	1666
64	2739
64	3042
64	3064
64	3674
64	64
640	2127
640	3106
640	3133
640	640
641	881
642	1566
642	1598
642	1839
642	1987
642	2085
642	2634
642	2985
642	3575
643	2493
643	2891
644	1154
644	1280
644	1680
644	2150
644	2449
644	2454
644	3188
644	3562
644	3847
644	644
645	1456
645	3062
645	771
646	1185
646	1935
646	2265
646	3391
646	646
646	974
647	1576
647	2672
647	2961
647	3160
647	3361
647	3566
647	647
648	648
65	1288
65	1414
65	214
65	2733
651	651
653	3433
653	653
654	1951
654	3973
654	940
655	1972
655	3073
655	858
656	656
657	1119
657	1486
657	3328
657	3508
657	3783
657	3930
657	657
659	2394
659	3596
659	659
66	1264
66	2615
66	344
66	66
661	1154
661	2104
661	2255
661	2567
661	661
661	736
663	1235
663	2112
663	2559
663	2665
663	3566
663	3656
664	2726
664	2790
664	3757
665	1164
665	1700
665	1757
665	2015
665	2125
665	2778
665	3101
665	3920
665	665
667	667
667	752
668	1005
668	3168
668	3828
669	1484
669	1688
669	1708
669	2337
669	2491
669	2498
669	3178
669	3861
669	3963
669	669
669	811
669	983
67	1248
67	1368
67	1395
67	1749
67	1995
67	2292
67	2295
67	2449
67	2672
67	285
67	67
674	1192
675	1387
675	3664
675	3747
675	3971
675	885
676	1714
676	2748
676	3004
676	676
677	1513
677	3548
677	677
678	1190
678	1551
678	1654
678	1816
678	2113
678	2302
678	2306
678	2349
678	3003
678	3278
678	3423
678	3762
678	3828
678	3961
678	678
678	840
678	866
678	879
678	953
679	1138
679	1336
679	1728
679	2131
679	3078
68	1221
68	1397
68	1467
68	1562
68	1798
68	1989
68	1996
68	2112
68	2517
68	2531
68	260
68	607
68	68
68	947
680	1331
680	2290
680	2884
680	2978
680	3715
680	952
682	1783
682	1968
682	2297
682	2939
682	3197
682	3527
682	3579
682	3759
683	1738
683	683
684	1074
684	1477
684	2301
684	3466
684	3738
684	684
685	2759
685	3076
685	3171
685	685
686	1514
686	2989
686	686
686	869
688	2144
688	3249
689	2585
69	2274
69	69
69	822
690	1700
690	2257
690	3195
690	690
690	808
690	869
694	1104
694	1239
694	2422
694	3335
694	3380
694	694
694	793
694	847
695	1067
695	1866
695	2088
695	2169
695	3879
695	3967
695	695
695	717
695	875
696	696
697	2582
697	937
699	1652
699	3273
699	3708
699	699
7	1280
7	151
7	1902
7	1982
7	2092
7	2388
7	270
7	2886
7	2889
7	3252
7	3835
7	476
7	578
7	7
7	911
7	934
70	750
701	1737
701	1964
701	2622
701	3167
701	809
701	849
705	705
706	2486
707	1181
707	1189
707	1549
707	1727
707	1887
707	2054
707	2242
707	2372
707	2416
707	2623
707	2961
707	3000
707	3214
707	3401
707	3814
707	3847
707	707
708	1031
708	1143
708	2198
708	2210
708	2273
708	2660
708	2772
708	2790
708	3129
708	3454
708	708
709	2952
709	709
71	1189
71	2573
71	3054
71	3072
71	3126
71	3301
71	3502
71	71
710	710
711	3918
711	711
712	1246
712	1540
712	1545
712	1577
712	1685
712	1688
712	2023
712	2144
712	2424
712	2595
712	2946
712	2961
712	3247
712	3452
712	3793
712	712
713	1212
713	1824
713	2243
713	2515
713	2576
713	2653
713	2708
713	2982
713	3180
713	3857
713	713
713	756
713	810
713	858
713	994
714	714
714	896
715	2799
715	3089
715	3688
715	715
716	1597
716	1803
716	1996
716	2411
716	2813
716	3198
716	716
717	1012
717	1333
717	2407
717	2486
717	2889
717	3500
717	3918
717	717
717	908
717	911
718	804
719	1571
719	2977
719	3065
719	3166
719	719
720	1278
720	720
720	758
721	1122
721	1278
721	2196
721	2771
721	2774
721	721
722	1349
722	2195
722	2401
722	2835
722	3229
722	3566
722	3883
722	3941
724	1143
724	1181
724	1566
724	1604
724	1622
724	2133
724	2269
724	2330
724	2685
724	2709
724	2755
724	2866
724	2932
724	3438
724	3529
724	3625
724	3956
724	3971
724	724
724	887
724	928
725	1109
725	725
726	1535
726	1948
726	2977
726	3696
726	820
728	1067
728	2471
728	3464
728	3785
73	2528
73	3989
73	628
73	73
731	2047
731	2759
733	1604
734	734
735	1319
735	1497
735	2045
735	2299
735	2482
735	2757
736	2620
736	2721
736	2907
736	2993
736	3156
736	736
736	825
737	1183
737	737
738	3129
739	739
740	1162
740	1600
740	1610
740	1748
740	2718
740	3134
740	3263
740	3707
741	2445
741	741
743	2670
743	3867
743	743
745	1349
745	1933
745	2360
745	2391
745	2631
745	3137
745	3338
745	3499
745	964
746	1046
746	1082
746	1154
746	1344
746	1466
746	1469
746	1574
746	1877
746	1895
746	2150
746	2300
746	2330
746	2363
746	2407
746	2449
746	3257
746	3562
746	3572
746	3728
746	3865
746	746
746	771
746	853
746	859
747	1522
747	2116
747	2593
747	2793
747	3005
747	747
748	1260
748	2650
748	748
749	1276
749	1824
749	2653
749	3285
749	3382
749	749
75	1154
75	1263
75	1267
75	1286
75	1456
75	216
75	2373
75	2451
75	2566
75	3359
75	3562
75	3602
75	3731
75	421
75	451
75	481
75	561
75	645
75	723
75	75
75	771
75	851
75	956
750	750
751	1379
751	1663
751	2424
751	2792
751	3409
751	751
752	1085
752	1257
752	2331
752	2847
752	3398
752	3923
752	3967
752	752
752	801
753	753
755	755
756	1054
756	1577
756	2476
756	810
758	1005
758	1079
758	1247
758	1832
758	1937
758	2150
758	2207
758	2347
758	2372
758	2411
758	2467
758	2579
758	2583
758	2584
758	2625
758	2660
758	2876
758	3020
758	3134
758	3561
758	3593
758	3735
758	3817
758	3844
758	758
758	769
759	2207
759	759
76	734
76	76
760	1324
760	1812
760	2123
760	2639
760	3007
761	2208
761	2381
761	2460
761	2931
761	3147
761	761
761	939
762	3990
763	1528
763	763
764	764
765	1021
765	1848
765	2150
765	2578
765	2941
765	2996
765	3188
765	3571
765	3737
765	3859
765	765
765	766
766	1221
766	1945
766	1991
766	2079
766	2370
766	2542
766	2578
766	2730
766	2951
766	3519
766	3750
766	766
767	1053
767	1903
767	2269
767	2498
767	3609
767	3805
767	3946
767	3963
768	1734
768	2085
769	1051
769	1089
769	1987
769	2490
769	2579
769	2634
769	2730
769	2876
769	3692
769	769
77	1017
77	106
77	1162
77	1165
77	1688
77	1748
77	1979
77	2175
77	2449
77	2601
77	2966
77	3166
77	3177
77	3234
77	3380
77	3408
77	3424
77	367
77	3707
77	3723
77	406
77	488
77	535
77	626
77	724
77	740
77	746
77	77
77	837
77	847
77	887
77	983
770	2028
770	3476
770	3499
770	3878
770	770
770	964
771	1154
771	1634
771	1665
771	1719
771	2245
771	2363
771	2373
771	2407
771	2559
771	2866
771	3491
771	3562
771	3566
771	3602
771	3731
771	3845
771	3870
771	771
771	807
771	851
771	853
772	1312
773	1144
773	1515
773	1558
773	1783
773	2116
773	2593
773	3005
773	3523
773	3750
773	3891
773	773
774	1791
774	2208
775	1366
775	2814
775	3089
775	3688
775	775
778	2267
778	2580
778	2890
778	786
778	993
779	779
78	171
78	1881
78	2262
78	2853
78	3542
78	3558
78	3667
78	3885
78	78
780	1469
780	1782
780	1879
780	1880
780	1887
780	1895
780	2242
780	2312
780	2630
780	2797
780	2837
780	2896
780	3182
780	3327
780	3499
780	3728
780	780
780	925
780	964
781	3432
781	781
782	1200
782	1258
782	1516
782	1757
782	2199
782	2288
782	2592
782	3412
782	782
782	948
783	1866
783	3472
783	3941
783	783
786	1235
786	3561
786	786
786	993
787	787
788	3296
789	1479
789	1788
789	1957
789	2215
789	2466
789	2583
789	3000
789	3368
789	3876
789	789
789	803
789	888
789	945
789	970
79	3990
79	762
79	79
790	1606
790	2169
790	2486
790	2995
790	3206
790	3220
790	3565
790	3879
790	3955
790	790
790	976
791	1264
791	1717
791	1923
791	1972
791	2826
791	2886
791	3073
791	3177
791	3521
791	3771
791	791
792	1012
792	1182
792	1699
792	2077
792	2221
792	2648
792	2767
792	3851
792	3915
792	792
793	1104
793	1217
793	1384
793	1911
793	3348
793	3887
793	3940
793	793
794	2170
795	1499
795	3533
795	795
795	800
796	2299
796	2591
797	1956
797	1976
797	2113
797	2157
797	2518
797	2558
797	3132
797	3218
797	3371
797	3377
797	3456
797	3464
797	3710
797	3722
797	3941
797	3964
797	797
797	879
797	957
798	1278
798	1490
798	1497
798	1810
799	1543
799	3091
799	866
8	1098
8	1165
8	1307
8	1519
8	1656
8	1848
8	1879
8	1956
8	205
8	2072
8	2113
8	2415
8	2422
8	2620
8	2651
8	2653
8	3074
8	3115
8	3156
8	3348
8	3428
8	3482
8	8
8	994
800	1499
800	800
801	1085
801	1887
801	2242
802	2869
802	3165
802	3663
802	888
803	2215
803	3000
803	3225
803	3514
803	3835
803	3979
803	803
804	1036
804	1542
804	1791
804	2267
804	3533
804	3796
804	993
805	2771
805	3270
805	3680
805	805
807	1298
807	1340
807	2639
807	807
808	1031
808	1463
808	1529
808	2278
808	2743
808	2820
808	3261
808	3540
808	808
809	1098
809	1465
809	1477
809	1566
809	1637
809	2255
809	2515
809	2518
809	2528
809	2726
809	2888
809	3269
809	3504
809	3647
809	3964
809	809
81	1519
81	1630
81	1678
81	2683
81	2784
81	308
81	3232
81	3318
81	3407
81	3452
81	3519
81	599
81	81
81	952
810	1577
810	2476
810	2714
810	3122
810	3184
810	3396
810	3805
810	810
811	1092
811	1393
811	1484
811	2337
811	2452
811	3178
811	3491
811	3623
811	3670
811	3861
811	811
811	848
814	1346
814	1928
814	2385
814	3364
814	3456
814	3681
814	814
814	823
815	1991
816	1151
816	1639
816	2128
816	2138
816	2322
816	2889
816	2995
816	3146
816	3389
816	3806
816	816
816	911
818	849
82	1143
82	133
82	1872
82	2735
82	3204
82	3630
82	3888
82	685
82	82
820	1331
820	1453
820	1824
820	2144
820	2511
820	2514
820	820
820	867
821	2614
822	2012
822	2432
822	822
823	1647
823	2806
823	2898
823	823
824	1812
824	2422
824	3954
825	1333
825	1541
825	1554
825	2486
825	2864
825	3828
825	825
826	1606
826	1760
826	2609
826	3565
826	3955
826	826
827	1483
827	827
829	1401
829	1717
829	2301
829	2518
829	2840
829	3021
829	829
829	949
830	1406
830	3042
830	830
832	2360
832	951
835	835
837	2678
837	837
838	2610
838	3846
838	838
839	3188
84	108
84	1651
84	1818
84	3449
84	3469
84	394
840	3377
843	2712
843	3419
844	1000
844	1324
844	1741
844	3768
844	844
845	1108
845	1150
845	1289
845	1836
845	1893
845	2124
845	2128
845	2196
845	2271
845	2904
845	2907
845	2999
845	3054
845	3166
845	3720
845	3811
845	845
846	1062
846	3671
847	1217
847	1319
847	2639
847	3380
847	3408
847	3440
847	974
848	1052
848	1447
848	2452
848	3640
848	848
849	1012
849	1175
849	1364
849	2331
849	2486
849	2567
849	2622
849	2721
849	2763
849	2796
849	2809
849	3155
849	3398
849	3635
849	3787
849	3945
849	849
849	906
85	1026
85	1856
85	2211
85	3156
85	85
851	1021
851	1154
851	2373
851	2601
851	3257
851	3562
851	3602
851	3731
851	851
852	1324
852	2466
852	2693
852	2961
852	3183
852	852
852	889
853	1181
853	1235
853	2373
853	2866
853	3112
853	3257
853	3602
853	853
856	1333
856	2485
856	2486
856	2622
856	3146
856	3167
856	3240
856	3832
856	856
856	918
857	3630
858	1051
858	1094
858	1271
858	1578
858	1701
858	1836
858	1879
858	1903
858	1918
858	2099
858	2357
858	2500
858	2576
858	2975
858	2982
858	3073
858	3239
858	3559
858	3592
858	3654
858	3675
858	3692
858	3857
858	3957
858	858
858	993
859	1344
859	2363
859	3257
863	3159
863	3592
863	863
864	3729
864	864
865	1154
865	1396
865	1664
865	2148
865	3562
865	865
866	1308
866	1551
866	1654
866	1816
866	2302
866	2306
866	2385
866	2679
866	2768
866	2798
866	2928
866	3025
866	3114
866	3124
866	3347
866	3377
866	3433
866	3697
866	3934
866	3961
866	3964
866	866
866	973
867	1165
867	1453
867	1686
867	1824
867	2219
867	867
868	2974
869	869
87	1305
871	1547
871	1757
871	2453
871	2867
871	3535
871	871
872	2418
872	872
874	1484
874	1560
874	1688
874	2683
874	2876
874	3318
874	3628
874	979
874	983
875	1074
875	1098
875	2077
875	2281
875	2808
875	875
876	1384
876	2462
876	3044
876	876
877	2343
877	2697
877	877
878	1165
878	1519
878	1543
878	1577
878	1745
878	1848
878	1879
878	2202
878	2415
878	2504
878	3023
878	3115
878	3317
878	878
879	1272
879	1956
879	2048
879	2157
879	2222
879	2409
879	2984
879	3278
879	3828
879	879
88	1880
88	198
88	2798
88	88
880	1060
880	1461
880	1600
880	1907
880	2102
880	2390
880	2658
880	3291
880	3305
880	3501
880	3849
880	3865
880	888
880	987
883	2357
884	2407
884	2809
884	3515
884	3624
884	3951
885	1143
885	2054
885	2772
885	3664
885	3747
886	1808
886	1879
886	1937
886	2032
886	2104
887	1264
887	1387
887	1577
887	2269
887	2866
887	3175
887	3625
887	3654
888	1128
888	1678
888	1701
888	1881
888	1932
888	1981
888	2454
888	3009
888	3033
888	3165
888	3378
888	3497
888	3723
888	888
888	967
888	987
889	2190
889	3453
889	889
89	3493
89	89
890	890
891	2517
891	891
892	2669
892	2693
892	3183
893	3524
894	1636
894	1916
894	2492
894	2598
894	894
895	895
896	3802
898	2135
899	2172
899	3869
899	3915
9	3714
9	9
90	1856
90	2587
901	1803
901	2088
901	3008
901	993
903	1946
904	1284
904	2208
904	2645
904	904
906	1085
906	2331
906	2554
907	907
908	1963
908	2905
908	2907
909	3023
909	909
91	2043
911	2889
911	911
912	2604
914	1100
914	1247
914	1278
914	1361
914	1368
914	1551
914	2004
914	2161
914	2416
914	914
915	1240
915	1477
915	1489
915	1773
915	1923
915	2298
915	2403
915	3257
915	3691
915	915
916	1369
916	1465
916	1706
916	1764
916	2411
916	2467
916	2639
916	2647
916	2697
916	3054
916	3131
916	3552
916	916
917	1154
917	2886
917	2994
917	3562
917	917
918	2486
918	2622
918	3240
918	3832
920	1434
920	3384
921	1257
921	921
922	2241
922	3159
924	1197
924	1564
924	2155
924	2157
924	2417
924	2536
924	2802
924	2928
924	2935
924	3057
924	3074
924	3179
924	924
925	1389
925	1779
925	1879
925	1880
925	2242
925	3023
925	3327
925	925
926	1025
926	2574
926	3348
926	926
926	946
927	3532
928	1278
928	1968
928	2493
928	3579
928	3805
929	929
930	2555
930	930
931	2935
931	931
932	1343
932	1889
932	2021
934	2092
934	3668
935	1948
935	935
936	1083
936	2623
936	3151
936	3215
936	3434
937	2582
937	3895
937	937
937	974
939	1852
939	2957
939	3631
939	939
94	1005
94	1190
94	1364
94	1468
94	1517
94	181
94	1964
94	332
94	3828
94	812
94	94
940	1533
940	1660
940	1951
940	3533
940	3973
940	940
940	993
943	1481
943	1813
943	2124
943	3275
943	3956
943	943
944	1885
944	2186
944	3613
944	944
947	3816
947	947
948	1200
948	1258
948	1516
948	1757
948	1838
948	2199
948	2275
948	2288
948	3087
948	3412
948	3582
948	948
949	1477
949	1972
949	2019
949	2518
949	2575
949	3073
949	3132
949	988
95	1530
95	163
95	1663
95	1913
95	1942
95	2242
95	2601
95	2792
95	2995
95	3409
95	3424
95	3473
95	3750
95	3780
95	3806
95	385
95	3870
950	1461
951	1360
951	1387
951	1861
951	2260
951	2577
951	2588
951	2683
951	3031
951	3457
951	3771
951	3885
951	3893
951	951
952	1560
952	1685
952	1734
952	2424
952	3407
952	3715
952	3927
952	952
953	1797
953	1999
953	2159
953	2608
953	2734
953	2891
953	3278
953	3513
953	953
955	2517
955	2667
955	3214
955	955
957	1956
957	2558
957	3697
957	3868
959	2546
959	3928
959	959
96	1268
96	2591
96	2882
96	327
96	435
96	96
960	1116
960	1355
960	2895
960	3228
960	3270
960	3774
960	3928
960	960
961	2622
961	3167
961	3259
961	961
963	2077
964	1833
964	2515
964	2697
964	3338
964	3499
964	964
965	1624
965	1948
965	2529
965	2997
965	3226
966	1032
966	1556
966	2639
966	966
967	3033
968	2820
968	3166
968	3659
968	968
968	992
969	1583
969	1604
969	1726
969	1855
969	2490
969	3343
969	969
97	1023
97	2607
97	2931
97	3147
97	761
970	1788
970	2871
970	2874
970	3000
970	3206
970	3491
970	3606
970	3952
970	970
970	976
971	971
973	2620
973	973
974	1000
974	1179
974	1191
974	1198
974	1765
974	1805
974	1935
974	3895
974	974
975	2486
975	3020
976	1005
976	1280
976	1680
976	2336
976	2416
976	2985
976	2995
976	3101
976	3220
976	3322
976	3496
976	3955
976	976
977	1445
977	977
978	1395
979	2411
980	1459
980	1655
980	980
981	1482
981	2330
981	2755
981	3200
982	1476
982	1513
982	2037
982	2253
982	2331
982	2510
982	2662
982	2757
982	2934
982	3130
982	3141
982	3148
982	3420
982	3630
982	3803
982	990
983	1484
983	1688
983	1907
983	2683
983	3178
983	3700
983	983
985	1010
985	1384
985	1988
985	2155
985	2233
985	2389
985	3721
985	985
986	2837
987	2164
987	2357
987	987
988	2019
988	2207
988	2266
988	2961
988	3518
988	988
989	1560
989	2511
989	2747
989	989
99	1051
99	1271
99	1387
99	155
99	1617
99	1719
99	1902
99	200
99	2138
99	2242
99	2510
99	2518
99	2576
99	266
99	2778
99	2925
99	2982
99	3239
99	343
99	3692
99	3800
99	3857
99	386
99	858
99	99
99	996
991	2347
991	3033
991	991
992	3224
992	3659
992	992
993	1291
993	1360
993	1791
993	2088
993	2795
993	2982
993	3008
993	3491
993	3857
993	3874
993	3953
993	993
994	1140
994	1282
994	1755
994	1879
994	2064
994	2067
994	2108
994	2372
994	3037
994	3406
994	3504
994	994
995	1591
995	1803
995	2435
996	1604
996	1855
996	1895
996	2164
996	2515
996	2703
996	2708
996	996
997	2762
997	3333
997	3476
997	3878
997	997
