#Nodes	10000
#Edges	3003
0	6345
0	7538
0	9963
10	8773
10	9667
1001	6867
1003	1327
1003	6392
1006	1125
1018	3697
1018	4443
1018	5183
1018	7346
1018	8783
1018	8962
1018	9947
1020	9232
1021	6664
1022	1881
1022	2946
1022	3595
1022	3696
1022	5241
1022	5463
1022	8677
1024	2899
1024	3910
1024	7169
1024	7196
1024	7237
1026	8273
1027	1786
1027	3112
1027	6221
1031	4448
1034	1818
1034	6286
1034	6342
1034	6855
1034	7534
1039	2923
1039	5951
1048	1569
1048	4649
1048	5771
1048	9743
1056	4791
1057	3838
1057	5542
1057	5562
1059	1091
1059	2664
1059	2686
1059	3001
1059	3982
1059	4838
1059	6197
1059	7006
106	2626
106	9502
1060	2138
1060	5900
1060	6294
1060	6767
1060	9447
1065	1093
1065	4256
1075	6335
1076	8994
1079	1278
1079	5663
1079	6879
1080	4590
1080	6721
1081	5854
1081	6917
1081	9313
1090	4430
1090	4445
1091	8895
1092	5570
1092	7243
1093	4256
1096	4364
1096	6132
11	1463
11	2513
11	3299
11	4188
11	6589
11	8242
11	8949
1104	1911
1104	2582
1104	8188
1104	9720
1104	9812
1106	7196
1108	1918
1108	4421
1108	5545
1108	6460
1108	6655
1109	2467
1109	5874
111	444
111	4877
1114	2515
1114	6286
1114	8537
1115	3195
1115	4333
1122	7017
1123	1149
1123	2657
1123	7273
1129	2370
1129	4774
1129	7544
1132	7874
1132	8070
1134	2827
1134	7720
1139	1735
1142	2714
1142	8186
1147	4479
1147	6356
1147	7070
1147	9433
1149	2657
1156	1953
1156	3407
1156	8757
1159	2283
1160	1647
1165	1450
1165	4936
1165	6589
1165	7196
1165	8452
1171	3276
1171	8346
1173	3111
1173	5799
1173	5840
1173	6250
1173	6256
1173	6798
1173	6861
1173	7439
1173	7591
1173	7867
1175	5845
1175	6969
1179	2001
1179	3036
1179	6361
1180	1656
1180	4537
1180	7884
1180	9046
1186	5740
1186	7027
119	1463
119	4188
1196	1583
1196	3054
12	6139
120	3234
120	6148
1205	4519
1205	5492
1205	5567
1205	8585
1205	9521
1205	9741
1217	3034
1217	8359
1224	1754
1224	4925
123	3699
123	4995
123	8725
1232	1951
1232	4552
1232	5547
1232	5561
1232	7568
1232	8737
1232	9144
1233	2466
1233	7046
1234	4606
1239	2683
1239	5089
124	1003
124	1327
124	1682
124	6392
124	7252
124	9458
1248	1486
1248	3529
1248	5076
1248	5695
1248	7169
1248	9210
1252	8999
1259	2371
1259	3262
126	1221
126	3753
126	392
126	8092
1267	4469
1267	6862
1267	7101
1267	9015
1267	9666
127	2198
127	2790
127	4472
127	5996
127	6550
127	6799
1278	5663
1278	6879
1280	7210
1280	8412
1281	2635
1288	1449
1288	3776
1288	4202
1288	4818
1288	5260
1288	7843
1288	9119
1289	1512
1289	1710
1289	3654
1289	3953
1289	3975
1289	4106
1289	4189
1289	4300
1289	5249
1289	7838
1289	8781
1289	9728
1290	2677
1294	2736
1294	8835
1294	9906
1297	5329
1300	7636
1304	3196
1304	4630
1304	5927
1304	6639
1304	7241
1304	7627
1304	9868
1316	9054
133	2614
133	5052
1332	8916
1335	2642
1341	2298
1341	3064
1341	4483
1341	4774
1341	5283
1341	5848
1341	7469
1341	7508
1341	7544
1341	8252
1341	8794
1341	9103
1341	9376
1341	9699
1342	4950
1342	7585
1342	8055
135	2079
135	9392
135	9950
1352	1998
1352	4849
1356	9873
1369	2027
1369	9168
1389	3061
1389	7171
1404	3064
1404	5934
1404	7469
1404	7543
1405	2029
1406	2534
1406	4129
1406	5176
141	6155
1410	9909
1411	3776
1411	4823
1411	5771
1411	9029
1411	9743
1412	3845
1417	7712
1422	5613
1426	6215
1426	7428
1426	9659
143	7181
1431	1849
1431	3502
1431	6540
1431	7921
1431	8638
1431	8763
1431	9522
1431	9957
1433	8642
1449	1519
1449	3231
1449	3715
1449	3772
1449	3928
1449	5260
1449	6204
1449	7843
1460	1536
1460	7560
1463	1642
1463	4188
1463	5054
1463	5946
1463	6170
1463	8440
1463	8774
1463	9439
147	8942
1472	2570
1472	3156
1472	3443
1472	5004
1472	5533
1472	5849
1472	8547
1472	8592
1476	6907
1476	9240
1477	2298
1484	2493
1484	3704
1484	9512
1486	5076
1490	3467
1490	3546
1490	9637
1495	2332
1495	6113
1509	6378
1509	7244
1512	4300
1512	4430
1512	8781
1512	9728
1518	2915
1518	6838
1518	6949
1519	3954
1521	4008
1525	4820
1536	7560
1542	7423
1543	2113
1543	2515
1543	8183
1544	4840
1544	7006
1556	7915
1556	9439
1559	1632
1559	2302
1559	6151
1563	2516
1565	9211
1566	8383
1569	4649
1570	3925
1574	1734
1574	8521
1576	3535
1576	5352
1576	7274
1576	8741
1578	1911
1578	2785
1578	6517
1578	9460
1578	9812
1578	9943
1579	2917
1579	6584
1579	8280
158	2811
1582	4443
1593	4280
1593	4689
1595	5415
1595	6035
1595	6320
1597	5963
160	9314
1608	5080
1608	5971
1608	8835
1610	3477
1610	5678
1610	7449
1610	8279
1610	9141
1620	2456
1631	3070
164	4329
1642	6170
1646	3015
1649	5730
1649	8249
1650	5509
1655	3789
1655	3841
1655	5600
1656	3257
1656	4104
1656	6686
1656	6690
1656	6804
1656	7628
1656	7698
1656	7761
1656	8242
1656	8583
1656	9046
1656	9977
1658	5795
1658	6420
1658	8968
1658	9506
1659	2007
1659	7168
1659	8588
166	3614
166	5478
1664	8627
1669	6137
1669	9090
167	3904
167	5313
1672	9669
1675	4512
1677	2573
1680	2100
1680	9398
1682	6392
1687	5279
1694	3870
1700	5485
1704	3132
1704	6102
1706	8168
1710	3285
1710	3975
1710	4189
1710	6889
1716	3393
1716	5295
1716	7285
1722	2608
1722	6970
1722	8365
1725	1916
1725	6298
173	1248
173	7939
1733	2442
1733	5767
1733	9160
1734	8521
1734	9915
1738	9555
1738	9590
1739	6741
1743	8647
1743	9031
1746	2279
1746	6129
1746	7021
1746	8933
1754	2234
1754	3302
1754	4735
1754	9961
176	1205
176	3815
176	5832
176	6286
176	9741
1768	7697
1779	5477
1786	6221
1787	3655
1787	9540
1789	6861
1789	7591
1792	4208
1792	7661
1795	2212
1795	7621
1795	9756
1801	3997
1804	4019
1806	3378
1808	3968
1809	3174
1809	3888
1809	5149
1809	6918
1809	7356
1809	8893
1809	9748
1812	4803
1818	7534
1820	9183
1821	8454
1827	5947
1829	2776
1829	6516
1829	9485
1839	9017
1841	2922
1842	3490
1842	4161
1842	9814
1846	2428
1846	5914
1849	3041
1849	8638
1856	6779
1861	6051
1861	8261
1868	2356
188	2862
188	3085
188	3399
1880	3061
1880	3327
1880	6232
1880	6398
1880	6746
1880	7088
1880	8139
1880	9013
1880	9984
1881	3650
1881	3696
1881	5935
1881	8677
1893	2788
1893	3154
1893	3955
1893	6764
1893	8574
1893	8658
1893	9286
1895	8114
1904	5963
1904	6552
191	2483
191	8522
1911	2523
1911	2785
1911	5411
1911	6517
1911	8279
1911	9460
1911	9812
1914	3430
1916	5463
1916	6298
1918	6655
1919	5604
1920	5398
1920	8747
1933	5655
1933	7823
1933	9718
1935	2740
1935	8353
1936	4000
1936	4217
1936	5551
1936	7104
1936	7562
194	7073
1940	6945
1940	7244
1948	5495
1950	2471
1950	3992
1950	4157
1953	3407
1959	4937
196	3879
196	661
196	7064
1960	2147
1989	2368
199	458
1993	9396
1994	2734
1994	3595
1994	3651
1994	5463
1998	6537
1999	3991
1999	4887
1999	7543
1999	9401
2000	2871
2000	2885
2000	3257
2000	3350
2000	3699
2000	3847
2000	4034
2000	4899
2000	4995
2000	6055
2000	6768
2000	7628
2000	7761
2000	7794
2000	8096
2000	8582
2000	8638
2000	9046
2000	9218
2000	9573
2000	9708
2001	2442
2001	3416
2001	4504
2001	4799
2001	6003
2001	6361
2001	7617
2001	8348
2002	4573
2003	3231
2003	5295
2003	6182
2003	6204
2003	6423
2003	8325
2003	8669
2003	8853
2007	2200
2007	2383
2007	6738
2007	9209
2020	5244
2021	6426
2021	9620
2021	9812
2024	2604
2029	5997
2036	2476
2036	5786
2040	5143
2041	3270
2041	4648
2041	6482
2041	6746
2041	8372
205	2111
205	6475
205	9468
2055	3152
2055	3953
2055	4106
2055	4300
2055	4430
2055	6195
2055	6286
2055	6889
2055	7241
2055	7838
2055	9346
2055	9447
2057	6474
2057	8132
2061	3601
2069	4369
2069	6945
2069	7867
2071	4703
2071	5380
2072	8026
2073	9670
2079	6747
2079	8421
2079	9392
208	1232
208	8737
2092	6537
2100	3278
2100	3966
2100	4285
2100	5646
2100	6436
2100	6697
2109	3652
2111	2928
2111	4074
2111	7893
2111	8992
2113	8183
2115	2536
2120	2185
2120	2317
2120	2690
2120	4856
2120	6134
2120	6412
2120	9674
2124	2838
2124	7864
2124	8071
2124	9369
2128	2975
2128	6966
2128	7082
2128	8844
2128	8898
213	5825
2138	3202
2138	3654
2138	3689
2138	4430
2138	6567
2138	6767
2138	7083
2138	7450
2138	7597
2142	3183
2142	3383
2151	5992
2163	2381
2167	2450
2168	9910
2174	6116
2177	4285
2177	8458
218	6130
218	7047
2181	7578
2182	6548
2182	6962
2184	6710
2184	7914
2184	8265
2184	8938
2185	2690
2185	6710
2195	8792
2198	3491
22	2835
220	4285
220	610
220	9902
2200	9215
2203	5082
2211	3955
2211	7399
2211	8197
2211	9293
2212	3781
2212	7621
2212	9756
2214	3711
2214	5001
2218	9701
2223	9120
2225	2653
2226	9562
2229	2585
2229	3470
2229	3949
2229	4286
2229	4537
2229	7296
2229	8947
2229	9606
2234	3141
2234	4925
2235	5286
2235	6030
2235	7057
2235	9502
2245	7428
2248	2328
2248	2449
2248	3213
2248	6724
2250	7164
2253	3088
2253	4806
2255	6275
2262	8260
2263	8141
2268	4456
2268	9912
2273	7029
2273	7087
2276	8271
2279	7021
2285	2490
2287	2885
2287	3977
2287	4008
2287	7794
2287	8134
2293	6345
2294	9222
2298	4483
2298	7971
2298	8325
2298	8933
2298	9165
2298	9699
2301	3423
231	2061
231	2153
231	3601
2314	3017
2314	6327
2316	6323
2316	8048
2317	4856
2319	7298
2319	7831
232	5723
232	9653
2322	5428
2327	4473
2330	2755
2332	6113
2335	3061
2338	3360
2341	3053
2341	4598
2342	8316
2344	7443
2344	9122
2354	7918
2364	3953
237	2316
237	3189
237	3818
237	4521
237	5626
237	8048
237	957
2371	3262
2372	3958
2376	2414
2376	3619
2376	4945
2376	6787
2376	8640
2376	9570
2379	5640
2383	6738
2383	8223
2386	3186
2388	6401
2391	8487
24	427
24	506
24	5346
24	5585
24	8437
24	9324
2408	4903
241	4819
2415	5556
2416	3226
2416	4430
242	2120
242	2177
242	3497
242	4285
242	456
242	6134
242	616
242	7094
242	8458
2426	9443
2428	5242
2428	5914
243	5579
2436	4675
2437	4503
244	312
2442	4799
2442	5767
2444	6810
2447	3015
2447	3231
2447	3270
2447	5916
2447	6204
2447	6482
2449	3213
2449	5913
2449	8582
2459	9801
2462	3788
2462	9421
2463	7394
2466	3701
2466	4802
2467	5874
2469	8390
2471	2603
2471	4038
2471	4157
2475	2858
2476	5786
2476	8069
2477	3125
2479	5685
2479	5997
2479	9648
2483	8522
2486	3240
2486	9617
2489	3186
2492	3949
2492	5606
2492	8523
2493	2630
2493	3745
2493	4544
2493	9971
2495	7655
2495	9411
2495	9507
2496	9514
25	1426
25	2245
25	4666
25	5423
25	5538
25	6215
25	6861
25	7428
25	7591
250	472
2513	6589
2513	8242
2513	8277
2513	9977
2514	3908
2514	5623
2515	8537
2517	4706
2517	6543
2517	7012
2517	7666
2518	9298
2523	4835
2523	6954
2523	8485
2523	8929
2523	9087
2523	9812
2525	2922
2528	6214
2528	7616
2534	4129
254	1659
254	5369
2541	9096
2546	3121
2546	3973
2546	6473
2546	8882
2547	5667
2547	7907
2560	2895
2560	4479
2563	5025
2569	8198
2570	3242
2570	3561
2570	8547
2570	8654
2570	8991
2570	9840
2573	6428
2573	8322
2575	5069
258	2517
258	7012
2582	8359
2585	8947
2585	9834
2587	3121
2587	7825
2587	8095
2596	3712
2603	4038
2603	4157
2605	8079
2606	3865
2608	6970
2614	5052
262	6930
262	9704
2627	5370
2632	4138
2632	5365
2633	3553
2633	4154
2636	3257
2636	4663
2648	5383
2649	3170
2653	3595
2656	3894
2657	3452
2657	7273
2657	8313
2666	6218
267	1955
267	384
2674	6592
2679	3342
2679	3768
2686	4838
2690	3715
2690	4015
2690	6204
2690	6345
2690	7538
2690	9119
2690	9161
2694	2852
2694	9925
2698	6961
27	5511
270	1757
270	2167
270	2450
270	328
270	6075
2703	6129
2703	8933
2704	9731
2714	4570
2714	8186
2718	3234
2718	3750
2718	9459
2728	5846
2734	3651
2734	5463
2736	8835
2740	8353
2746	2920
2746	9238
2748	3174
2748	7673
2749	5874
275	6310
2752	8892
2758	5772
2762	2898
2762	3515
2762	4208
2762	5698
2762	5845
2762	7088
2763	5335
2763	6311
2763	6602
2763	8372
2776	6516
2788	3154
2788	8574
2788	8658
2788	9286
28	449
280	4153
280	6814
2800	7512
2802	3711
2802	4472
2802	4841
2802	6475
2802	9468
2805	8865
2806	6460
2806	6465
281	2100
281	5646
2813	3488
2813	8873
2820	8848
2827	7720
2833	8722
2834	5420
2836	7464
2836	9132
2836	9614
2838	5048
2838	7089
2838	7883
2838	9369
2842	3687
2842	4564
2842	6390
2851	4667
2851	4868
2851	7916
2852	9925
2858	3393
2858	8206
2859	4346
2862	3399
2868	9446
2871	8096
2883	8161
2885	3188
2885	3699
2885	4995
2885	5663
2885	7761
2885	7794
2885	9573
2891	7675
2892	8241
2899	3910
2899	5382
2899	6534
29	4446
29	7113
29	9322
2901	7481
2905	4030
2905	5814
2905	8212
2905	9628
2907	9806
2915	6949
2917	8280
2918	7725
292	7765
2920	6856
2922	3231
2923	5951
2928	4074
2928	8992
293	7672
2939	8013
2939	9861
294	2160
294	515
294	6058
294	924
2946	3696
2955	5739
2955	8775
2962	2969
2972	5011
2975	4437
2975	5384
2976	3657
2981	9740
2986	4562
2986	8001
299	1656
299	2120
299	3268
299	610
299	7698
299	7761
299	8316
299	9055
2990	6107
3002	3243
3009	3528
3015	4582
3019	7727
302	4984
3025	8172
3026	9152
303	6082
3033	4777
3042	4605
3042	7662
3051	8621
3057	8732
306	9281
3061	6398
3062	9472
3064	7469
3064	8845
3068	3370
3068	7396
3068	7842
3068	9600
3071	3077
3081	4691
3088	4806
3099	3714
3099	7930
3111	6256
3111	7439
3112	6221
3117	9173
3121	4447
3121	8882
313	1933
313	5655
313	7823
313	9718
3137	6738
3139	6473
3140	8835
3141	4925
3143	9126
3149	8435
315	1573
3152	3285
3152	4430
3152	6286
3152	6889
3152	9346
3154	3955
3154	5815
3154	8574
3154	8606
3154	8658
3154	9286
3156	5004
3156	8895
3164	7845
3170	3931
3174	7673
3174	8225
3174	9748
3178	3566
3178	6570
3179	4766
3179	5161
3179	6274
3179	8575
3179	9103
3182	8494
3183	3383
3187	8316
3187	8587
3188	3529
3188	5309
3188	7037
3188	8559
3189	4636
3189	6323
3189	6496
3195	4333
3196	5927
3198	4769
3198	5855
3198	8024
3198	9524
3202	3689
3202	6567
3202	7450
3202	7597
3206	7552
3210	4405
3210	6663
3212	9214
3213	9957
3223	8641
3225	8584
3226	7784
3231	4340
3232	6083
3232	6502
3233	6670
3242	3561
3242	8991
3242	9840
3243	6081
3257	4426
3257	5178
3257	6686
3257	7628
3257	9046
3257	9708
3263	5359
3268	7761
3270	5245
3270	6482
3273	3723
3278	5646
3278	6436
3285	4189
3299	6589
3299	8949
331	8039
3327	6398
3327	9013
3337	4379
3337	6277
3339	6063
3339	7377
3339	8687
3342	3768
3342	9559
3345	4407
3345	6149
3350	4093
3350	4155
3350	4430
3350	5027
3350	8096
3350	8582
3350	8860
3350	9938
3365	3986
3365	4602
3370	9600
3372	5129
3374	9385
338	2652
3391	9966
3393	4409
3393	6204
3393	6874
3393	7372
34	5468
340	4467
340	6423
340	8044
340	8669
340	8853
3405	7935
3405	8983
3405	9232
3407	8757
3413	8705
3415	6265
3416	4504
3422	4569
3423	4614
3423	5398
3423	7049
3423	7392
3423	9961
3426	5124
3435	7297
3437	5328
3437	6053
3439	5958
3439	8503
3442	3854
345	2718
345	2836
345	3750
345	4371
345	5491
345	7244
345	9132
345	9614
345	9770
3452	3525
3452	5130
3463	6342
3470	5509
3474	6089
3474	7681
3474	8235
3477	8582
3477	8860
3487	7071
3488	5781
3490	3881
3491	5215
3496	8391
3496	8980
3497	6102
3497	6710
3497	9476
3499	7348
3502	6721
3504	5990
351	3674
351	5706
351	5780
351	8003
3512	9044
3515	6602
3525	5082
3525	7242
3529	3870
3529	5663
3529	6047
3529	7794
3529	8980
353	3821
3530	3932
3531	7835
3537	4454
3537	5787
3537	9424
3538	7097
3538	8523
354	2479
354	4765
354	749
354	9648
3541	3647
3541	6746
3541	8041
3541	9550
3547	3571
3553	4154
3561	8991
3561	9533
3561	9840
3566	6455
357	4541
3576	4219
3582	8469
3586	8593
3586	9814
3586	9970
3593	3953
3593	4106
3593	4300
3593	7838
3595	3696
3595	5463
3595	5685
3595	6445
3595	7623
3595	7647
3598	6308
36	4671
3636	7359
3638	5559
3638	7330
364	1280
364	7210
3647	8248
365	3753
365	7721
3654	4300
3654	4430
3654	5673
3655	5771
3657	5103
3657	6446
3657	6826
3657	9207
3657	9487
366	1118
366	1710
366	1881
366	3152
366	3650
366	4189
366	4430
366	492
366	6889
366	6948
366	8677
367	1842
367	3586
367	8593
367	9814
3674	5706
3674	5780
3677	7925
3677	8426
3682	7536
3687	3800
3687	9448
3688	8938
369	3750
369	6907
3691	7878
3691	9436
3697	6577
3697	9985
3699	4995
3701	5423
3701	9283
3702	8909
3702	9059
3702	9652
3704	3969
3705	6206
3710	5173
3711	5001
3715	3772
3715	4015
3715	4172
3715	6204
3717	6449
3717	6468
3718	3928
3718	5792
3718	9741
3725	7734
373	2057
373	2355
373	6474
373	9732
3732	6434
3732	6476
3735	7615
3738	5295
3738	6474
3738	8325
3738	9119
375	4654
3750	6907
3753	5563
3761	6282
3761	9025
3772	4015
3772	6204
3772	7843
3772	9199
3773	7684
3776	4202
3776	4818
3776	5260
3776	5884
3776	7843
3776	9029
3776	9119
3778	4012
3778	4129
3778	5425
3778	8297
3781	7621
3782	5287
3786	9097
3798	5206
3800	9448
3804	7133
3804	9534
3814	8355
3818	5626
3818	8287
3831	6912
3834	6835
3837	3955
3838	5542
384	1318
384	1955
384	4271
384	5191
384	552
384	5731
384	848
3841	5600
3847	4430
3866	9490
387	6985
3870	5352
3870	6523
3870	8741
3878	7792
3879	5115
3879	6684
3879	7064
3881	4161
3888	5149
3888	6918
3888	7356
3894	5364
3904	5134
3904	5258
3904	5313
3909	7660
392	3753
392	5563
392	7721
392	8092
3928	5792
3928	6286
3929	5474
3929	6816
393	1627
393	3426
393	5433
393	722
3932	5009
3936	7874
3936	8995
3939	4425
3939	4462
3941	5352
3941	6523
3948	7046
3953	4106
3953	4430
3953	7838
3954	6885
3954	7632
3954	8279
3954	8911
3954	9242
3955	6764
3955	8658
3955	9286
3958	5838
3964	4100
3964	7354
3964	7395
3964	9817
3964	9882
3966	5390
3975	4189
3977	6836
3986	4602
399	5552
3991	7543
3995	5807
3998	5647
40	1220
40	4280
40	5335
40	6969
40	7939
40	902
4000	5786
4000	7562
4007	4169
4007	7242
4012	5463
4015	6204
4018	5107
4018	8077
4029	9280
4030	5814
4030	6397
4030	8212
4030	9628
4037	4472
4037	4841
4037	8046
4038	4157
4049	5724
4049	8581
4052	6703
4056	6414
4056	9501
4068	4869
4068	6168
4068	8208
407	3861
4074	4943
4074	6532
4074	7893
408	1543
408	1948
408	2515
408	5256
408	5495
408	9464
4093	5027
410	3034
4100	9934
4104	9046
4106	4300
4124	9634
4136	5249
4136	6877
4138	5365
4138	8853
414	3904
4146	4935
4161	7794
4161	8096
4161	9573
4162	4265
4162	4319
4162	8326
4169	4825
4171	9101
4197	4380
4197	4571
4197	8702
420	3530
420	3932
420	5613
4201	8229
4202	4818
4202	5260
4202	5295
4202	6345
4202	7843
4202	8325
4202	9119
4207	7596
4208	5632
4208	7661
4211	5315
4211	5994
4211	6001
4217	5012
4217	5551
4217	7104
4217	7510
4229	5840
4242	5454
4242	5488
4245	5295
4245	5997
4245	9673
425	1583
425	7952
425	8717
426	8817
4260	4861
4263	4567
4263	8394
4265	8326
427	2657
427	4476
4270	7029
4271	5191
4276	5440
4280	4689
4285	7094
4285	8458
4285	9233
4285	9902
4285	9971
4288	6094
4288	7272
4288	8500
4290	5597
4292	5069
4294	4949
43	345
4300	4430
4300	5260
4300	5884
4300	7241
4300	7838
4300	9728
4307	4780
4319	4905
4319	8326
4320	9224
4352	7607
4352	8714
4364	6132
4369	6945
4371	9614
4373	5408
4377	6724
4379	6277
4379	8635
4380	4571
4385	6346
4407	4790
4409	8033
4412	7689
4414	4834
4425	4462
4426	4861
4426	5178
4430	4445
4430	4877
4430	4894
4430	5038
4430	5399
4430	5673
4430	5685
4430	6195
4430	6286
4430	6918
4430	7241
4430	7304
4430	8488
4430	9346
4430	9447
4430	9573
4430	9728
4430	9741
4431	5533
444	5617
444	7056
444	719
444	8390
4443	5183
4443	8783
4446	7113
4454	5787
4454	9424
4456	9912
4466	8316
4467	6636
4467	7757
4472	4841
4472	5996
4472	6550
4472	8046
4472	9468
4473	6349
4473	6423
4473	8845
4476	6440
4476	8874
4479	6356
4479	7070
4479	7197
4479	9433
4481	6429
4483	5848
4484	6765
449	2547
449	621
449	6746
449	996
4492	4999
4492	5118
4492	6387
4497	6027
4497	6109
4499	7803
4500	6525
4503	6918
4503	8397
4515	6991
4519	5567
4519	8585
452	2528
452	6609
452	7616
452	778
452	8887
4521	5463
4521	5997
4521	7026
4521	8216
4521	8925
453	1880
453	9494
4537	6204
4537	9046
4537	9500
4541	5260
4552	7568
456	3497
456	6102
456	6134
4562	8001
4567	8394
4578	7076
4591	5909
4601	5745
4601	5811
4601	7643
4604	7971
4604	8325
4604	9165
4604	9699
4605	7662
462	2262
462	8260
4626	4744
4626	7656
463	2163
463	2381
4634	9868
4654	8606
4667	7916
4670	9876
4684	7422
4689	5845
4689	9648
4693	9280
47	1895
47	3049
47	6954
47	9812
470	3964
470	6319
470	7354
470	7395
470	809
470	9093
4706	4759
4706	7666
4721	4921
4735	4925
4735	5398
4735	7695
4735	9736
4742	6265
4742	6528
4742	9048
4748	4769
4748	7906
4748	7967
475	2844
475	5505
4750	5106
4752	7267
4759	7666
4766	6966
4766	8575
4766	9250
4769	5855
4769	5969
4769	7967
4769	8024
4769	9255
4769	9524
4774	7197
4774	7544
4774	8033
4774	8252
4774	8794
4783	6775
4783	7715
4811	9294
4818	6345
4818	7538
4818	7971
4818	7982
4818	8325
4818	9119
4818	9165
4818	9699
4818	9963
482	4052
4823	5771
4823	7536
4824	7388
4831	8140
4831	8455
4841	6104
4855	8866
4858	6042
4860	5612
4861	5178
4861	6417
4867	5941
4868	7253
4869	6168
4869	8208
4877	5038
4879	8236
4887	9401
4894	7876
4894	8488
490	3089
490	4049
490	4447
490	5724
4905	6942
4905	7975
4909	6019
492	1289
492	1365
492	3975
492	4189
492	8781
4921	7223
4925	5398
4925	6432
4930	4980
4930	9143
4936	8452
4943	6532
4950	5057
4950	7585
4950	8055
4959	7140
497	2473
497	2541
497	9096
4989	8414
4999	6387
5024	9951
5025	5778
5025	5936
5025	9121
503	2866
503	7646
503	7648
503	842
5042	6173
5047	6338
5047	9501
5048	7883
5048	9369
505	2739
5058	7926
506	1160
506	1647
506	2322
506	5428
506	8437
506	9324
5062	5256
5062	5408
5062	6497
5064	9292
5069	5906
5070	5581
5070	8202
508	2100
508	3966
508	5739
508	6697
508	8490
509	3649
5098	6710
5098	6770
51	5546
51	668
51	6710
5103	9207
5103	9487
5106	6423
5115	7064
5118	6387
5130	7349
5144	5404
5144	5690
5144	9558
5149	7495
515	5163
515	6058
515	9223
515	924
515	9947
5150	9698
5156	5823
5161	6274
5172	5273
5172	9996
5187	9481
5199	7209
52	4321
52	8066
520	808
520	9232
521	2214
521	3711
521	5001
5215	5954
5215	8989
5216	5982
5217	9477
5223	5733
5230	5474
524	1061
5242	5914
5245	8853
5249	6877
5254	6891
5256	5698
5256	6497
5256	7853
5258	6768
5258	8638
5258	8860
5260	5884
5260	7843
5268	5962
5273	9996
5280	7161
5284	8702
529	2476
529	3490
529	3881
529	4161
529	8069
5292	7817
5292	9867
5295	6423
5295	6474
5295	7971
5295	8325
5295	8669
5295	8853
5295	9119
5295	9673
53	4882
53	9691
530	1472
530	4737
530	5849
5309	7037
532	1964
5328	6053
5332	6455
5332	9943
5335	5845
5335	6460
5335	7723
5345	9875
5346	6584
5346	9535
535	5634
5350	7188
5352	6523
5352	8741
5383	9133
5393	6473
5398	7439
540	2057
540	4693
540	6423
540	7971
540	8132
5404	5690
5404	8399
5404	9319
5408	6497
541	2962
541	2969
5415	6035
5415	6320
5423	9283
5423	9694
5425	5612
5447	5898
5447	7955
545	5047
545	6338
545	6359
545	6414
545	9501
5453	6189
5454	5488
5463	6738
5463	7335
5463	8925
5463	9805
5472	5692
5474	6816
548	6845
548	8679
5481	6283
5484	6420
5484	7592
5484	7686
5484	9506
5484	9640
5485	7526
5488	5837
5495	7673
5498	8550
55	357
55	4541
55	5664
55	5849
55	5918
55	8318
5500	6177
5500	6517
5500	7525
5518	6957
552	4271
552	5191
552	848
553	3058
553	713
553	7331
553	8974
5532	8085
5538	8473
5542	7276
5542	8303
5543	6589
5545	6197
5546	9414
5547	8737
5551	7104
5558	6593
5558	7723
5558	9550
5559	7235
5561	8737
5561	9851
5563	6377
5563	7721
5567	8585
5576	6426
5587	6887
5587	6982
5603	8053
5611	5650
5611	7910
5611	9362
5615	9856
562	3950
5626	6746
5626	9314
5627	6392
564	4824
564	7388
565	1582
5650	7910
5650	9362
566	5509
566	6789
566	6949
5663	6879
5664	8586
5666	5925
5666	8173
5667	7907
567	4858
567	6042
5671	7223
5673	9892
5679	8581
568	6403
568	758
5685	5997
5685	6738
5685	7241
5685	7335
5685	7626
5685	8216
5685	9805
569	2838
569	4899
569	848
5690	9558
5690	9799
57	4734
57	7214
5706	5780
571	1402
5726	9074
573	7191
5730	8249
5732	7556
5739	7096
576	2994
5771	6667
5771	7536
5771	9743
5778	5936
5778	9121
5784	5995
5784	8523
5787	9424
5799	6250
5799	6798
5799	7867
58	5001
58	521
580	6512
5814	8212
5814	9628
582	1477
582	2298
5824	6961
583	1733
583	2442
5836	7384
5840	6250
5840	6798
5840	7867
5845	6969
5845	9115
5845	9648
5849	8592
585	4555
5854	6917
5854	9313
5855	7967
5855	8024
5855	9524
5864	6292
5864	7284
587	4298
5882	9636
589	1369
589	2027
589	9168
5892	6802
59	6612
5900	6294
5902	7219
591	1216
5910	7257
5919	9789
5925	8173
5929	6051
5929	8052
5935	7242
5935	7453
5935	8677
5935	9449
5936	9121
5941	6103
5942	9423
5946	6170
5946	8440
5952	7698
5952	7761
5952	9046
5961	8772
5968	9658
5969	7510
5969	7967
5979	8747
5990	9072
5994	7872
5996	6550
5997	7626
5997	8216
5997	8853
6003	7617
6006	8115
6043	8057
6051	8052
6051	8261
6051	8316
6051	9911
6062	9326
6075	9010
6079	6709
6086	6624
6086	7095
6094	7272
6094	8500
610	9055
6101	6426
6104	8445
6116	6595
6116	7350
6116	8004
6122	9948
6124	6455
6124	9943
6129	7021
6129	8933
6130	7047
6131	7839
6137	9090
6153	6838
6153	6949
6153	7158
616	2177
616	2493
616	8458
6170	8440
6170	9439
6176	7874
6176	8253
6177	7525
618	7510
618	803
6182	8853
6193	9630
6200	6573
6204	7188
6204	7296
6204	9606
621	7097
6212	7514
6215	6295
6215	7428
6215	9659
6232	8139
6250	6798
6250	7867
6255	8380
6256	7439
6265	6528
6265	9048
6270	7098
6275	8163
6277	8635
6282	9025
6286	7304
6286	8816
6286	9346
6286	9741
629	6813
6292	7284
6306	8863
6319	9093
632	2813
6320	8340
6323	6496
6323	8048
6326	8117
6331	7730
6336	9349
634	9685
6342	6855
6345	7538
6345	7982
6345	9963
6354	9423
6356	7070
6356	9433
6358	7201
6361	8158
6361	8348
6361	8490
6361	8600
6377	7721
6378	7244
638	2109
638	2807
638	4474
638	7352
6385	8475
6389	6545
6389	9127
6392	7252
6392	9458
6397	8212
6398	9013
6417	9417
6420	9506
6423	6639
6423	7197
6423	7760
6423	8044
6423	8669
6426	7991
6432	9594
6434	6476
6453	9806
6455	9943
6460	7295
6462	7374
6474	9119
6474	9673
6474	9732
6475	9468
6480	7545
6496	6602
6496	8925
6500	6543
6513	7967
6517	7525
6517	9460
6517	9812
6518	7723
6525	9738
6534	7856
6540	6721
6540	7921
6540	9731
6543	7666
6548	6962
6551	8391
6551	8980
6567	8552
6569	6710
6569	8887
6575	6725
6577	9985
6584	9535
6593	9115
6599	9423
6602	8974
6602	9054
6609	7616
6609	9522
661	3879
661	7064
661	9766
6624	7095
6629	7062
6639	9868
668	3723
668	5546
668	5733
668	6080
668	7876
668	9414
668	9488
6686	7628
6686	9046
6690	7761
6690	9046
6690	9977
67	1248
67	2018
67	5695
67	9210
6710	6770
6710	7057
6710	7914
6710	9476
6718	7832
6727	9742
673	7358
6733	9723
6738	6818
6738	7335
6738	7875
6738	8223
6738	9805
6749	7493
6764	8658
6764	9286
6768	8638
677	2426
677	9443
679	5968
6798	7510
68	5757
6804	7761
6804	9977
682	6972
682	6996
6836	7162
6856	9238
6861	7591
6862	9015
6862	9666
687	3257
687	4426
687	4985
687	5178
687	5221
687	7628
6872	9375
6885	7632
6887	6982
689	5926
690	1564
690	3894
690	5583
690	5909
690	7526
6901	6938
6907	9240
6912	8803
6917	9313
6918	8397
693	1710
693	1808
693	1948
693	2585
693	2748
693	3152
693	3212
693	3285
693	3968
693	5495
693	5542
693	6392
693	6403
693	6889
693	758
693	7673
693	8303
693	8864
693	9214
693	9458
693	9502
6930	9704
6942	7975
6958	8295
6966	7538
6966	8033
6966	8252
6966	9963
6970	8365
6972	6996
698	1954
6988	7640
6991	8930
70	2383
70	3471
70	6738
70	6818
7008	9269
7013	9545
7018	8318
7018	8765
7018	9106
7023	9983
7026	8925
7051	9074
7051	9361
706	8960
707	3814
707	8355
7070	7600
7070	9433
708	1716
708	7285
7082	8844
7089	7883
7097	8523
7097	8882
71	8494
711	2128
711	8898
712	5719
712	7156
713	3179
713	4766
713	8575
713	9250
7132	9914
7133	9534
7168	8588
717	2622
7193	9423
7196	7485
7196	8452
7197	8794
7198	7452
721	3096
721	3188
721	8199
7223	8279
723	4466
723	5776
723	6051
723	8316
723	9911
724	6047
7242	7453
7242	9594
7272	8500
728	2649
7295	7723
7296	9606
7298	7831
730	4943
7325	7908
7330	7533
7331	8974
7348	8489
7349	8826
7368	8297
7396	7842
7396	9600
7397	8468
7397	9687
7428	9659
7433	9502
7435	7849
7439	8542
7442	8480
7442	9937
7449	7478
7453	8677
7453	9449
7469	7508
7471	7737
748	9377
749	3538
749	4765
749	5351
749	5784
749	7097
749	8523
749	8870
75	4544
75	4936
75	6412
7538	8910
7538	8966
7538	9003
7538	9963
754	5402
754	8674
7556	8789
757	6520
7577	8151
758	1303
758	1808
758	2235
758	3212
758	3968
758	6403
758	7433
758	9502
7585	8055
7591	7867
7592	7686
7600	8853
7600	9433
7604	7874
7606	8029
7607	8714
761	1993
761	5139
761	6176
7626	8216
7628	9046
7634	8599
7646	7648
7651	8472
7670	9878
7673	8460
7686	9640
77	5399
77	6195
7710	9394
772	6539
7739	9124
7743	7969
7761	7794
7761	8096
7761	9046
7761	9218
7761	9977
777	7072
778	6609
7794	8096
7794	9046
7794	9218
780	7577
7810	9439
7814	9939
7817	9867
7824	9480
784	7739
784	9124
7862	9028
7864	8071
7874	8253
7874	8995
7876	8488
791	9113
7910	9362
7914	8265
792	1659
792	2276
792	3878
792	7168
792	7792
792	8271
792	8498
792	8588
792	9803
7925	8426
7935	9232
794	4567
794	8394
7952	8717
7967	8024
7971	8325
7971	9119
7971	9165
7971	9673
7971	9808
7997	8434
8006	8864
8013	9861
8017	9445
802	5332
802	5952
802	8452
8023	9213
8024	9524
803	1173
803	5799
803	5840
803	6250
803	6798
803	7510
803	7867
803	7967
8033	8252
8034	9627
8041	9550
8059	9746
806	3474
8074	8407
808	1020
808	3405
808	6161
8082	8888
809	6319
809	7354
809	9093
81	3746
8138	8319
814	3463
814	6342
814	6855
814	9091
8177	9415
820	4508
8212	9628
8221	9280
8225	9748
8236	8660
8242	9977
8248	8293
825	2486
825	3240
8263	9609
8279	9242
8279	9328
8297	9644
8300	9738
831	5699
8316	9911
8325	9165
8325	9699
836	1544
836	4840
8392	9822
842	2866
842	7646
842	7648
8421	9392
8437	9324
845	3006
8468	9687
848	4899
848	8863
853	2174
853	6116
853	6595
8532	8972
8574	8658
858	4211
858	5315
858	5994
858	7872
8582	8860
8583	9046
8584	9523
8593	9814
8593	9970
8598	9321
8598	9782
86	9767
8606	8658
8606	8833
8606	9110
862	7417
8637	9644
8647	9031
865	5942
865	6354
865	6599
865	7193
865	9423
866	2041
866	3923
866	4648
866	6746
8669	8853
8678	9522
87	4179
870	1341
870	2327
870	3393
870	4473
870	9699
8705	9946
8728	9685
8737	9144
874	9114
8765	9106
881	7569
882	6041
8835	9906
884	2519
8853	9673
886	3837
886	3955
8867	9050
889	6513
889	8728
8909	9059
8935	9249
896	4147
8966	9963
898	6710
8983	9232
8991	9840
8999	9590
90	621
90	7097
90	8882
900	8590
9015	9767
902	1175
902	1424
902	1821
902	5335
902	5845
902	6593
902	9017
902	9115
9073	9484
9074	9361
91	471
9119	9673
913	1980
913	7324
913	8775
9132	9614
9165	9699
919	4867
919	5941
919	6103
92	1018
92	8197
92	8962
921	4389
9233	9971
924	5163
924	6058
931	2212
933	5463
939	2208
94	4603
94	7297
940	1653
940	1793
940	1824
940	2073
940	2752
940	3597
940	9670
9414	9488
9447	9892
948	2199
948	8297
948	8637
948	9644
95	3565
95	3955
951	3981
953	2401
9533	9840
954	5354
954	6223
954	9347
9547	9797
9555	9590
9558	9799
957	3818
957	5463
957	5626
957	6496
957	6602
957	8809
965	1411
965	5771
965	9029
9708	9987
971	6952
972	7780
977	4751
98	5141
9812	9943
9814	9970
985	2527
988	5318
996	1880
996	3541
996	4648
996	5626
996	5845
996	6102
996	6746
996	8041
996	8151
996	9550
