#Nodes	10000
#Edges	7907
0	1950
0	6345
0	7538
0	9003
0	9963
10	10
10	3691
10	5505
10	755
10	8638
10	8773
10	9436
10	9667
1001	1001
1001	6867
1003	1003
1003	1327
1003	6392
1004	1096
1006	1006
1006	1125
1009	1009
1014	4146
1014	4935
1014	8381
1018	1018
1018	2657
1018	2661
1018	3697
1018	4443
1018	5183
1018	5240
1018	7346
1018	8783
1018	8962
1018	9947
102	2787
1020	9232
1021	6664
1022	1022
1022	1881
1022	2946
1022	3558
1022	3595
1022	3696
1022	5241
1022	5463
1022	8105
1022	8677
1024	2899
1024	3034
1024	3910
1024	7169
1024	7196
1024	7237
1026	1026
1026	2211
1026	8273
1027	1027
1027	1786
1027	3112
1027	6221
1027	9046
1029	2971
1029	6591
1031	4448
1034	1034
1034	1139
1034	1818
1034	1919
1034	3884
1034	5604
1034	6280
1034	6286
1034	6342
1034	6855
1034	7534
1034	8816
1036	8156
1038	6377
1038	7535
1038	9729
1039	1039
1039	2923
1039	5951
1043	5395
1043	8684
1046	9046
1048	1569
1048	3815
1048	4649
1048	5555
1048	5608
1048	5619
1048	5771
1048	7551
1048	7782
1048	9743
1048	9864
1048	9879
1055	8240
1055	8617
1056	4791
1056	7572
1057	1057
1057	2653
1057	2734
1057	3651
1057	3838
1057	5542
1057	5562
1057	9502
1058	7973
1059	1091
1059	2501
1059	2664
1059	2686
1059	3001
1059	3701
1059	3912
1059	3982
1059	4838
1059	6197
1059	7006
1059	7651
1059	8059
1059	8472
1059	8895
1059	9920
106	106
106	1289
106	2626
106	275
106	4300
106	492
106	5542
106	7279
106	758
106	9502
106	9709
106	9728
1060	1410
1060	1496
1060	2138
1060	4445
1060	5900
1060	6294
1060	6767
1060	9447
1063	2866
1063	7230
1063	8980
1064	1155
1065	1093
1065	4256
1068	5159
1075	1075
1075	6335
1076	1114
1076	8994
1079	1278
1079	5663
1079	6740
1079	6879
1079	6896
1079	7065
1079	8045
1079	8814
108	2221
108	3735
108	9073
1080	1691
1080	2856
1080	4590
1080	6540
1080	6721
1081	1081
1081	2010
1081	5854
1081	6917
1081	9313
1086	3804
1088	2632
1088	4138
1088	5717
1088	8966
1088	9808
109	109
1090	1090
1090	1659
1090	2038
1090	4430
1090	4445
1090	8588
1091	1091
1091	3156
1091	7651
1091	8472
1091	8895
1092	5328
1092	5570
1092	7243
1092	9041
1093	1093
1093	4256
1093	5001
1094	3450
1094	7774
1094	8475
1096	2538
1096	2641
1096	4364
1096	6035
1096	6132
1099	1099
1099	6546
11	11
11	1463
11	2513
11	3299
11	4188
11	6589
11	8242
11	8277
11	8949
1101	8558
1104	1104
1104	1911
1104	2582
1104	3107
1104	5411
1104	7383
1104	8188
1104	8359
1104	9460
1104	9720
1104	9812
1106	4217
1106	5012
1106	7196
1108	1108
1108	1704
1108	1918
1108	4421
1108	5545
1108	6460
1108	6655
1108	9115
1108	9122
1109	1109
1109	2032
1109	2467
1109	5874
111	444
111	4877
111	5038
111	7056
111	8389
111	8390
1114	1114
1114	2134
1114	2515
1114	3784
1114	5610
1114	6286
1114	8537
1115	1115
1115	2023
1115	3195
1115	4333
1115	4565
1117	2954
1117	7145
112	6478
1120	3655
1122	1122
1122	7017
1123	1123
1123	1149
1123	2657
1123	5240
1123	7273
1123	9819
1125	3782
1129	2370
1129	2884
1129	4774
1129	5959
1129	6614
1129	7544
1131	1430
1131	6582
1132	1132
1132	6375
1132	7874
1132	8070
1132	8995
1134	1134
1134	2827
1134	7720
1135	3118
1135	4430
1135	9395
1139	1139
1139	1735
1139	4008
1139	4066
1139	8029
114	6080
1141	8659
1142	1142
1142	2714
1142	7548
1142	8186
1143	2579
1143	3884
1143	4839
1143	7241
1147	4479
1147	6356
1147	7070
1147	9433
1148	3862
1148	4362
1149	2657
1155	5332
1155	6062
1155	8277
1155	8359
1155	9591
1156	1156
1156	1953
1156	3407
1156	8757
1157	1570
1159	1159
1159	2283
1159	5160
1160	1647
1161	3702
1164	2312
1164	7717
1165	1450
1165	4936
1165	6589
1165	7196
1165	8452
1165	9715
1168	1168
1168	8797
1171	1171
1171	3276
1171	8346
1173	3111
1173	5799
1173	5840
1173	6250
1173	6256
1173	6798
1173	6861
1173	7439
1173	7503
1173	7510
1173	7591
1173	7867
1173	8104
1175	2902
1175	5558
1175	5845
1175	6969
1179	1179
1179	2001
1179	3036
1179	6361
118	118
1180	1474
1180	1656
1180	1875
1180	2586
1180	2616
1180	3117
1180	4157
1180	4537
1180	7884
1180	8007
1180	9046
1182	1352
1182	4849
1182	6511
1186	5740
1186	7027
1186	7363
119	1463
119	4188
119	9595
1190	1341
1190	5283
1193	2046
1196	1583
1196	3054
12	12
12	349
12	6139
120	1568
120	1747
120	2718
120	3234
120	3342
120	4107
120	6148
120	6453
120	8701
1203	1450
1205	1205
1205	3735
1205	4519
1205	5492
1205	5567
1205	7615
1205	8585
1205	9521
1205	9741
121	121
1213	9336
1217	1217
1217	1950
1217	3034
1217	6334
1217	8188
1217	8359
1217	8911
1217	9689
122	262
122	3964
122	8537
1220	4009
1221	5206
1224	1224
1224	1754
1224	4925
123	3699
123	4995
123	8725
1232	1951
1232	3657
1232	4552
1232	5191
1232	5547
1232	5561
1232	6067
1232	7477
1232	7568
1232	8737
1232	8925
1232	9144
1232	9207
1232	9487
1232	9851
1233	2466
1233	6907
1233	7046
1234	1234
1234	4606
1236	6471
1237	3929
1238	1238
1238	1826
1238	4776
1238	9052
1239	1239
1239	2683
1239	5089
124	1003
124	1327
124	1405
124	153
124	1682
124	2029
124	2229
124	3470
124	4286
124	5057
124	6392
124	7252
124	8947
124	9458
1247	2668
1247	3324
1248	1486
1248	2295
1248	3529
1248	5076
1248	5695
1248	7169
1248	7348
1248	9210
1252	3488
1252	4201
1252	8229
1252	8999
1255	4432
1255	8633
1257	2529
1259	2371
1259	3262
126	1221
126	126
126	3753
126	392
126	8092
126	8888
1267	2442
1267	4469
1267	6862
1267	7101
1267	9015
1267	9666
127	2198
127	2790
127	3491
127	3602
127	4472
127	5996
127	6550
127	6799
1272	5912
1272	9816
1273	1277
1273	4479
1273	4539
1273	5445
1273	6356
1273	7070
1273	9276
1276	2783
1276	3565
1277	6423
1277	7070
1278	5663
1278	6879
1280	7210
1280	8412
1281	2635
1281	7488
1287	1287
1288	1449
1288	3776
1288	4202
1288	4818
1288	5260
1288	5884
1288	7626
1288	7843
1288	9119
1289	1289
1289	1512
1289	1521
1289	1710
1289	2055
1289	3559
1289	3654
1289	3884
1289	3953
1289	3975
1289	4106
1289	4189
1289	4300
1289	4430
1289	5249
1289	7098
1289	7279
1289	7838
1289	8781
1289	9728
1290	1290
1290	2677
1290	6819
1292	5335
1292	7768
1294	1294
1294	2736
1294	8835
1294	9906
1297	1297
1297	2457
1297	5329
1300	1300
1300	7636
1303	1303
1303	9594
1303	9812
1303	9943
1304	1304
1304	2560
1304	2895
1304	3196
1304	3542
1304	4630
1304	5927
1304	6542
1304	6639
1304	7241
1304	7627
1304	8054
1304	9096
1304	9854
1304	9868
1309	1935
1312	2010
1314	2505
1314	6466
1315	4377
1316	1948
1316	3111
1316	4503
1316	4521
1316	5463
1316	5495
1316	6623
1316	7325
1316	7675
1316	8925
1316	9054
132	1462
1325	4831
1325	6630
1327	3581
1328	1328
133	133
133	2614
133	5052
1332	1332
1332	8916
1332	8949
1332	9873
1335	2642
1341	1341
1341	2298
1341	2632
1341	3064
1341	4362
1341	4483
1341	4774
1341	5030
1341	5031
1341	5283
1341	5494
1341	5848
1341	6325
1341	6431
1341	7197
1341	7469
1341	7508
1341	7544
1341	7882
1341	7971
1341	8019
1341	8252
1341	8794
1341	9103
1341	9376
1341	9699
1341	9954
1342	4950
1342	7585
1342	8055
1344	2000
1344	3257
1344	4426
1344	6686
1344	7628
1347	2310
1347	3705
1347	6206
1348	4675
135	2079
135	6747
135	9392
135	9950
1352	1352
1352	1998
1352	2918
1352	4849
1352	6511
1353	6239
1356	5386
1356	9873
1357	4385
1363	1363
1363	3408
1363	4675
1367	9579
1369	1369
1369	2027
1369	2298
1369	8699
1369	9168
1377	9829
1386	1386
1386	2318
1389	1566
1389	3061
1389	7171
1389	8523
1390	1390
1390	3955
1390	7757
1391	1391
1394	1745
14	5058
1404	2439
1404	2679
1404	3064
1404	5934
1404	7196
1404	7469
1404	7543
1405	2029
1406	1406
1406	2534
1406	4129
1406	5176
1406	7375
1408	2350
1408	4227
141	6155
1410	3033
1410	3333
1410	4048
1410	5155
1410	7948
1410	9909
1411	1809
1411	3776
1411	3888
1411	4823
1411	5771
1411	6918
1411	6955
1411	8893
1411	9029
1411	9743
1412	1412
1412	2317
1412	3845
1412	3881
1412	6543
1414	3725
1414	3807
1414	4279
1414	7734
1414	9661
1415	1415
1415	4375
1417	1417
1417	1747
1417	7712
1422	1422
1422	5613
1422	6707
1422	7624
1422	7690
1422	8616
1424	1424
1424	1437
1424	1655
1424	2307
1424	2763
1424	2811
1424	5276
1424	6311
1424	6631
1424	7049
1424	7817
1424	9961
1426	1950
1426	2472
1426	6215
1426	7428
1426	9659
143	3029
143	4386
143	453
143	7181
143	9212
1430	3006
1430	3372
1430	5129
1430	6036
1431	1431
1431	1849
1431	3502
1431	3662
1431	3704
1431	6478
1431	6540
1431	7794
1431	7921
1431	8638
1431	8763
1431	9046
1431	9522
1431	9957
1433	1433
1433	2412
1433	8642
1434	6726
1438	6062
1438	8359
1438	9459
1439	8607
1444	1908
1444	2004
1444	8199
1447	3408
1449	1519
1449	3231
1449	3715
1449	3772
1449	3928
1449	4582
1449	5260
1449	6204
1449	7626
1449	7843
1449	8621
1449	8755
1449	8911
1449	9334
1450	1450
1460	1536
1460	5216
1460	5982
1460	7560
1463	1642
1463	4188
1463	5054
1463	5524
1463	5946
1463	6170
1463	8440
1463	8774
1463	9439
1466	2000
1466	3257
1466	6324
1466	7628
147	4675
147	8942
1470	4823
1472	1472
1472	1949
1472	2570
1472	3156
1472	3443
1472	3585
1472	5004
1472	5533
1472	5844
1472	5849
1472	8547
1472	8592
1472	8654
1472	8904
1472	8991
1474	1950
1474	2471
1474	4157
1475	1475
1476	1476
1476	2365
1476	3615
1476	6907
1476	9240
1477	2298
148	1356
148	4186
148	9873
1481	8842
1484	1484
1484	2493
1484	3704
1484	3745
1484	4655
1484	9018
1484	9512
1486	5076
1490	1490
1490	2195
1490	3102
1490	3467
1490	3546
1490	9637
1492	1492
1495	2332
1495	6113
1496	5900
1496	6294
15	6964
150	3655
1500	1500
1500	1712
1500	2657
1500	9324
1507	1507
1508	1508
1508	3735
1509	1687
1509	5279
1509	6378
1509	7244
1512	4300
1512	4430
1512	8781
1512	9728
1518	2915
1518	6838
1518	6949
1519	3437
1519	3954
1519	5328
1521	4008
1521	9728
1525	3987
1525	4820
1527	1527
1529	1823
153	2029
1536	7560
1539	3071
1541	2690
1541	3497
1541	3932
1541	5009
1541	6710
1541	9476
1541	9976
1542	1793
1542	2907
1542	4701
1542	7423
1542	9806
1543	1543
1543	1880
1543	2113
1543	2515
1543	3750
1543	6017
1543	6232
1543	8183
1543	9013
1544	1544
1544	4840
1544	7006
1546	5251
1548	7086
155	1248
155	6523
155	8741
1550	1610
1550	2794
1555	6193
1556	1556
1556	1861
1556	7915
1556	9439
1559	1632
1559	2302
1559	2962
1559	2969
1559	6151
1563	1563
1563	2516
1564	1564
1565	1565
1565	9211
1566	1566
1566	8345
1566	8383
1566	8742
1568	4441
1568	6148
1569	1569
1569	4649
1569	5603
1569	5692
1569	6283
1569	8053
1569	8757
1570	1570
1570	3925
1570	5542
1570	5917
1570	9502
1572	7200
1572	8580
1574	1734
1574	4136
1574	5249
1574	8521
1574	9301
1575	1743
1575	6131
1575	7664
1575	7839
1575	8647
1575	9031
1576	1576
1576	3535
1576	5352
1576	7274
1576	8741
1578	1911
1578	2097
1578	2523
1578	2785
1578	5166
1578	5503
1578	6517
1578	6954
1578	9402
1578	9460
1578	9812
1578	9943
1579	1579
1579	2917
1579	6584
1579	8280
158	2811
158	6568
158	8764
1582	1582
1582	4443
1586	2000
1587	1587
1589	9230
159	5331
1593	4280
1593	4689
1593	7626
1593	7673
1593	7843
1593	8217
1593	9334
1595	5415
1595	6035
1595	6320
1595	6870
1595	9339
1597	5765
1597	5963
160	160
160	6801
160	9314
1603	8726
1605	1692
1605	1947
1608	1608
1608	2854
1608	5080
1608	5971
1608	8835
1610	3477
1610	5678
1610	6710
1610	7223
1610	7449
1610	8279
1610	8860
1610	9141
1618	2138
1618	3689
1618	7083
1619	1619
1620	1620
1620	2456
1622	1933
1622	2058
1622	4130
1622	4861
1622	5066
1622	6450
1625	1625
1627	8347
1630	1630
1630	4018
1631	3070
1632	4472
1632	5996
1634	2466
1634	3574
1634	5373
1634	6197
1638	7136
164	164
164	4329
1642	6170
1643	1643
1646	3015
1646	4818
1646	6349
1646	8252
1648	3613
1648	5352
1648	5740
1648	8714
1649	5730
1649	7021
1649	8249
1649	9457
1650	5509
1650	6150
1655	1821
1655	3789
1655	3841
1655	5600
1655	6311
1656	2559
1656	3257
1656	3469
1656	4104
1656	5361
1656	6686
1656	6690
1656	6804
1656	7628
1656	7698
1656	7761
1656	8242
1656	8583
1656	9046
1656	9977
1658	1658
1658	2660
1658	4653
1658	5795
1658	6420
1658	8968
1658	8977
1658	9506
1659	1659
1659	2007
1659	3651
1659	4445
1659	5463
1659	5836
1659	7168
1659	8588
166	166
166	3614
166	5478
166	5914
166	7366
166	9147
1664	1664
1664	8627
1668	2596
1668	3712
1669	4472
1669	5385
1669	5996
1669	6137
1669	9090
167	167
167	2388
167	3904
167	5313
1672	1672
1672	9669
1675	4512
1676	4340
1676	4420
1676	4479
1676	5434
1676	6465
1677	2221
1677	2573
1677	9073
1680	1680
1680	2100
1680	3426
1680	5553
1680	9398
1682	6392
1682	9526
1685	3422
1685	5107
1685	5715
1687	1687
1687	3140
1687	5279
1687	5420
1687	5797
1687	5956
1694	3870
1694	6116
1694	8992
1698	7242
17	2401
17	393
17	722
17	953
1700	1700
1700	5485
1704	1704
1704	3132
1704	3257
1704	4273
1704	6102
1704	7628
1706	1706
1706	3367
1706	5994
1706	8168
1710	3285
1710	3975
1710	4189
1710	6889
1716	1716
1716	2020
1716	2110
1716	3393
1716	3786
1716	4409
1716	5231
1716	5244
1716	5295
1716	6652
1716	7285
1717	2229
1720	1720
1722	1722
1722	2608
1722	6925
1722	6970
1722	8365
1722	9464
1724	1747
1724	2142
1724	2593
1724	3183
1724	3685
1724	4184
1724	8632
1725	1725
1725	1916
1725	6298
1726	7764
173	1248
173	7939
173	8977
1733	1733
1733	2442
1733	5767
1733	9160
1734	1734
1734	2162
1734	2658
1734	4758
1734	5773
1734	6306
1734	7561
1734	8470
1734	8521
1734	8863
1734	8864
1734	9915
1737	1737
1737	9920
1738	7839
1738	9555
1738	9590
1739	6741
1743	1743
1743	8647
1743	9031
1746	1746
1746	2279
1746	6129
1746	7021
1746	8249
1746	8933
1747	2679
1747	2718
1747	3034
1747	3234
1747	3342
1747	3750
1747	7196
1752	2342
1752	9464
1754	1754
1754	2234
1754	3302
1754	4735
1754	9961
1756	1756
1757	3525
1757	5213
1757	6483
1757	6677
1757	6982
1759	3856
176	1205
176	1640
176	176
176	3815
176	4478
176	5832
176	6286
176	8074
176	8407
176	9521
176	9741
1765	1935
1765	2900
1768	1768
1768	7697
1779	3472
1779	4686
1779	5477
1783	2139
1786	6221
1787	2418
1787	3655
1787	5771
1787	7928
1787	9540
1789	1789
1789	5254
1789	6861
1789	7591
1791	3545
1791	5238
1791	8863
1791	9329
1792	4208
1792	5009
1792	5379
1792	6710
1792	7661
1792	9476
1795	2212
1795	7621
1795	9756
1801	1801
1801	2317
1801	3997
1801	6940
1801	8560
1804	1804
1804	4019
1805	3891
1806	3378
1808	3968
1808	6738
1808	7293
1808	9805
1809	3174
1809	3888
1809	5149
1809	5464
1809	6918
1809	7356
1809	8893
1809	9748
1812	3263
1812	3651
1812	4803
1812	5359
1812	5427
1812	7038
1815	9425
1818	7534
1820	1820
1820	9183
1821	1821
1821	2806
1821	6460
1821	6788
1821	8454
1821	9624
1827	5947
1829	2776
1829	6516
1829	8191
1829	9485
1835	1835
1839	5543
1839	5891
1839	9017
1841	1841
1841	2922
1842	3490
1842	4161
1842	6263
1842	9814
1846	1846
1846	2428
1846	5242
1846	5914
1848	4211
1848	6001
1849	1849
1849	3041
1849	8638
1856	1856
1856	6462
1856	6779
1856	7374
1857	2553
1857	5518
1857	9912
1859	1985
1861	1861
1861	6051
1861	8261
1864	2391
1868	1868
1868	2356
1868	8246
1871	4068
1871	4869
1871	8208
1875	6255
1875	8380
1875	9155
1875	9603
188	2862
188	3085
188	3399
1880	3061
1880	3327
1880	6232
1880	6398
1880	6746
1880	7088
1880	7806
1880	8008
1880	8014
1880	8041
1880	8139
1880	8675
1880	9013
1880	9550
1880	9984
1881	3558
1881	3650
1881	3696
1881	5935
1881	8677
1884	4274
1885	8165
1885	9096
1893	1893
1893	2788
1893	2914
1893	3154
1893	3665
1893	3955
1893	4481
1893	5815
1893	6764
1893	6990
1893	7348
1893	7903
1893	8574
1893	8658
1893	9286
1894	3875
1895	1895
1895	3502
1895	8114
1895	9922
1904	1904
1904	5963
1904	6552
1908	2004
191	191
191	2418
191	2483
191	3130
191	7023
191	8522
1911	1911
1911	2523
1911	2718
1911	2785
1911	3034
1911	3107
1911	3369
1911	4079
1911	5411
1911	5797
1911	6517
1911	8279
1911	9402
1911	9460
1911	9812
1914	1914
1914	2944
1914	3430
1914	6322
1915	2416
1915	3226
1915	5707
1916	5463
1916	6298
1918	4421
1918	6655
1918	9122
1919	1919
1919	3734
1919	5604
1919	8447
1919	8961
1920	5398
1920	8747
1921	3697
1921	9985
1922	2138
1925	2075
1925	9295
1927	8377
1927	9065
1928	2000
1928	6523
1928	6581
1931	1931
1931	7337
1933	3177
1933	3654
1933	4130
1933	5066
1933	5655
1933	6990
1933	7823
1933	9718
1935	1935
1935	2740
1935	2900
1935	3380
1935	6981
1935	8353
1936	4000
1936	4217
1936	5551
1936	6275
1936	7104
1936	7562
1936	8815
1936	9907
1937	2921
1939	7385
1939	8242
1939	9591
194	1475
194	194
194	3121
194	3423
194	4614
194	7073
1940	1940
1940	2069
1940	4369
1940	4605
1940	6945
1940	7244
1948	2748
1948	5495
1949	2570
1949	8547
1949	8654
1949	8904
1949	8991
1950	1950
1950	2471
1950	2472
1950	3992
1950	4157
1950	4476
1950	6215
1950	7669
1950	8821
1950	9429
1950	9659
1951	1951
1951	4521
1951	5191
1951	5463
1951	7026
1951	8925
1951	9465
1952	6883
1952	7576
1953	3407
1955	4117
1958	3865
1959	1959
1959	3337
1959	4937
1959	6277
196	1012
196	196
196	2762
196	296
196	3879
196	449
196	5115
196	5155
196	5293
196	6269
196	631
196	661
196	7064
196	8235
196	9159
196	9866
1960	1960
1960	2147
1962	9876
1964	3224
1964	6981
1966	3178
197	3702
197	8909
197	9652
1975	4752
1975	6977
1989	1989
1989	2368
199	199
199	345
199	458
199	4782
1992	8316
1993	9396
1994	2734
1994	3595
1994	3651
1994	5463
1998	1998
1998	6537
1999	3991
1999	4254
1999	4887
1999	6182
1999	6939
1999	7543
1999	9401
2	6901
2000	2000
2000	2559
2000	2636
2000	2871
2000	2885
2000	3257
2000	3350
2000	3491
2000	3699
2000	3723
2000	3847
2000	4034
2000	4040
2000	4430
2000	4663
2000	4899
2000	4995
2000	6055
2000	6768
2000	7628
2000	7761
2000	7794
2000	8096
2000	8516
2000	8582
2000	8638
2000	9046
2000	9218
2000	9573
2000	9647
2000	9708
2000	9982
2001	2442
2001	3416
2001	4006
2001	4504
2001	4799
2001	5394
2001	6003
2001	6251
2001	6361
2001	6973
2001	7617
2001	8158
2001	8348
2001	8507
2002	4573
2003	2370
2003	3231
2003	5295
2003	5656
2003	6182
2003	6204
2003	6423
2003	6474
2003	7743
2003	8325
2003	8669
2003	8853
2003	9673
2006	2006
2007	2200
2007	2383
2007	6554
2007	6738
2007	6818
2007	7675
2007	8223
2007	9209
201	1175
201	2811
201	5173
2010	2010
2010	8082
2014	2014
2014	2232
2014	9615
2015	4763
2015	5369
2020	2020
2020	3423
2020	3435
2020	3852
2020	4982
2020	5244
2020	5276
2020	5717
2020	5773
2020	6564
2020	6631
2020	9961
2021	2021
2021	6426
2021	9620
2021	9812
2022	2022
2023	4333
2024	2024
2024	2604
2029	2662
2029	5997
2034	2034
2034	3783
2034	7167
2036	2036
2036	2476
2036	3804
2036	5786
2038	8588
2040	5143
2041	2447
2041	3270
2041	4648
2041	6482
2041	6746
2041	8372
2046	2257
2046	3128
205	205
205	2111
205	3697
205	6475
205	9468
2055	2055
2055	2209
2055	2225
2055	2248
2055	2529
2055	2653
2055	3152
2055	3884
2055	3928
2055	3953
2055	4106
2055	4189
2055	4300
2055	4430
2055	4896
2055	6195
2055	6286
2055	6724
2055	6889
2055	7241
2055	7296
2055	7838
2055	9346
2055	9395
2055	9447
2055	9647
2055	9892
2057	2057
2057	2632
2057	4473
2057	4483
2057	4707
2057	6474
2057	6602
2057	8019
2057	8132
2057	9699
2058	2058
2058	4130
2059	2059
2059	2262
2059	2825
2059	8260
2061	3601
2063	3804
2063	4566
2063	7133
2063	9534
2069	4369
2069	6945
2069	7867
2071	2071
2071	3776
2071	4703
2071	5380
2071	9029
2072	8026
2073	9670
2075	8336
2079	6747
2079	8421
2079	9392
208	1232
208	208
208	361
208	565
208	6675
208	8737
2084	2084
2092	5587
2092	6136
2092	6537
2097	2785
21	2138
21	4025
21	4430
21	5069
21	5673
21	7647
21	9447
21	9573
21	9892
2100	2100
2100	3278
2100	3966
2100	4285
2100	5621
2100	5646
2100	6436
2100	6697
2100	8645
2107	2573
2107	6428
2109	3652
2111	2928
2111	4074
2111	7893
2111	8992
2113	8183
2115	2536
2115	8445
2119	4378
2120	2185
2120	2317
2120	2690
2120	3078
2120	3745
2120	4856
2120	6134
2120	6412
2120	9674
2122	4189
2122	4604
2122	5295
2122	7971
2122	8325
2122	9673
2122	9699
2124	2124
2124	2749
2124	2838
2124	7864
2124	8071
2124	8615
2124	9369
2128	2128
2128	2849
2128	2975
2128	6966
2128	7082
2128	8844
2128	8898
213	213
213	5825
2130	3219
2131	5243
2134	6323
2134	6496
2137	8916
2138	3202
2138	3654
2138	3689
2138	4430
2138	5069
2138	6567
2138	6767
2138	7083
2138	7450
2138	7597
2138	9447
2138	9892
2142	3183
2142	3383
2149	5698
2151	2151
2151	2489
2151	3186
2151	5992
2151	6183
2153	3601
2162	3035
2162	8863
2163	2381
2166	6492
2167	2450
2167	8141
2168	2168
2168	2955
2168	3282
2168	3654
2168	9910
2170	4567
2172	2172
2174	6116
2176	8680
2177	4285
2177	8458
2178	7295
218	218
218	4443
218	6130
218	7047
2181	7578
2182	4503
2182	6548
2182	6962
2184	2529
2184	6710
2184	7914
2184	8167
2184	8265
2184	8938
2184	8947
2185	2690
2185	5870
2185	6710
2185	9976
2187	2654
2195	8792
2198	3491
22	22
22	2835
220	220
220	4285
220	5968
220	610
220	663
220	8153
220	8901
220	9902
2200	4470
2200	9215
2203	2203
2203	5011
2203	5082
2203	6650
2208	5771
2209	2248
2209	3152
2209	3928
2209	4430
2211	3372
2211	3955
2211	5129
2211	6089
2211	7399
2211	8197
2211	9293
2212	3781
2212	3964
2212	4245
2212	6278
2212	7621
2212	8537
2212	9465
2212	9756
2212	9882
2214	3711
2214	5001
2214	9452
2218	9701
222	222
222	237
222	621
222	6286
222	8523
2221	9073
2221	9484
2223	2565
2223	4009
2223	9120
2225	2225
2225	2653
2225	4430
2225	5997
2226	9562
2227	8826
2228	7710
2228	7715
2228	9394
2229	2229
2229	2585
2229	3152
2229	3470
2229	3949
2229	4286
2229	4430
2229	4537
2229	5706
2229	6724
2229	6889
2229	7296
2229	7646
2229	8677
2229	8947
2229	9606
2229	9834
2232	2461
2232	9615
2234	2234
2234	3141
2234	4925
2235	5286
2235	6030
2235	7057
2235	9502
224	1024
224	1595
224	2899
224	5382
224	5892
224	6870
224	7237
224	9339
2240	5340
2240	7091
2245	7428
2246	2246
2246	3112
2248	2248
2248	2328
2248	2449
2248	2529
2248	3152
2248	3178
2248	3213
2248	3337
2248	3463
2248	3566
2248	3928
2248	4379
2248	4430
2248	6195
2248	6277
2248	6724
2248	8378
2248	9349
2249	2805
2249	8865
225	7887
2250	7164
2253	3088
2253	4806
2253	6462
2253	7374
2255	6275
2255	8926
2256	7245
2256	8601
2261	2261
2262	8260
2263	2263
2263	2450
2263	8141
2265	4811
2265	5015
2265	9294
2267	3941
2267	4258
2267	5348
2267	8084
2267	8631
2267	9770
2268	2268
2268	2287
2268	4456
2268	5518
2268	7940
2268	9912
2273	7029
2273	7087
2276	8271
2279	2279
2279	7021
228	9249
2285	2490
2287	2287
2287	2885
2287	3977
2287	4008
2287	4133
2287	5669
2287	6836
2287	7794
2287	8134
2287	9912
2289	6006
2291	5855
2291	8628
2293	6345
2294	3630
2294	9222
2295	2364
2295	7577
2298	2298
2298	3515
2298	4362
2298	4483
2298	4818
2298	6602
2298	7882
2298	7971
2298	8325
2298	8933
2298	9165
2298	9168
2298	9375
2298	9699
2298	9954
230	230
2301	3423
2301	4614
2301	5561
2301	8809
2301	9549
2302	3423
231	2061
231	2153
231	3601
231	398
2310	3705
2310	6206
2314	3017
2314	6327
2316	2316
2316	2467
2316	5874
2316	6323
2316	8048
2317	4856
2318	6781
2319	2319
2319	7298
2319	7831
232	5723
232	9653
2322	5428
2327	4473
2328	2328
2330	2755
2330	3137
2332	6113
2335	2335
2335	3061
2335	3189
2335	5098
2335	6389
2335	7185
2335	8283
2338	3360
234	234
2341	2341
2341	3053
2341	4598
2341	4712
2342	8316
2344	2344
2344	6655
2344	7443
2344	9122
2347	5199
2352	2352
2354	2354
2354	7918
2364	3953
2364	7184
2367	2422
2367	8301
2369	6875
2369	9909
237	2020
237	2316
237	237
237	3189
237	3818
237	3852
237	4408
237	4521
237	4704
237	4929
237	5276
237	5292
237	5463
237	5626
237	6323
237	6496
237	6602
237	6749
237	7049
237	7817
237	8048
237	8268
237	8925
237	957
2370	7867
2371	3262
2372	3953
2372	3958
2372	7838
2372	8829
2374	2374
2376	2376
2376	2414
2376	3619
2376	4945
2376	6787
2376	8640
2376	9570
2378	2378
2379	2379
2379	3083
2379	5640
238	238
2380	4708
2380	7841
2381	2381
2383	2383
2383	4950
2383	6738
2383	8223
2386	3186
2386	6631
2386	7767
2386	9961
2388	2388
2388	6401
2391	2515
2391	8487
2392	3268
2392	7761
2392	9046
2396	8216
24	1712
24	24
24	2634
24	3288
24	427
24	506
24	5346
24	5585
24	564
24	7388
24	8437
24	9324
240	2981
240	5097
240	8253
2406	9192
2408	4903
241	4819
2415	3317
2415	4936
2415	5556
2416	2416
2416	3226
2416	4430
2416	7914
2418	3130
2418	3615
242	2120
242	2177
242	242
242	2578
242	299
242	3497
242	4285
242	456
242	6134
242	616
242	7094
242	8458
242	9233
242	9591
242	9674
242	9971
2426	2426
2426	9443
2428	2428
2428	5242
2428	5914
243	1724
243	243
243	2688
243	345
243	4184
243	5579
243	6700
243	8538
243	8632
243	9132
2436	4675
2436	8082
2437	4503
2437	5613
2437	6548
2439	2679
244	312
2442	4799
2442	5767
2443	2443
2444	2444
2444	6810
2444	7677
2447	2447
2447	3015
2447	3231
2447	3270
2447	4409
2447	5509
2447	5916
2447	6182
2447	6204
2447	6482
2447	9379
2447	9999
2448	3181
2449	2449
2449	3213
2449	3597
2449	3866
2449	4539
2449	5115
2449	5445
2449	5913
2449	6768
2449	8582
2449	8860
2449	9276
2449	9957
245	3902
2450	2450
2450	3668
2450	8141
2458	9693
2459	2459
2459	9801
2461	8770
2461	9044
2462	2462
2462	3788
2462	4011
2462	9421
2463	7394
2465	4182
2466	2586
2466	3701
2466	4802
2467	2467
2467	5874
2469	4877
2469	5038
2469	8390
2470	4265
2470	6271
2471	2603
2471	3170
2471	4038
2471	4157
2471	4316
2473	2560
2473	2895
2473	4420
2473	9868
2475	2858
2476	3204
2476	5154
2476	5786
2476	8069
2477	2477
2477	3125
2479	2479
2479	2653
2479	5685
2479	5997
2479	7335
2479	9648
248	1079
248	3118
248	5663
248	569
248	6740
248	7065
248	8814
248	9395
2480	9544
2483	2483
2483	8522
2486	2486
2486	3240
2486	3695
2486	5622
2486	9617
2489	2489
2489	3186
2492	3949
2492	4461
2492	5606
2492	8263
2492	8523
2492	9985
2493	2493
2493	2630
2493	3745
2493	3875
2493	4544
2493	4967
2493	6535
2493	7821
2493	9971
2495	7655
2495	9411
2495	9507
2496	9179
2496	9514
2497	2497
2497	9552
25	1426
25	2245
25	25
25	4666
25	5423
25	5538
25	6215
25	6861
25	7428
25	7591
250	250
250	472
2501	6197
2502	4535
2503	3436
2503	4006
2503	4799
2503	5394
2503	6251
2503	6343
2503	6973
2505	6466
2506	4791
2506	5652
2506	9575
2513	6589
2513	8242
2513	8277
2513	9591
2513	9977
2514	2928
2514	3908
2514	5623
2514	7893
2514	8037
2515	3964
2515	8537
2515	9465
2515	9882
2517	2517
2517	4706
2517	6543
2517	7012
2517	7666
2517	8039
2517	9410
2518	2518
2518	4550
2518	8008
2518	8014
2518	9298
2523	2523
2523	4835
2523	6954
2523	8248
2523	8485
2523	8929
2523	9087
2523	9812
2524	8017
2525	2922
2525	4818
2525	7971
2528	5080
2528	6214
2528	7616
2529	3152
2529	3471
2529	4289
2529	4430
2529	8947
253	253
2534	4129
2534	6260
2536	2536
2536	4841
2536	8445
2538	2538
2538	2546
2538	4457
2538	4751
2538	5393
2538	6069
2538	6132
2538	6473
2538	8179
254	1659
254	2015
254	254
254	5369
254	5684
2541	9096
2544	5481
2546	3121
2546	3973
2546	4821
2546	6473
2546	8882
2547	5667
2547	7907
2555	6851
2559	5952
2559	7698
2559	7761
2559	9046
2559	9982
2560	2560
2560	2647
2560	2895
2560	4479
2560	6639
2560	9868
2561	3638
2561	4140
2561	5062
2561	5256
2561	5451
2561	5559
2561	6497
2561	7454
2563	5025
2569	2569
2569	8198
2570	2570
2570	3242
2570	3561
2570	4558
2570	7406
2570	8547
2570	8654
2570	8904
2570	8991
2570	9533
2570	9840
2573	2573
2573	4222
2573	6428
2573	7412
2573	8322
2575	2575
2575	2956
2575	5069
2575	5906
2575	9447
2575	9892
2578	4285
2578	7967
258	2517
258	258
258	2721
258	7012
2582	8359
2585	2585
2585	8947
2585	9834
2587	2587
2587	3121
2587	3393
2587	6874
2587	7372
2587	7825
2587	8095
2588	7214
2593	8632
2596	3712
2599	2599
2599	4979
2603	3297
2603	4038
2603	4157
2605	2859
2605	5994
2605	8079
2606	2606
2606	3865
2608	6970
2611	2611
2611	5464
2611	9532
2611	9748
2614	5052
2614	8311
2616	3117
2616	4645
262	262
262	6930
262	9704
2625	4300
2625	5070
2625	7781
2625	8202
2625	9503
2627	5370
2629	2629
2630	5910
2631	7214
2632	4138
2632	4483
2632	5365
2632	6325
2633	3553
2633	4154
2634	3288
2635	7488
2636	3257
2636	4663
2639	2639
2641	6132
2645	3484
2645	4675
2647	4479
2648	5383
2648	7220
2648	8684
2648	9133
2649	3170
2649	9422
2653	3595
2653	3651
2653	5359
2653	5427
2653	5463
2653	5997
2653	7038
2653	7647
2653	8480
2653	9842
2654	2654
2655	4249
2655	9328
2656	2656
2656	3894
2656	4333
2657	2657
2657	3452
2657	5082
2657	5219
2657	5240
2657	5601
2657	6116
2657	7273
2657	8313
2657	9819
2659	7435
2660	8968
2665	4169
2666	6218
267	1955
267	384
267	4117
2674	6592
2678	4721
2678	5254
2679	3342
2679	3768
2683	2683
2683	3408
2684	9675
2686	2686
2686	4312
2686	4838
2688	4184
2688	8632
2688	9613
269	1656
269	2392
269	4104
269	4513
269	456
269	6221
269	6421
269	6569
269	6690
269	7761
269	802
269	9046
269	9977
2690	2690
2690	3715
2690	4015
2690	5009
2690	5870
2690	6204
2690	6345
2690	6507
2690	6627
2690	6710
2690	7538
2690	9119
2690	9161
2690	9476
2690	9976
2692	2928
2692	3026
2692	7876
2694	2694
2694	2852
2694	5253
2694	5566
2694	9925
2698	2698
2698	2910
2698	6961
2698	7973
2698	8058
2698	9711
27	27
27	5511
270	1444
270	1757
270	2167
270	2450
270	328
270	4218
270	4811
270	5015
270	5913
270	6075
270	6677
270	9294
2700	3169
2703	6129
2703	7949
2703	8933
2704	2704
2704	9731
2707	4294
2707	5420
2707	8835
2708	4463
2708	6185
2711	3416
2711	4504
2714	2714
2714	4570
2714	8186
2716	5171
2718	3234
2718	3750
2718	9459
2721	5849
2721	8592
2721	9766
2722	6866
2728	5846
2734	2734
2734	3651
2734	3776
2734	5359
2734	5427
2734	5463
2734	7038
2736	4130
2736	4818
2736	7971
2736	8835
2736	9655
2740	8353
2743	6122
2743	9948
2745	2745
2745	7018
2745	8765
2745	9106
2746	2746
2746	2920
2746	5258
2746	6856
2746	9238
2748	3174
2748	5542
2748	7673
2749	5874
275	6310
2752	8892
2757	2757
2758	2758
2758	5772
2762	2762
2762	2898
2762	3515
2762	4208
2762	4648
2762	4766
2762	5698
2762	5798
2762	5845
2762	5870
2762	6746
2762	6872
2762	7088
2763	2763
2763	3750
2763	5335
2763	6017
2763	6311
2763	6602
2763	8372
2764	2764
277	7861
2770	3504
2776	3931
2776	4737
2776	6516
2776	7417
2776	8191
2779	8110
2786	5857
2788	2788
2788	3154
2788	3955
2788	6764
2788	8574
2788	8658
2788	9286
28	449
28	5194
28	5845
28	996
280	280
280	4153
280	6814
2800	7512
2802	2802
2802	3697
2802	3711
2802	4472
2802	4841
2802	4946
2802	5996
2802	6475
2802	7615
2802	8585
2802	9468
2802	9815
2805	2805
2805	8865
2806	2806
2806	6192
2806	6460
2806	6465
2806	7285
281	2100
281	281
281	3278
281	3966
281	5646
281	5658
281	6351
281	7745
2811	4334
2811	6311
2813	2813
2813	3488
2813	5367
2813	5781
2813	5890
2813	8873
2814	2814
2820	2820
2820	3350
2820	3728
2820	6392
2820	7252
2820	8848
2827	7720
2828	8476
2833	2833
2833	6473
2833	8722
2834	2834
2834	5420
2836	2836
2836	7464
2836	9132
2836	9614
2838	2838
2838	5048
2838	7089
2838	7883
2838	9369
2838	9606
2839	2839
2839	9280
284	284
284	7465
2842	2842
2842	3687
2842	4425
2842	4564
2842	6390
2842	6546
2842	8889
2851	4667
2851	4868
2851	7916
2852	5566
2852	9925
2858	3393
2858	7372
2858	8206
2859	2859
2859	4346
2859	6713
286	2865
2862	3399
2866	9110
2868	2868
2868	9446
2871	8096
2872	3188
2873	7876
2873	8490
2882	8059
2882	9746
2883	2883
2883	8161
2884	4774
2884	5959
2884	7544
2885	2885
2885	3188
2885	3699
2885	3707
2885	4995
2885	5069
2885	5663
2885	7761
2885	7794
2885	9046
2885	9218
2885	9573
2891	6682
2891	7675
2892	2892
2892	8241
2895	5685
2899	3910
2899	5382
2899	5892
2899	6534
2899	7237
29	119
29	1233
29	2228
29	2536
29	29
29	369
29	4386
29	4446
29	6907
29	7113
29	8445
29	9322
29	9394
2900	8359
2901	2901
2901	7481
2902	3533
2902	4483
2902	5848
2902	8048
2902	9249
2905	2905
2905	4030
2905	5814
2905	8212
2905	9628
2907	2907
2907	9806
2909	7263
2910	7973
2910	8058
2914	2914
2914	3665
2915	2915
2915	6949
2917	3844
2917	8280
2918	7725
292	1608
292	292
292	4670
292	5546
292	668
292	7765
292	8715
292	9784
292	9952
2920	6856
2921	2921
2922	3231
2923	5951
2928	2928
2928	4074
2928	6532
2928	6997
2928	7351
2928	7481
2928	7893
2928	8992
293	293
293	7672
2931	6907
2934	9639
2934	9985
2939	8013
2939	9861
294	2160
294	2657
294	294
294	515
294	5240
294	5623
294	6058
294	9049
294	9223
294	924
294	9815
294	9947
2944	3430
2944	6322
2946	2946
2946	3696
2953	2953
2954	7145
2955	5739
2955	7324
2955	8775
2956	4292
2956	5069
2962	2969
2964	6411
297	297
297	3257
297	7130
297	7628
297	8625
2971	5886
2971	6591
2972	3015
2972	5011
2972	5082
2972	6564
2974	3496
2974	6116
2974	8980
2975	2975
2975	4437
2975	5384
2976	3657
2976	4641
2976	6319
2976	9207
2976	9487
2981	2981
2981	3365
2981	4602
2981	6176
2981	7369
2981	8253
2981	9740
2981	9900
2983	8596
2986	4562
2986	8001
299	1509
299	1656
299	2120
299	2392
299	2559
299	299
299	3268
299	458
299	610
299	7698
299	7761
299	8316
299	9046
299	9055
299	9354
299	9674
299	9977
2990	6107
2991	2991
2991	3282
2991	3537
2991	4454
2993	2993
3002	3052
3002	3104
3002	3243
3002	6081
3004	3004
3006	3006
3006	6036
3006	6582
3009	3009
3009	3528
3013	4732
3013	6726
3015	3772
3015	4582
3015	4774
3015	4818
3019	7727
302	302
302	3644
302	4984
302	7276
302	9502
3025	3025
3025	8172
3026	9152
3029	7530
3029	9212
303	1056
303	303
303	3620
303	3914
303	6082
3033	4777
3033	5881
3034	3704
3034	7196
3035	6306
3038	3851
3039	3039
3042	3042
3042	4605
3042	7587
3042	7662
3042	8957
3043	3043
3051	3051
3051	8621
3051	9616
3052	3243
3057	6052
3057	8732
3057	9815
306	306
306	9281
3061	6398
3061	7185
3061	9249
3061	9760
3062	9472
3064	7469
3064	8794
3064	8845
3068	3068
3068	3370
3068	7396
3068	7842
3068	9600
307	307
3071	3071
3071	3077
3081	4691
3081	4743
3084	4172
3084	4428
3088	4806
3092	6924
3099	3714
3099	7930
310	3740
310	5495
310	6605
3107	6051
3108	3108
3108	4217
3108	6798
3111	3111
3111	6256
3111	6623
3111	7325
3111	7439
3111	9054
3112	6221
3115	5321
3117	3117
3117	3565
3117	6568
3117	9173
3118	5663
3121	4447
3121	7097
3121	8882
3123	5978
3125	9205
3128	8513
3128	9912
313	1933
313	3654
313	4130
313	5655
313	7823
313	9718
3130	3411
3130	7023
3132	9059
3137	3137
3137	3941
3137	5352
3137	5550
3137	6523
3137	6738
3137	7875
3138	3138
3139	6473
3140	8835
3141	4925
3141	9999
3142	8404
3143	9126
3143	9915
3149	8435
315	1573
3152	3285
3152	3928
3152	4189
3152	4430
3152	6286
3152	6724
3152	6889
3152	7268
3152	8367
3152	9346
3152	9965
3154	3154
3154	3955
3154	5815
3154	6764
3154	8574
3154	8606
3154	8658
3154	9286
3156	5004
3156	7651
3156	8472
3156	8895
3163	3163
3163	5716
3164	7845
3170	3170
3170	3931
3170	9422
3172	3196
3172	5025
3172	6542
3172	8054
3174	7673
3174	8225
3174	9748
3178	3566
3178	4379
3178	6455
3178	6570
3179	3179
3179	4479
3179	4766
3179	5161
3179	5163
3179	5244
3179	6274
3179	6349
3179	6423
3179	6789
3179	7158
3179	8575
3179	9103
3182	8494
3183	3383
3183	5357
3183	5773
3183	8446
3183	8978
3187	3187
3187	8316
3187	8587
3188	3529
3188	3707
3188	5309
3188	7037
3188	8559
3188	9615
3189	3189
3189	4408
3189	4636
3189	5945
3189	6127
3189	6323
3189	6496
3190	5646
3190	7745
3190	8877
3195	4333
3196	5927
3196	6542
3196	8054
3198	4769
3198	5367
3198	5855
3198	7967
3198	8024
3198	9255
3198	9524
3202	3689
3202	6567
3202	7450
3202	7597
3202	8552
3204	7657
3206	3206
3206	7552
3207	3207
3207	7057
3210	4405
3210	6663
3212	9214
3213	3350
3213	9957
3216	5115
3221	6280
3221	7407
3223	3223
3223	8641
3225	3225
3225	7938
3225	8584
3225	9523
3226	3226
3226	7784
3230	4499
3231	4340
3231	4364
3231	6035
3232	3232
3232	6083
3232	6502
3232	7438
3233	3233
3233	6670
3234	6453
3234	8701
3237	7967
3242	3561
3242	8991
3242	9840
3243	3243
3243	6081
3245	4464
3245	5685
3245	6035
3247	4399
3247	6371
3247	8315
3247	8978
3254	4640
3254	5258
3255	3723
3257	4426
3257	4663
3257	4811
3257	5015
3257	5178
3257	6686
3257	7628
3257	9046
3257	9294
3257	9708
3263	5359
3268	7761
3268	9354
3270	4409
3270	5245
3270	6482
3273	3723
3274	7194
3278	5646
3278	6436
3281	7564
3281	8277
3282	4006
3282	4334
3282	4414
3282	5936
3285	4189
3290	6248
3290	6569
3290	8789
3297	6523
3299	6589
3299	8949
3300	6850
3306	5679
331	1801
331	2517
331	8039
3310	5967
3317	3647
3317	5556
3317	8248
3318	6898
3318	9173
3320	3320
3320	7363
3320	7966
3327	6398
3327	9013
3332	3552
3332	5922
3332	5979
3332	6322
3332	7405
3333	4048
3333	7948
3337	4379
3337	6277
3339	3339
3339	6063
3339	7377
3339	8687
334	4976
3340	8948
3342	3768
3342	9559
3345	3345
3345	4407
3345	5223
3345	6149
3350	3728
3350	4093
3350	4155
3350	4430
3350	4484
3350	5027
3350	5332
3350	5913
3350	7252
3350	7591
3350	8096
3350	8582
3350	8860
3350	9938
3355	3355
3358	3358
3365	3365
3365	3986
3365	4602
3365	9740
3369	4079
337	5968
337	679
337	9658
3370	3370
3370	6079
3370	6709
3370	9600
3372	3372
3372	5129
3372	6036
3374	9385
3378	4445
3378	5335
338	2652
3380	6981
3385	5659
3391	3777
3391	4000
3391	5223
3391	5490
3391	7562
3391	9966
3393	3393
3393	4409
3393	5216
3393	6204
3393	6874
3393	7372
34	34
34	5468
340	4467
340	6274
340	6423
340	8044
340	8669
340	8853
3405	7935
3405	8983
3405	9232
3407	3865
3407	5603
3407	8053
3407	8757
341	3491
341	419
341	8438
341	8527
3411	3615
3411	9240
3413	3413
3413	8705
3415	5815
3415	6265
3415	7903
3416	4504
3420	7493
3422	4569
3423	3423
3423	3852
3423	4614
3423	4707
3423	5398
3423	5561
3423	6602
3423	7049
3423	7073
3423	7392
3423	8809
3423	8826
3423	9549
3423	9851
3423	9961
3424	5811
3424	5816
3426	5124
3430	6322
3435	5244
3435	7297
3437	3437
3437	4894
3437	5328
3437	6053
3437	7032
3437	9041
3439	3439
3439	5958
3439	8503
3439	9675
3442	3567
3442	3854
3443	5844
345	1747
345	2718
345	2836
345	3034
345	3234
345	3342
345	345
345	3750
345	4184
345	4371
345	458
345	4782
345	5491
345	6017
345	7223
345	7244
345	7464
345	799
345	8279
345	9056
345	9132
345	9459
345	9614
345	9770
3452	3452
3452	3525
3452	5130
3455	7242
3458	7982
3458	8966
3463	6342
3463	8378
3463	9349
3468	3468
3470	3696
3470	5509
3470	9379
3472	5477
3474	3474
3474	4587
3474	6089
3474	7681
3474	8235
3476	4954
3477	3477
3477	6768
3477	8582
3477	8860
3478	7857
3484	5678
3487	3487
3487	7071
3488	5781
3488	5890
3489	7956
349	1656
349	5361
3490	3881
3490	4161
3490	6149
3490	6263
3491	3491
3491	3497
3491	3602
3491	4215
3491	5215
3491	8346
3491	8770
3491	9679
3496	3496
3496	4934
3496	8391
3496	8980
3497	4707
3497	5009
3497	5379
3497	6102
3497	6710
3497	7579
3497	9476
3497	9679
3497	9976
3499	3499
3499	7348
350	1936
350	4217
3502	3547
3502	6721
3502	9922
3504	3504
3504	5990
3504	9072
351	351
351	3674
351	3881
351	5706
351	5780
351	6901
351	8003
3512	8660
3512	8785
3512	9044
3513	3513
3513	7675
3515	6602
352	2212
352	5301
352	691
3523	4735
3523	5398
3525	3525
3525	5082
3525	5587
3525	6982
3525	7242
3529	3870
3529	5663
3529	6047
3529	7794
3529	8980
353	3821
3530	3530
3530	3932
3530	5009
3531	7835
3533	8843
3536	5546
3537	3537
3537	4454
3537	5787
3537	9424
3538	7097
3538	8523
354	2479
354	354
354	4521
354	4765
354	5463
354	5997
354	6456
354	7335
354	749
354	8513
354	8523
354	8870
354	8875
354	8925
354	9648
3541	3541
3541	3647
3541	6746
3541	7395
3541	7806
3541	8041
3541	9550
3542	7107
3544	9125
3545	3933
3545	4805
3545	9329
3545	9991
3547	3571
3547	5646
3547	5658
355	355
3553	3553
3553	4154
3557	3688
3557	8938
3557	9859
3559	3559
3559	4300
3559	5838
3561	4558
3561	8991
3561	9533
3561	9840
3565	4033
3565	4645
3566	6455
357	1148
357	2344
357	357
357	4541
357	7443
3570	4643
3574	5373
3576	3576
3576	4219
358	5784
358	5995
3581	6774
3582	3582
3582	8469
3585	8059
3586	8593
3586	9814
3586	9970
3593	3884
3593	3953
3593	4106
3593	4300
3593	4430
3593	4896
3593	7838
3595	3595
3595	3696
3595	4025
3595	4245
3595	5463
3595	5685
3595	5997
3595	6445
3595	7623
3595	7626
3595	7647
3595	7843
3595	9842
3597	3866
3597	9490
3598	6308
36	36
36	4671
36	7637
36	7853
3600	6632
3600	7546
3600	8316
361	565
3612	4476
3612	5736
3612	7669
3613	4352
3613	8714
3615	5771
3615	8278
3615	9240
363	3142
363	8404
3630	4135
3630	4950
3630	9222
3632	6512
3636	7359
3638	4480
3638	5559
3638	7330
364	1280
364	7210
3641	4403
3641	7309
3644	4430
3644	4896
3644	5495
3645	7482
3647	8248
365	3753
365	5206
365	7721
365	8888
3651	5359
3651	5427
3654	4125
3654	4130
3654	4300
3654	4430
3654	5673
3654	6402
3655	3655
3655	5771
3655	7111
3655	9156
3656	8781
3657	5103
3657	6067
3657	6446
3657	6826
3657	9207
3657	9487
3659	3659
3659	5834
3659	9913
366	1118
366	1680
366	1710
366	1881
366	2122
366	3009
366	3118
366	3152
366	3528
366	3650
366	366
366	3928
366	4189
366	4430
366	492
366	5663
366	569
366	5935
366	6889
366	693
366	6948
366	8677
366	8947
3668	3668
367	1842
367	3586
367	8593
367	9004
367	9814
367	9970
3673	3673
3674	3674
3674	5706
3674	5780
3677	7925
3677	8426
3682	3682
3682	7536
3687	3687
3687	3800
3687	9448
3687	9809
3688	3688
3688	4340
3688	8938
369	1747
369	2718
369	2931
369	3234
369	3342
369	3750
369	6907
3691	7878
3691	9436
3695	9617
3696	5292
3696	8105
3697	4472
3697	5522
3697	6577
3697	7346
3697	9468
3697	9985
3699	4995
3701	3701
3701	4802
3701	5423
3701	6197
3701	9283
3702	3702
3702	8909
3702	9059
3702	9652
3704	3969
3704	7196
3705	3705
3705	6206
3706	7732
3706	7800
3710	3710
3710	5173
3711	5001
3715	3772
3715	4015
3715	4172
3715	6204
3715	6345
3715	9307
3717	3761
3717	5696
3717	6282
3717	6449
3717	6468
3717	7757
3717	8091
3717	9025
3718	3718
3718	3928
3718	5792
3718	6884
3718	9741
372	399
372	5552
3723	3723
3725	4279
3725	7734
3728	7252
373	2057
373	2355
373	5295
373	6474
373	8325
373	9505
373	9673
373	9732
3732	3732
3732	6434
3732	6476
3734	8447
3735	7615
3735	8585
3738	5295
3738	6474
3738	8325
3738	9119
3740	4300
3740	9485
3743	3743
3744	3744
3745	3875
375	4654
375	6528
375	9048
3750	4463
3750	6017
3750	6907
3753	3753
3753	5206
3753	5563
3753	7721
3753	8888
3761	3761
3761	6282
3761	9025
3769	4687
3771	3771
3772	3772
3772	4015
3772	4582
3772	6204
3772	7843
3772	9199
3773	7684
3776	3776
3776	4202
3776	4340
3776	4818
3776	5260
3776	5884
3776	7843
3776	9029
3776	9119
3778	4012
3778	4129
3778	5425
3778	8297
3781	6278
3781	7621
3782	3782
3782	4635
3782	5287
3782	5300
3782	9796
3784	3784
3784	6593
3786	9097
379	2631
379	559
3790	3790
3796	9448
3798	4288
3798	5206
3798	5555
3798	5794
3798	6094
3798	7272
3798	7535
3798	7721
3798	8500
3798	8888
3800	3800
3800	9448
3804	7133
3804	9534
3807	3807
3807	9661
3814	8355
3815	3815
3815	5481
3815	5980
3817	3817
3817	4491
3817	6044
3817	7130
3817	8625
3818	5626
3818	8287
3831	6912
3831	7675
3834	3834
3834	6835
3837	3955
3838	5542
384	1318
384	1933
384	1955
384	384
384	4271
384	4787
384	5191
384	552
384	561
384	5731
384	6116
384	6213
384	7823
384	8096
384	848
384	9440
384	9718
384	9734
3841	5600
3844	4244
3844	7845
3845	6163
3847	4430
385	5280
385	6275
385	7481
385	9156
3851	3851
3851	8271
386	1237
386	3929
3863	4756
3865	3865
3866	9490
387	387
387	6985
3870	5352
3870	6523
3870	8741
3872	9780
3875	4702
3878	7792
3879	5115
3879	6684
3879	7064
3881	4161
3881	6149
3881	9342
3884	4300
3884	4430
3884	4896
3884	6286
3884	8816
3888	5149
3888	6918
3888	6955
3888	7356
389	3013
389	389
389	4732
389	6726
3894	5364
3897	4225
3897	7562
3897	9497
3904	3904
3904	5134
3904	5258
3904	5313
3909	3909
3909	7660
3915	4908
3919	3919
392	3753
392	5563
392	7721
392	8092
3928	4537
3928	5792
3928	6286
3929	5474
3929	6816
3929	9666
393	1627
393	2467
393	3350
393	3426
393	393
393	408
393	5433
393	5874
393	6392
393	722
393	8324
393	8347
393	9294
393	9458
3930	3930
3930	5672
3931	3931
3931	7710
3931	9394
3932	3932
3932	5009
3932	5379
3932	6710
3932	9476
3932	9976
3933	9329
3936	7874
3936	8995
3939	4425
3939	4462
3939	7874
3939	8995
3939	9223
3941	5352
3941	6523
3948	3948
3948	7046
3950	3950
3950	6889
3953	3953
3953	4106
3953	4300
3953	4430
3953	7838
3953	8829
3954	3954
3954	6885
3954	7632
3954	8279
3954	8911
3954	9242
3955	3955
3955	6764
3955	8658
3955	9286
3958	5838
396	2020
3964	3964
3964	4100
3964	4430
3964	4552
3964	5472
3964	7026
3964	7354
3964	7395
3964	8537
3964	8664
3964	9465
3964	9817
3964	9882
3966	5390
3966	5621
3970	9083
3975	3975
3975	4189
3977	3977
3977	4133
3977	6836
398	2061
398	3601
3986	4602
3987	4820
399	399
399	5552
3991	3991
3991	7543
3995	3995
3995	5807
3997	8560
3998	3998
3998	5647
40	1175
40	1220
40	201
40	2307
40	40
40	4280
40	5173
40	5335
40	6969
40	7768
40	7939
40	902
4000	5786
4000	7562
4006	4799
4006	5394
4006	6251
4006	6973
4006	7064
4007	4007
4007	4169
4007	4824
4007	7242
4009	7914
4011	9421
4012	4012
4012	4132
4012	5463
4014	4014
4015	6204
4016	4016
4018	5107
4018	8077
4019	4019
402	1081
402	1312
402	2010
402	4399
402	6371
402	6917
402	8359
402	8978
402	9313
402	9689
4025	7647
4027	9630
4029	4029
4029	9280
403	2565
403	9120
4030	5814
4030	6397
4030	8212
4030	9628
4033	4645
4034	5838
4037	4472
4037	4841
4037	6104
4037	6434
4037	6476
4037	6541
4037	7530
4037	8046
4037	8953
4037	9815
4038	4157
404	1069
4048	5415
4048	7948
4049	5724
4049	8581
4052	4052
4052	6703
4056	4056
4056	5160
4056	6414
4056	9431
4056	9501
4062	9752
4065	4065
4066	7606
4067	8190
4068	4869
4068	6168
4068	8208
4069	5692
4069	8106
407	3861
407	407
407	8727
407	9708
4074	4074
4074	4943
4074	6532
4074	7351
4074	7893
4076	4076
408	1543
408	1704
408	1948
408	2149
408	2298
408	2316
408	2467
408	2515
408	2762
408	2898
408	4273
408	4322
408	449
408	4527
408	4766
408	4783
408	5256
408	5495
408	5698
408	5798
408	5874
408	6294
408	713
408	7141
408	7715
408	866
408	9159
408	9168
408	9375
408	9424
408	9464
408	996
4082	5543
4093	5027
4097	4240
410	1933
410	3034
410	4130
410	5655
4100	9934
4104	4104
4104	4513
4104	6421
4104	9046
4106	4300
4107	6148
4115	4115
4116	4116
4116	9029
4122	4122
4123	4123
4124	4124
4124	9634
4127	5675
413	1428
413	497
413	579
413	666
4130	4799
4130	5066
4131	8971
4133	4133
4133	6175
4133	6836
4134	4134
4136	5249
4136	6877
4137	4237
4137	7239
4138	4750
4138	5365
4138	8853
414	3904
414	414
414	7616
4140	7454
4146	4146
4146	4935
4146	8381
4155	5796
416	2473
416	434
416	497
4161	7794
4161	8096
4161	9573
4162	4162
4162	4265
4162	4319
4162	4905
4162	7274
4162	8326
4166	5005
4166	8718
4169	4825
4171	4171
4171	5356
4171	9101
4172	4172
4172	4428
4173	4173
4177	8778
4182	7827
4182	9498
4183	4183
4186	9873
4188	4188
419	1893
419	2914
419	4481
419	4567
419	8394
4197	4380
4197	4571
4197	8702
4198	4967
420	3530
420	3932
420	420
420	5613
4201	4201
4201	8229
4202	4409
4202	4818
4202	5260
4202	5295
4202	6345
4202	7843
4202	8033
4202	8325
4202	9119
4205	5484
4205	7686
4207	7596
4208	5632
4208	7661
4211	4211
4211	5315
4211	5994
4211	6001
4215	4535
4215	6686
4217	4217
4217	5012
4217	5551
4217	7104
4217	7510
4225	5786
4229	5840
4229	6085
4242	5454
4242	5488
4242	5837
4244	7845
4245	4245
4245	4420
4245	5295
4245	5997
4245	6474
4245	7626
4245	8325
4245	8681
4245	9673
4249	4249
425	1583
425	4712
425	7952
425	8717
4254	4591
4254	5909
4258	5348
4258	8084
426	5390
426	8817
4260	4861
4261	8515
4263	4567
4263	8394
4265	8326
427	2657
427	3398
427	4476
427	5585
427	6215
427	6323
427	8874
4270	7029
4271	5191
4276	5440
4279	7734
4280	4280
4280	4689
4280	6605
4280	7626
4280	7843
4280	8217
4284	6243
4285	4285
4285	5373
4285	7094
4285	7550
4285	8458
4285	9233
4285	9902
4285	9971
4288	4288
4288	6094
4288	7272
4288	8500
4290	4290
4290	5597
4292	5069
4294	4294
4294	4949
4295	4295
4296	4296
4296	9232
43	1519
43	1747
43	2718
43	3234
43	3342
43	345
43	3750
4300	4300
4300	4430
4300	5260
4300	5884
4300	7241
4300	7838
4300	9728
4307	4307
4307	4780
431	431
431	4463
431	4500
431	5823
431	5948
4312	4838
4314	6555
4316	5404
4316	6477
4316	8399
4319	4905
4319	8326
4320	4320
4320	5964
4320	9224
4322	6342
4322	6855
4325	4325
4328	5208
4328	7939
4330	4330
4333	4565
434	1885
434	2473
434	2736
434	4409
434	497
434	5244
434	579
434	610
434	666
4340	7070
4340	9859
4352	7607
4352	8714
4356	6700
4362	4483
4362	5030
4362	5848
4362	7882
4362	7971
4362	8663
4362	9954
4364	5415
4364	6035
4364	6132
4369	6945
4371	9614
4373	5408
4373	6497
4374	4374
4377	6724
4379	6277
4379	8635
4380	4571
4385	4385
4385	6346
4391	7295
4399	6371
4403	7309
4407	4790
4408	6127
4408	6496
4409	5245
4409	8033
4409	8966
4412	7689
4414	4414
4414	4834
4419	4419
4420	4420
4421	6655
4425	4462
4426	4861
4426	5178
4430	4430
4430	4445
4430	4877
4430	4894
4430	4896
4430	5038
4430	5069
4430	5399
4430	5472
4430	5673
4430	5685
4430	6195
4430	6286
4430	6639
4430	6918
4430	7241
4430	7296
4430	7304
4430	8488
4430	9346
4430	9395
4430	9447
4430	9573
4430	9647
4430	9728
4430	9741
4431	5533
4431	6938
4432	8633
4435	4435
4437	4437
444	4430
444	5617
444	7056
444	719
444	8390
4443	5183
4443	6130
4443	7047
4443	8783
4445	6451
4446	5701
4446	7113
4446	7640
4454	5787
4454	9424
4456	7940
4456	9912
4457	8410
446	6994
4461	8263
4463	6788
4463	9624
4464	5685
4464	6345
4464	9963
4465	4841
4465	6059
4466	4466
4466	6003
4466	7617
4466	8316
4467	4467
4467	6449
4467	6636
4467	7757
4468	6139
4469	6862
4469	9666
4472	4841
4472	5996
4472	6550
4472	8046
4472	9468
4472	9815
4473	4473
4473	6349
4473	6423
4473	8845
4476	6323
4476	6440
4476	7669
4476	8874
4478	8074
4478	8407
4479	6356
4479	7070
4479	7197
4479	9433
4481	4481
4481	4567
4481	6429
4481	8394
4483	4483
4483	4818
4483	5494
4483	5848
4483	6431
4483	7882
4483	7971
4483	8019
4483	8080
4484	6765
4484	6861
4484	7591
4484	9938
449	2041
449	2547
449	2762
449	3270
449	3593
449	449
449	5194
449	5667
449	5845
449	621
449	6286
449	6746
449	7241
449	7907
449	9159
449	996
4491	8625
4492	4999
4492	5118
4492	6387
4492	7501
4497	6027
4497	6109
4499	4499
4499	7803
4500	5098
4500	6525
4500	9034
4502	6380
4502	7331
4502	9434
4503	6002
4503	6918
4503	8397
4503	8915
4503	9066
4503	9381
4509	4834
4515	6991
4517	5547
4517	7673
4519	5567
4519	8585
452	2528
452	2783
452	3290
452	6609
452	7616
452	778
452	8887
4521	4521
4521	4704
4521	5463
4521	5626
4521	5997
4521	7026
4521	8216
4521	8925
4527	9122
4528	4528
453	1880
453	9494
4532	8802
4535	7330
4536	7085
4537	6204
4537	9046
4537	9500
4539	5445
4539	9276
4539	9902
4541	5260
4541	5916
4542	4542
4543	4543
4543	7766
4544	4936
4550	4550
4552	7568
4555	6638
4557	8779
4558	9533
4558	9840
456	1180
456	2559
456	3497
456	456
456	6102
456	6134
456	7698
456	7761
456	7794
456	9046
456	9218
456	9679
456	9977
4562	8001
4566	9534
4567	8394
4578	7076
458	4782
458	6886
458	8163
4585	4585
4585	6311
4585	6934
4585	9622
4587	8235
4589	4589
4591	4591
4591	5909
4600	4600
4600	5771
4601	5745
4601	5811
4601	7643
4604	7971
4604	8325
4604	9165
4604	9699
4605	7244
4605	7662
461	1369
461	2027
461	589
461	8699
461	880
461	9168
4611	4611
4615	4615
4617	9593
4618	4618
4618	5217
462	2059
462	2262
462	8260
4624	6186
4626	4744
4626	7656
463	2163
463	2381
463	2557
463	5443
463	7541
463	8495
4634	9868
4635	5300
4639	4739
4639	6479
4641	6319
4648	5666
4653	8968
4654	4654
4654	5784
4654	5995
4654	8606
4655	9512
4667	7916
4670	4670
4670	9876
4671	7637
4675	7078
4675	8082
4675	8942
4677	5771
4684	4684
4684	5902
4684	7219
4684	7422
4686	5477
4689	5845
4689	8217
4689	9648
4691	4743
4693	9280
4699	5446
4699	5533
4699	6901
4699	6938
4699	8003
47	1895
47	3049
47	6954
47	9812
470	3964
470	4734
470	5098
470	6319
470	6525
470	7354
470	7395
470	809
470	9037
470	9093
470	9817
4701	9806
4702	5403
4702	5543
4703	5542
4704	8268
4705	4705
4706	4706
4706	4759
4706	7666
4707	6602
4707	6710
4708	7841
471	796
4721	4721
4721	4921
4734	7214
4735	4925
4735	5398
4735	6715
4735	7695
4735	8747
4735	9736
4739	5585
4739	6479
4742	6265
4742	6528
4742	9048
4745	4745
4748	4748
4748	4769
4748	7906
4748	7967
475	2844
475	5505
475	755
4750	5106
4752	4752
4752	6977
4752	7267
4759	7666
476	2170
476	3445
476	794
476	845
476	9046
4763	5369
4766	6966
4766	8151
4766	8575
4766	9250
4767	7008
4767	9269
4769	4769
4769	5855
4769	5969
4769	6123
4769	7967
4769	8024
4769	8999
4769	9255
4769	9524
4774	4818
4774	6349
4774	7197
4774	7544
4774	8033
4774	8252
4774	8794
4776	4776
4779	8744
4783	4783
4783	5692
4783	6775
4783	7710
4783	7715
4783	8505
4791	5652
4791	7103
4791	9575
4792	4792
4796	5637
4799	5394
4799	6251
4802	7471
4811	5015
4811	9294
4818	5494
4818	6345
4818	6349
4818	7538
4818	7971
4818	7982
4818	8325
4818	9119
4818	9165
4818	9699
4818	9963
482	4052
482	482
482	6703
4822	4874
4823	5771
4823	7536
4823	9222
4824	7388
4825	4825
4827	5284
4827	8702
483	483
4831	8078
4831	8140
4831	8455
4836	4836
4836	6503
4836	6920
4841	4841
4841	5144
4841	6104
4841	7530
4841	8445
4844	4844
4844	8566
4855	8866
4856	6204
4858	6042
486	486
4860	4860
4860	5612
4861	5178
4861	6417
4861	7348
4861	9417
4867	5941
4868	7253
4869	4869
4869	6168
4869	8208
487	1211
4877	4877
4877	5038
4877	8389
4877	8390
4879	4879
4879	6245
4879	8236
4886	4886
4887	4887
4887	9401
4894	4894
4894	5328
4894	5490
4894	7876
4894	8163
4894	8488
4894	8669
4894	9966
4898	8692
4899	4899
4899	5682
4899	7214
4899	7360
49	1702
49	634
49	8728
490	3089
490	4049
490	4447
490	490
490	5724
4905	4905
4905	6942
4905	7687
4905	7975
4909	4909
4909	5538
4909	6019
4916	6174
4916	6377
4916	9880
492	1289
492	1365
492	3212
492	3975
492	4189
492	492
492	758
492	8781
4921	6107
4921	7223
4925	5398
4925	6432
4930	4930
4930	4980
4930	9143
4934	6551
4934	8391
4934	8980
4935	8381
4936	7812
4936	8452
494	1129
494	1676
494	1716
494	2041
494	2884
494	3015
494	3270
494	4202
494	4818
494	6349
494	654
494	6638
494	6652
494	6962
494	7197
494	7971
494	8252
494	8966
4943	6532
4950	4950
4950	5057
4950	7265
4950	7585
4950	8055
4950	9521
4954	4954
4958	4958
4959	4959
4959	7140
497	1428
497	2473
497	2541
497	2560
497	2736
497	2895
497	666
497	8835
497	9096
497	9655
497	9868
4985	5221
4988	4988
4989	8414
4999	4999
4999	6387
5002	5002
5004	5004
5009	5009
5009	5379
5009	6710
5009	9476
5009	9976
5011	5082
5019	5778
5022	6928
5024	5024
5024	9951
5025	5778
5025	5936
5025	8663
5025	9121
503	1063
503	2866
503	503
503	7230
503	7296
503	7646
503	7648
503	842
503	9110
5036	5589
5042	5042
5042	5051
5042	6173
5047	6338
5047	9501
5048	7883
5048	9369
505	2653
505	2739
505	3595
505	7647
5051	6173
5057	6392
5058	5058
5058	7926
506	1160
506	1500
506	1647
506	1712
506	2322
506	506
506	5428
506	564
506	7388
506	8437
506	9324
5062	5256
5062	5408
5062	6497
5064	5064
5064	9292
5069	5069
5069	5673
5069	5906
5069	9447
5069	9892
5070	5070
5070	5581
5070	7781
5070	8202
5078	8509
5078	8892
508	1064
508	2100
508	2392
508	3278
508	3966
508	508
508	5646
508	5739
508	6697
508	7761
508	8490
508	8753
508	9402
508	9812
5080	6387
5082	6650
5088	6320
5088	8023
509	2569
509	3649
509	509
509	5354
509	5571
509	6223
509	8198
509	8946
509	954
5097	8253
5098	6430
5098	6525
5098	6710
5098	6770
5098	8283
51	1449
51	2690
51	3497
51	51
51	5546
51	5870
51	6204
51	668
51	6710
510	2885
510	9708
510	9987
5102	6116
5103	9207
5103	9487
5106	6423
5115	5115
5115	7064
5115	9984
5118	6387
5129	6001
5129	6036
5130	7349
5132	7680
5144	5144
5144	5404
5144	5690
5144	7530
5144	9558
5149	6523
5149	7495
515	5163
515	6058
515	9223
515	924
515	9947
5150	6638
5150	9698
5155	5293
5156	5156
5156	5338
5156	5823
5160	6414
5161	6274
5166	5166
5172	5172
5172	5273
5172	9996
5176	7375
5177	8236
5178	5178
5187	5187
5187	5398
5187	9481
5191	9806
5199	6136
5199	7209
5199	9102
52	4321
52	52
52	8066
520	520
520	6161
520	808
520	9232
5206	7721
5206	8082
5206	8888
521	1205
521	2214
521	3711
521	4465
521	5001
521	6059
5213	5587
5213	6887
5213	6982
5215	5215
5215	5446
5215	5954
5215	6901
5215	8826
5215	8989
5216	5216
5216	5982
5217	5217
5217	9477
5223	5733
523	523
5230	5474
524	1061
524	524
5242	5914
5245	8853
5247	5677
5249	6877
5254	5254
5254	6550
5254	6799
5254	6891
5256	5698
5256	6497
5256	7354
5256	7853
5258	5258
5258	5519
5258	6768
5258	8638
5258	8860
5258	8905
5260	5260
5260	5884
5260	7626
5260	7843
5268	5962
5273	9996
5276	7049
5276	7817
528	528
5280	7161
5280	9156
5282	8422
5284	8702
529	2476
529	3391
529	3490
529	3881
529	4161
529	5762
529	6263
529	8069
5292	6749
5292	7817
5292	9867
5293	8517
5295	5295
5295	6423
5295	6474
5295	7743
5295	7971
5295	8325
5295	8669
5295	8853
5295	9119
5295	9505
5295	9673
5295	9699
53	4882
53	53
53	9691
530	1472
530	1706
530	2776
530	3931
530	4737
530	5849
530	730
530	8592
5303	5303
5309	7037
531	7859
5312	5471
5312	8802
532	1927
532	1964
532	2347
532	5199
532	8377
532	9065
5328	6053
5328	9041
533	1548
533	4069
5332	5332
5332	6455
5332	8248
5332	9943
5335	5845
5335	6460
5335	7723
5335	7768
5338	5823
5343	5343
5345	9875
5346	5346
5346	6584
5346	9535
5348	8084
535	1685
535	535
535	5634
535	5715
535	799
5350	5350
5350	7188
5351	5351
5351	6330
5352	6523
5352	8741
5354	5571
5354	6223
5354	9402
5354	9812
5356	9101
5357	5773
5357	8521
5359	5427
5359	7038
5367	5367
5367	6674
5367	7956
5377	5377
5379	9476
5382	5382
5382	5892
5382	6870
5382	9339
5383	5383
5383	6403
5383	9133
5386	9873
539	6407
5390	8817
5393	5393
5393	6473
5393	9034
5394	6251
5394	6973
5398	5398
5398	5979
5398	6715
5398	7439
540	2057
540	4483
540	4693
540	5031
540	5848
540	6423
540	7971
540	8132
540	9280
540	9376
5403	5543
5404	5404
5404	5690
5404	8399
5404	9319
5408	6497
541	2962
541	2969
5415	5685
5415	6035
5415	6320
5415	8023
5415	8340
5415	9213
5415	9782
5420	8835
5423	5423
5423	5907
5423	9283
5423	9694
5425	5425
5425	5612
5425	7368
5425	8297
5426	7522
5446	6901
5447	5898
5447	7955
545	5047
545	6338
545	6359
545	6414
545	726
545	9501
5451	6497
5453	6189
5454	5488
5463	5463
5463	6738
5463	7335
5463	8925
5463	9805
5464	9748
5472	5692
5472	7241
5472	8505
5474	6816
5476	7492
548	6845
548	8679
5481	6283
5484	5484
5484	6420
5484	7592
5484	7686
5484	9506
5484	9640
5485	5485
5485	7526
5488	5488
5488	5837
5490	9966
5494	7971
5494	8080
5495	7673
5498	8550
55	2369
55	2721
55	357
55	4443
55	4541
55	5664
55	5849
55	5918
55	7426
55	767
55	8318
55	9766
5500	6177
5500	6517
5500	7525
5505	5505
5505	6533
5509	5509
5509	8624
5509	9379
5518	5518
5518	6957
5518	9912
5519	6901
552	2000
552	3257
552	4271
552	4787
552	4995
552	5191
552	552
552	5682
552	6241
552	6728
552	7214
552	7628
552	8096
552	848
552	888
552	9883
5521	8532
5521	9646
5522	9985
5524	5946
5524	6170
5529	9847
553	3058
553	4502
553	5463
553	553
553	6190
553	713
553	7331
553	7420
553	8974
5532	8085
5533	6938
5538	5538
5538	8473
5539	5991
5542	5542
5542	7276
5542	8303
5542	9502
5543	5546
5543	6589
5545	6197
5546	5546
5546	9414
5547	8737
555	9545
5550	6449
5550	6523
5550	7757
5551	7104
5551	8815
5553	5553
5553	8598
5553	9321
5553	9782
5555	5619
5555	8584
5558	5558
5558	6593
5558	7723
5558	9550
5559	7235
5559	8065
5561	5561
5561	8737
5561	8809
5561	9549
5561	9851
5563	6377
5563	7721
5567	8585
5572	9270
5576	6426
5576	7014
5576	9356
5587	5587
5587	6483
5587	6887
5587	6982
5599	8386
5599	8674
56	975
5601	5601
5601	7412
5603	5603
5603	8053
5603	8757
5603	9864
5608	5855
5608	6123
5608	6513
5608	7782
5608	8408
5608	9158
5608	9685
5608	9864
5608	9879
561	1595
561	6116
561	744
561	765
561	853
5611	5611
5611	5650
5611	7910
5611	9362
5615	9856
5619	7551
562	3950
562	562
562	9442
5622	9617
5626	6746
5626	9013
5626	9314
5627	6392
5636	7667
564	4824
564	564
564	7388
564	8437
5646	5658
5646	6351
5646	7745
5647	5647
565	1582
565	565
565	7132
565	8737
5650	7910
5650	9362
5652	9575
566	5509
566	566
566	6789
566	6949
5663	6879
5663	7065
5664	5664
5664	7150
5664	7211
5664	7728
5664	8586
5666	5666
5666	5925
5666	8173
5667	5667
5667	7082
5667	7907
5669	9912
567	4858
567	567
567	6042
5671	5671
5671	7223
5673	9892
5679	8435
5679	8581
568	568
568	6403
568	758
568	9133
5682	7214
5685	5685
5685	5997
5685	6020
5685	6554
5685	6639
5685	6738
5685	7241
5685	7335
5685	7626
5685	7627
5685	7675
5685	8216
5685	9805
5688	5688
569	1135
569	2838
569	2876
569	3118
569	3491
569	4899
569	4995
569	5663
569	569
569	7360
569	7624
569	7883
569	848
569	888
569	9395
569	942
5690	5690
5690	9558
5690	9799
5692	8505
5696	8091
57	2588
57	4734
57	5682
57	57
57	7214
57	7354
57	809
57	9037
57	9314
5701	7113
5701	7640
5706	5780
5707	8677
571	1402
571	571
5723	5723
5725	8098
5725	9190
5726	5726
5726	9074
573	573
573	7191
5730	8249
5732	7556
5739	5739
5739	7096
576	2994
5765	5963
5771	5771
5771	6141
5771	6667
5771	7513
5771	7536
5771	9029
5771	9743
5773	6631
5773	6970
5773	8521
5773	9961
5778	5936
5778	7743
5778	9121
5784	5784
5784	5995
5784	8523
5785	7346
5786	5786
5787	9424
579	666
5791	6716
5792	5792
5792	6884
5797	8490
5798	6872
5798	9375
5799	6250
5799	6798
5799	7503
5799	7510
5799	7867
58	2426
58	5001
58	521
58	677
58	9443
580	3632
580	580
580	6512
5806	5806
5811	7311
5814	8212
5814	9628
5815	7903
582	1477
582	2298
582	4483
582	582
582	6431
582	7882
582	7971
582	9165
582	9954
5824	5824
5824	6961
583	1267
583	1733
583	2442
583	9464
5831	6102
5836	7171
5836	7384
5840	6250
5840	6798
5840	7867
5841	6249
5841	6688
5841	7504
5845	6969
5845	9115
5845	9648
5847	9988
5848	7435
5849	5849
5849	7268
5849	8592
585	4555
585	585
5854	6917
5854	9313
5855	6123
5855	7967
5855	8024
5855	8628
5855	8728
5855	9524
5856	8293
586	1142
586	2714
586	4570
586	7548
586	8186
5864	6292
5864	7284
587	4298
5870	6627
5872	7983
5882	5882
5882	9636
5886	6591
5887	8158
5887	8507
589	1369
589	2027
589	9168
5891	5891
5892	6802
59	6612
59	8788
5900	5900
5900	6294
5902	5902
5902	7219
5902	7422
591	1216
591	2209
591	2248
591	3152
591	3928
591	4430
591	7144
5910	5910
5910	7257
5912	9816
5917	6500
5917	9339
5918	5918
5919	9789
5922	5979
5922	7405
5922	8747
5925	8173
5928	5928
5929	6051
5929	8052
5935	5935
5935	7242
5935	7453
5935	8677
5935	8947
5935	9449
5936	9121
5941	5941
5941	6103
5942	9423
5946	6170
5946	8440
5952	7698
5952	7761
5952	9046
5954	5954
596	5791
596	616
5961	8772
5964	9224
5966	8307
5968	9658
5969	7510
5969	7967
5979	7405
5979	8747
5980	5980
5980	9796
599	7032
5990	5990
5990	9072
5994	7872
5996	6550
5997	7626
5997	8216
5997	8853
6	4207
6002	8397
6003	6003
6003	7617
6006	8115
6009	8545
6014	6014
6036	6036
6039	6039
6043	6043
6043	8057
6047	6116
6047	9901
605	605
6051	8052
6051	8242
6051	8261
6051	8316
6051	9911
6062	6062
6062	6539
6062	9326
6069	8179
607	5841
607	607
607	7504
6075	9010
6076	6765
6079	6079
6079	6709
6083	6502
6086	6624
6086	7095
6089	7681
6094	7272
6094	8500
61	109
610	2110
610	610
610	7392
610	9055
6101	6426
6102	6102
6102	9298
6104	8445
6116	6116
6116	6213
6116	6595
6116	7350
6116	8004
6121	9402
6121	9812
6122	6122
6122	6782
6122	9948
6124	6455
6124	9943
6129	6129
6129	7021
6129	8933
6130	6130
6130	7047
6131	6131
6131	7839
6131	8647
6131	9590
6136	7209
6137	9090
6140	7325
6149	9342
6153	6838
6153	6949
6153	7158
6158	9432
616	2177
616	2493
616	616
616	8458
6170	8440
6170	9439
6174	6174
6174	6377
6176	7874
6176	8253
6176	9740
6177	7525
618	5799
618	7503
618	7510
618	7867
618	7967
618	803
618	8478
618	8776
6182	8853
6182	9379
6185	6185
6186	7335
6190	7331
6193	9630
6197	6197
6200	6200
6200	6573
6204	7188
6204	7296
6204	7843
6204	9606
621	3884
621	4430
621	7097
621	8816
6212	7514
6215	6295
6215	7428
6215	9659
6217	6217
6226	9321
6232	8139
6232	9013
6241	9883
6247	9509
6249	6688
6250	6798
6250	7867
6250	8352
6251	6973
6251	7934
6255	6255
6255	8380
6256	7439
6265	6528
6265	9048
6269	7064
6269	7754
6269	9866
627	1386
627	2318
6270	6270
6270	7098
6270	9728
6271	6271
6273	6604
6275	6275
6275	6886
6275	7562
6275	8163
6275	9156
6275	9907
6277	8635
6282	9025
6286	6286
6286	7304
6286	8816
6286	9346
6286	9741
629	6813
6292	7284
6296	9367
6297	6297
630	6075
630	630
6306	8863
6306	9329
631	2559
631	5215
631	5293
631	631
631	8826
631	9982
6311	6934
6311	9622
6319	9093
632	2813
632	5367
632	632
632	8873
6320	6320
6320	8023
6320	8340
6320	8972
6320	9213
6323	6323
6323	6496
6323	8048
6323	8874
6323	9979
6326	6326
6326	8117
6331	7730
6336	9349
634	4201
634	5608
634	5619
634	6513
634	6612
634	7551
634	7938
634	7967
634	8728
634	889
634	9685
6342	6342
6342	6855
6343	8345
6345	6345
6345	7538
6345	7982
6345	8966
6345	9963
6349	8252
6349	9103
6351	7745
6354	9423
6356	7070
6356	9433
6358	7201
6361	6361
6361	8158
6361	8348
6361	8490
6361	8600
6367	6738
6371	8978
6375	7542
6375	8070
6377	7535
6377	7721
6378	7244
638	2109
638	2807
638	4474
638	7352
6380	9434
6384	6384
6385	7774
6385	8475
6387	7501
6389	6389
6389	6545
6389	9127
6389	9260
6389	9591
639	4712
6392	7252
6392	9458
6397	8212
6398	6473
6398	9013
6405	7550
6405	9971
6417	6417
6417	9417
6420	9506
6423	6639
6423	7070
6423	7197
6423	7760
6423	8044
6423	8488
6423	8669
6426	7991
643	7066
6430	8283
6432	6432
6432	6631
6432	7723
6432	9594
6432	9961
6434	6476
6449	7757
6453	6453
6453	9365
6453	9806
6454	7796
6455	9943
6460	7295
6462	6462
6462	7374
6465	6465
6466	6466
6473	9013
6473	9034
6473	9319
6474	6474
6474	8325
6474	8624
6474	9119
6474	9505
6474	9673
6474	9732
6475	6475
6475	9468
6478	6540
6478	7921
6480	6480
6480	7545
6482	7538
6483	6982
6495	7718
6496	6602
6496	8925
65	4601
65	671
650	3362
6500	6500
6500	6543
6501	6501
6501	7761
6501	8381
6501	9977
6504	6518
6504	7554
6504	9270
6507	9976
6513	7967
6517	7525
6517	9460
6517	9812
6518	7554
6518	7723
6518	8465
6519	6882
6523	6636
6523	7822
6524	8686
6525	6525
6525	9738
6530	6530
6534	6534
6534	7856
6539	6539
6539	9100
654	2029
654	3877
654	4245
654	5282
654	5884
654	5997
654	6880
654	7626
654	7843
654	797
654	8422
6540	6721
6540	7921
6540	9731
6543	6543
6543	7666
6546	6546
6548	6962
6550	6799
6551	8391
6551	8980
6558	8606
656	7215
6567	6567
6567	8552
6569	6710
6569	8887
6575	6725
6575	6834
6575	8180
6577	9985
6584	9535
6589	8277
6593	6593
6593	9115
6599	9423
6602	6602
6602	8974
6602	9054
6609	7616
6609	9522
661	3879
661	7064
661	9766
6612	8788
6623	7325
6623	9054
6624	7095
6629	6629
6629	7062
663	8153
6631	9961
6633	7280
6635	6635
6636	6636
6638	6966
6638	9698
6639	7627
6639	9868
6650	6958
666	1428
666	1885
666	3115
6674	7956
6675	6842
6675	8737
6675	9394
668	1608
668	1950
668	1962
668	3536
668	3723
668	5546
668	5733
668	6080
668	7876
668	8915
668	9414
668	9488
668	9876
6686	7628
6686	8770
6686	9046
6690	6690
6690	7761
6690	7794
6690	9046
6690	9977
67	1248
67	2018
67	2295
67	5076
67	5695
67	67
67	745
67	7577
67	9210
6707	8616
6707	9199
671	3417
671	4601
671	4721
671	4921
6710	6770
6710	7057
6710	7914
6710	9476
6710	9784
6718	6718
6718	7832
6727	6727
6727	9742
673	7358
6733	6733
6733	9723
6738	6738
6738	6818
6738	7335
6738	7433
6738	7875
6738	8223
6738	8303
6738	9073
6738	9805
6740	8814
6747	9392
6749	7493
6749	7817
6749	8939
6755	7096
6764	6764
6764	8658
6764	9286
6768	8638
677	2426
677	7633
677	9443
6775	7715
6776	6776
6782	6782
6782	9948
6788	9624
6789	6789
679	5968
679	9017
6797	7990
6798	6798
6798	7510
68	5757
6801	7214
6801	9013
6801	9314
6804	7761
6804	9977
6808	7958
6810	7677
682	6972
682	6996
6836	7162
6848	7524
685	1569
685	9741
6851	6851
6856	6856
6856	9238
6861	7591
6861	9938
6862	9015
6862	9666
687	1344
687	2000
687	3257
687	4426
687	4985
687	5178
687	5221
687	5913
687	6116
687	6362
687	6686
687	687
687	729
687	7350
687	7628
6870	6991
6870	9339
6872	9375
6879	6879
6883	7576
6885	7632
6886	7456
6886	7847
6886	8163
6887	6982
689	5926
6894	8248
6894	8293
6896	8045
6898	9173
69	2227
69	5215
69	7349
69	8826
690	1564
690	2656
690	3894
690	4966
690	5583
690	5909
690	690
690	7526
6901	6901
6901	6938
6904	8232
6907	9240
6909	7747
6912	8803
6917	9313
6918	6918
6918	8397
692	692
693	1257
693	1710
693	1808
693	1864
693	1948
693	2229
693	2311
693	2529
693	2585
693	2748
693	3152
693	3212
693	3245
693	3285
693	3968
693	4430
693	4497
693	4765
693	5495
693	5542
693	6109
693	6392
693	6403
693	6707
693	6889
693	693
693	7276
693	7433
693	758
693	7673
693	8303
693	8460
693	8677
693	8864
693	8947
693	9199
693	9214
693	9458
693	9502
693	965
693	9709
693	9805
6930	9704
6934	9622
6938	6938
6939	6939
694	5411
694	694
6940	7575
6942	7687
6942	7975
6958	6958
6958	8295
6966	6966
6966	7538
6966	7626
6966	8033
6966	8252
6966	9963
6970	6970
6970	8365
6970	9464
6972	6996
698	1954
698	698
6988	6988
6988	7640
6991	6991
6991	8930
6991	9339
6997	8992
6999	6999
7	4124
7	427
7	7
7	8122
70	127
70	2383
70	3471
70	3478
70	4006
70	4289
70	4799
70	5394
70	6226
70	6251
70	6738
70	6818
70	6973
70	7673
7005	7005
7008	9269
701	1247
701	2668
701	3324
701	4215
7012	7012
7013	7013
7013	9545
7018	8318
7018	8765
7018	9106
7021	7021
7021	8249
7023	9983
7024	7024
7026	7026
7026	8925
7026	9465
7032	7032
7034	9993
704	4792
704	9833
7051	7051
7051	9074
7051	9361
7052	9365
706	8960
7062	7062
707	3814
707	8355
7070	7600
7070	9433
708	1716
708	708
708	7285
7082	7524
7082	8844
7088	7723
7089	7883
7092	8213
7093	7093
7096	7096
7096	7601
7097	7097
7097	8523
7097	8882
7098	9728
71	1720
71	71
71	8494
7101	7101
711	2128
711	2849
711	8898
7111	9223
712	5147
712	5719
712	712
712	7156
713	1994
713	2734
713	3179
713	3651
713	4521
713	4766
713	5463
713	6738
713	8575
713	8925
713	9250
713	953
7130	8625
7132	7132
7132	9914
7133	9534
7168	8588
717	2249
717	2622
717	8490
7172	8203
7185	8915
719	3928
719	719
719	7843
7193	9290
7193	9423
7196	7196
7196	7485
7196	8426
7196	8452
7197	7197
7197	8794
7197	8968
7198	7452
7200	8580
7209	9102
721	1444
721	1908
721	2004
721	3096
721	3188
721	5664
721	7211
721	8199
7214	7354
7214	8423
7214	9037
7214	9314
7219	7422
722	2316
7220	8684
7223	8279
723	1992
723	2342
723	3600
723	4466
723	5776
723	6051
723	8316
723	9911
724	6047
724	724
724	7794
724	9046
7241	7241
7242	7242
7242	7453
7242	9594
7246	8774
725	4981
7252	7252
726	6338
7263	7655
7268	7453
7268	8592
7268	9449
727	1919
727	2762
727	5604
727	727
727	8661
7272	8500
7276	7433
7276	7857
7276	9502
7278	9060
7278	9135
7279	7279
728	2471
728	2649
728	3170
728	728
728	9422
7286	7286
729	1344
729	2449
729	3350
729	5913
7295	7295
7295	7723
7295	9550
7296	7646
7296	9369
7296	9606
7298	7831
730	2776
730	4386
730	4737
730	4943
730	730
731	6454
731	7796
731	9916
7319	7319
7324	8775
7325	7325
7325	7908
7325	9054
7330	7330
7330	7533
7330	8863
7331	7420
7331	8974
7334	9940
7335	7335
7348	8489
7349	8826
7362	7362
7368	7368
7368	8297
7368	8382
7369	7369
7369	9900
738	738
7384	7384
739	1243
7396	7396
7396	7842
7396	9600
7397	8468
7397	9687
74	3101
7406	8547
7406	8654
7406	8904
7406	8991
741	5881
741	741
7410	7410
7410	9587
7417	8191
7417	8588
7426	7494
7428	9659
7433	7857
7433	8303
7433	9502
7433	9805
7435	7849
7439	8542
7442	8480
7442	9937
7449	7449
7449	7478
7449	9583
7453	7453
7453	8677
7453	9449
7455	7487
7455	9070
7469	7508
7471	7471
7471	7737
748	9377
7482	8309
7485	7485
7487	9070
749	2328
749	3538
749	4430
749	4765
749	5351
749	5784
749	7097
749	749
749	8523
749	8870
7493	8939
7498	8385
75	1363
75	1939
75	2415
75	2436
75	4544
75	4675
75	4936
75	6412
75	6632
75	7385
75	75
75	7812
75	802
75	8082
75	8942
75	9591
750	9291
7510	7510
7510	8776
7512	7512
7514	7514
7529	7529
7538	7538
7538	8910
7538	8966
7538	9003
7538	9963
754	5402
754	5599
754	754
754	8386
754	8674
7542	8070
7548	8186
755	5505
7550	9971
7556	8789
7561	8864
7562	7562
7566	7566
757	6520
757	9339
7577	8151
758	1057
758	1143
758	1289
758	1303
758	1411
758	1808
758	1864
758	1948
758	2235
758	3212
758	3651
758	3888
758	3968
758	5070
758	5542
758	5562
758	6403
758	6918
758	7276
758	7433
758	758
758	7857
758	8202
758	8893
758	9502
758	9709
758	9785
758	9805
7585	7585
7585	7889
7585	8055
7587	8957
7591	7867
7591	9938
7592	7686
7600	8853
7600	9433
7604	7604
7604	7874
7606	8029
7607	8714
761	1993
761	2981
761	5097
761	5139
761	6176
761	8253
761	9396
761	9740
7613	8520
7615	8585
7626	8216
7627	9096
7628	9046
7634	7634
7634	8599
7636	7636
7646	7648
7647	9842
765	1289
765	1595
765	2330
765	4739
765	7545
7651	7651
7651	8472
7651	8895
766	2578
766	3237
766	4748
766	4769
766	5855
766	5969
766	7510
766	7967
766	8024
766	9524
7666	7666
7666	9410
7670	9878
7673	8460
7686	9640
7690	8616
7694	9747
77	4430
77	5399
77	6195
77	77
7710	7710
7710	9394
772	4675
772	6062
772	6539
772	772
772	8942
772	9100
7723	8465
7723	8915
773	1724
773	2593
773	8632
7739	9124
7743	7969
7754	9866
776	1106
776	3391
776	3777
7760	7760
7761	7794
7761	8096
7761	9046
7761	9218
7761	9354
7761	9977
777	1925
777	2075
777	7072
777	777
777	9295
7774	8475
7778	7778
7779	7779
778	1276
778	1895
778	2783
778	5671
778	6609
778	7616
778	8905
778	9922
7782	7782
7782	9879
7794	8096
7794	9046
7794	9218
780	1248
780	2295
780	7577
780	8151
7804	7804
7806	8041
7810	7810
7810	9439
7813	7813
7814	9939
7817	7817
7817	8361
7817	9867
7823	9718
7824	9480
7827	7827
7838	7838
7838	8829
784	7739
784	784
784	9124
7840	8461
785	6253
7851	8812
7857	7857
7861	7861
7862	9028
7864	8071
787	787
7874	8253
7874	8995
7876	7876
7876	8488
7882	9165
7884	7884
7893	8974
791	791
791	8034
791	9113
7910	9362
7914	8265
7914	8755
792	1659
792	2276
792	3038
792	3851
792	3878
792	7168
792	7792
792	792
792	8271
792	8498
792	8588
792	9803
7922	8127
7925	7925
7925	8426
7926	7926
7935	9232
7938	8728
7938	9523
7939	7939
794	1893
794	2170
794	4481
794	4567
794	6429
794	794
794	8394
794	8432
794	9154
794	9407
7943	7943
7944	7944
7952	8717
796	1843
7961	7961
7967	8024
797	6564
797	7626
7971	8325
7971	9119
7971	9165
7971	9673
7971	9808
7971	9954
7985	8225
7986	7986
799	1724
799	1812
799	1950
799	2718
799	3183
799	3685
799	4399
799	5634
799	6371
799	8446
799	8978
799	9778
7997	8434
7998	7998
7999	9872
8006	8864
8006	9006
8008	8014
8013	9861
8017	9445
802	1064
802	1155
802	1217
802	1939
802	2513
802	5332
802	5952
802	6589
802	7385
802	802
802	8188
802	8277
802	8359
802	8452
802	8911
802	9591
8023	8023
8023	8972
8023	9213
8024	9524
8027	8027
8029	8029
803	1173
803	3108
803	5799
803	5840
803	6250
803	6798
803	7510
803	7867
803	7967
803	803
8033	8252
8034	9627
804	5479
8041	9550
8053	8757
8053	9864
8059	8059
8059	9746
806	3474
806	5155
806	6089
806	7681
806	806
8064	8064
8066	8066
8071	8615
8074	8407
808	1020
808	3405
808	6161
808	808
808	8983
8082	8888
8086	8086
809	3964
809	4509
809	4641
809	4734
809	5256
809	5472
809	6319
809	7241
809	7354
809	8664
809	9093
809	9817
8098	9190
81	3746
81	81
8106	8414
8110	8110
8117	8117
8138	8319
814	1186
814	2406
814	3463
814	4322
814	6342
814	6855
814	814
814	9091
814	9192
8158	8507
8163	8163
8177	8177
8177	9415
8188	8359
8196	9710
820	4508
820	8178
820	820
8212	9628
8213	8213
8213	9902
8220	8220
8221	9280
8225	8225
8225	9748
8229	8229
8236	8660
8236	8785
824	9595
8242	9591
8242	9871
8242	9977
8248	8293
8248	8485
825	2486
825	3240
825	3695
825	5622
825	825
825	9617
8263	8263
8263	9609
8265	8755
827	4706
827	827
8279	8279
8279	9242
8279	9328
828	3782
8297	9644
83	1190
83	2632
83	2659
83	5365
8300	8300
8300	9738
831	5699
831	831
8313	8313
8316	8316
8316	9439
8316	9911
8318	8318
8325	9165
8325	9699
8336	8673
8341	8345
8341	8742
8341	9776
8345	8742
8345	9776
835	8723
835	8897
8359	9689
836	1544
836	4840
8363	8363
8372	8372
8378	9349
8386	8674
8392	9822
8397	9381
84	6593
8403	8403
841	1424
841	2763
841	3750
841	6593
8414	8414
842	2866
842	7646
842	7648
842	9110
8421	9392
8422	8705
8423	9037
843	2734
843	3776
843	4340
843	7600
8437	9324
845	1131
845	3006
845	3445
845	5142
845	6582
845	7594
845	7946
845	845
8452	8452
8452	9591
8453	8584
846	3977
846	4133
8468	9687
8475	8475
848	4787
848	4899
848	8863
8480	9985
8485	8485
8485	8753
8490	8490
85	1026
85	2211
85	8273
8502	8502
8505	8505
8513	8513
8517	8517
8522	9423
8523	8523
8526	8526
8527	8527
853	1694
853	2174
853	5102
853	6047
853	6116
853	6595
853	7350
853	853
853	9901
8532	8972
8535	8535
8537	9465
8547	8654
8547	8991
8550	8550
8558	8558
8564	8564
8568	9015
8568	9767
8574	8658
858	1706
858	3350
858	4211
858	5315
858	5994
858	7872
858	8079
8582	8860
8583	9046
8584	8584
8584	9523
8593	9814
8593	9970
8598	8598
8598	9321
8598	9782
86	3932
86	86
86	9767
8600	8600
8606	8658
8606	8833
8606	9110
8616	8616
862	7417
862	8191
8624	9505
8637	9644
8647	8647
8647	9031
865	5942
865	6354
865	6599
865	7193
865	865
865	9423
8654	8904
866	1417
866	1747
866	2041
866	3923
866	4322
866	4527
866	4528
866	4648
866	5925
866	6746
866	7141
866	866
8660	8785
8666	8666
8669	8853
8675	9013
8677	8947
8678	8678
8678	9522
8684	8684
869	9510
87	4179
87	87
870	1341
870	1716
870	2327
870	3393
870	4473
870	5244
870	6325
870	7469
870	9699
8705	8705
8705	9946
8718	8718
8723	8897
8727	9708
8728	8728
8728	9685
8729	8729
873	3358
8731	8731
8732	8732
8737	9144
874	874
874	9114
8742	9776
8747	8747
8763	8763
8765	8765
8765	9106
8799	8799
880	5838
881	7569
881	881
882	6041
882	8598
882	882
882	9321
882	9782
8835	8835
8835	9694
8835	9906
884	2519
884	6215
884	6295
8853	9673
886	3837
886	3955
886	8658
886	886
886	9286
8864	9006
8867	8867
8867	9050
8875	9648
888	3699
888	4995
888	6241
888	9883
889	4201
889	6513
889	6612
889	8728
8909	8909
8909	9059
8933	8933
8935	9249
8957	8957
896	4147
896	896
8961	8961
8966	8966
8966	9963
8968	8977
898	1541
898	5009
898	5379
898	6710
898	898
898	9476
898	9976
8983	9232
899	3869
8991	9840
8999	8999
8999	9590
90	2492
90	621
90	7097
90	8882
900	7193
900	8590
900	900
900	9290
9004	9784
9013	9314
9015	9015
9015	9666
9015	9767
9017	9017
902	1108
902	1175
902	1424
902	1437
902	1655
902	1821
902	5335
902	5845
902	6311
902	6593
902	7049
902	9017
902	902
902	9115
9037	9314
905	1287
905	2820
9060	9135
9073	9073
9073	9484
9074	9361
9085	9085
9088	9765
9096	9096
91	471
91	91
910	5547
910	7999
910	9872
9119	9673
9125	9125
913	1980
913	2001
913	2630
913	2711
913	3416
913	3497
913	5910
913	7324
913	8775
913	9679
9132	9614
9137	9137
914	1180
914	7884
9144	9144
916	1267
916	4469
916	6862
916	8168
916	9015
916	9666
9165	9699
9168	9168
919	3964
919	4867
919	5941
919	6103
919	919
92	1018
92	1582
92	5183
92	6848
92	8197
92	8546
92	8685
92	8962
92	92
921	4389
9222	9878
9232	9232
9233	9971
924	5163
924	5623
924	6058
9283	9283
9291	9291
9294	9294
930	4320
930	947
930	9741
931	1304
931	2212
931	931
9319	9319
9328	9328
933	5463
933	933
933	9560
9336	9336
9339	9339
936	3179
936	3393
936	5161
936	9103
9369	9606
937	8279
937	9242
939	2208
939	2483
939	3655
939	5771
939	7111
939	8522
939	939
9398	9398
94	4603
94	7297
94	94
940	1414
940	1542
940	1653
940	1793
940	1824
940	2073
940	2752
940	3597
940	3807
940	3866
940	5406
940	5917
940	940
940	9490
940	9670
940	9806
9414	9488
9414	9952
942	2838
942	5048
942	6915
942	7624
942	7883
9429	9429
9436	9436
9438	9438
9440	9718
9447	9892
9465	9882
9476	9976
9479	9479
948	1757
948	2199
948	5117
948	5425
948	5587
948	6483
948	6982
948	7368
948	8023
948	8297
948	8637
948	8972
948	948
948	9644
95	3565
95	3955
95	4645
95	95
9502	9502
9502	9709
951	3981
951	951
9523	9523
953	2007
953	2401
953	5463
953	6738
953	953
9533	9840
9534	9534
9538	9538
954	2569
954	5354
954	5571
954	6223
954	8198
954	9347
954	9402
954	9812
9547	9547
9547	9797
9548	9548
9555	9590
9558	9558
9558	9799
957	2705
957	3423
957	3818
957	4614
957	4707
957	5463
957	5561
957	5626
957	6496
957	6602
957	8809
957	9549
9591	9591
9615	9615
9631	9631
9643	9643
965	1411
965	1948
965	2071
965	2208
965	4116
965	4600
965	4677
965	4703
965	5771
965	6141
965	7536
965	9029
965	9743
9658	9658
9661	9661
9708	9987
971	6952
9714	9714
9718	9734
972	7780
973	3279
975	1472
9769	9769
977	4751
9777	9777
9778	9778
978	3781
978	4661
98	5141
98	98
980	1580
9803	9803
9806	9806
9808	9808
981	8568
9812	9812
9812	9943
9814	9970
9817	9817
9824	9853
985	2527
985	985
986	2798
986	7214
986	9037
986	9314
9862	9862
9875	9875
9878	9878
988	5318
988	988
9908	9908
991	5247
993	1390
993	2786
993	5857
9956	9956
9958	9958
996	1880
996	2041
996	3541
996	4648
996	5626
996	5845
996	6102
996	6746
996	8041
996	8151
996	9550
996	997
997	6746
9971	9971
